                            OLS Regression Results                            
==============================================================================
Dep. Variable:              sd_pooled   R-squared:                       0.560
Model:                            OLS   Adj. R-squared:                  0.553
Method:                 Least Squares   F-statistic:                     78.64
Date:                Sun, 29 Mar 2026   Prob (F-statistic):               0.00
Time:                        15:40:50   Log-Likelihood:                 526.37
No. Observations:                4012   AIC:                            -922.7
Df Residuals:                    3947   BIC:                            -513.4
Df Model:                          64                                         
Covariance Type:            nonrobust                                         
============================================================================================
                               coef    std err          t      P>|t|      [0.025      0.975]
--------------------------------------------------------------------------------------------
const                        3.3880      0.048     69.870      0.000       3.293       3.483
FLead                        0.0475      0.008      5.899      0.000       0.032       0.063
mean_pooled                 -0.2347      0.004    -53.295      0.000      -0.243      -0.226
kim_violence_gore            0.0137      0.003      5.432      0.000       0.009       0.019
kim_sex_nudity               0.0082      0.002      4.251      0.000       0.004       0.012
kim_language                -0.0140      0.002     -7.447      0.000      -0.018      -0.010
major                       -0.0396      0.008     -4.913      0.000      -0.055      -0.024
log_bom_opening_theaters     0.0053      0.002      2.999      0.003       0.002       0.009
genres_count                -0.0115      0.007     -1.705      0.088      -0.025       0.002
yr_1993                     -0.0059      0.035     -0.170      0.865      -0.074       0.062
yr_1994                     -0.0027      0.035     -0.078      0.938      -0.072       0.066
yr_1995                      0.0439      0.035      1.262      0.207      -0.024       0.112
yr_1996                      0.0073      0.034      0.215      0.830      -0.060       0.074
yr_1997                      0.0085      0.035      0.243      0.808      -0.060       0.077
yr_1998                      0.0595      0.034      1.777      0.076      -0.006       0.125
yr_1999                      0.0631      0.033      1.934      0.053      -0.001       0.127
yr_2000                     -0.0040      0.034     -0.118      0.906      -0.070       0.062
yr_2001                      0.0599      0.033      1.813      0.070      -0.005       0.125
yr_2002                      0.0194      0.032      0.597      0.551      -0.044       0.083
yr_2003                      0.0038      0.033      0.117      0.907      -0.060       0.068
yr_2004                      0.0678      0.032      2.091      0.037       0.004       0.131
yr_2005                      0.0530      0.032      1.645      0.100      -0.010       0.116
yr_2006                      0.1034      0.032      3.233      0.001       0.041       0.166
yr_2007                      0.1164      0.032      3.654      0.000       0.054       0.179
yr_2008                      0.0585      0.032      1.822      0.069      -0.004       0.121
yr_2009                      0.0386      0.032      1.190      0.234      -0.025       0.102
yr_2010                      0.0320      0.032      0.988      0.323      -0.032       0.096
yr_2011                      0.0359      0.032      1.129      0.259      -0.026       0.098
yr_2012                      0.0198      0.032      0.625      0.532      -0.042       0.082
yr_2013                      0.0113      0.032      0.356      0.722      -0.051       0.074
yr_2014                      0.0421      0.032      1.305      0.192      -0.021       0.105
yr_2015                     -0.0271      0.032     -0.846      0.398      -0.090       0.036
yr_2016                     -0.0328      0.032     -1.016      0.310      -0.096       0.030
yr_2017                      0.0233      0.033      0.715      0.475      -0.041       0.087
yr_2018                      0.0179      0.033      0.548      0.584      -0.046       0.082
mo_2                         0.0090      0.019      0.461      0.645      -0.029       0.047
mo_3                        -0.0040      0.019     -0.217      0.828      -0.040       0.032
mo_4                         0.0016      0.019      0.084      0.933      -0.035       0.038
mo_5                        -0.0110      0.020     -0.559      0.576      -0.050       0.028
mo_6                        -0.0250      0.019     -1.284      0.199      -0.063       0.013
mo_7                        -0.0208      0.019     -1.101      0.271      -0.058       0.016
mo_8                        -0.0245      0.018     -1.343      0.180      -0.060       0.011
mo_9                        -0.0271      0.019     -1.460      0.144      -0.064       0.009
mo_10                       -0.0062      0.018     -0.339      0.734      -0.042       0.030
mo_11                       -0.0215      0.019     -1.148      0.251      -0.058       0.015
mo_12                       -0.0260      0.018     -1.430      0.153      -0.062       0.010
genre_Action                -0.0584      0.011     -5.513      0.000      -0.079      -0.038
genre_Adventure             -0.0065      0.011     -0.573      0.566      -0.029       0.016
genre_Animation             -0.0290      0.018     -1.609      0.108      -0.064       0.006
genre_Biography             -0.0914      0.014     -6.411      0.000      -0.119      -0.063
genre_Comedy                -0.0002      0.010     -0.025      0.980      -0.019       0.018
genre_Crime                 -0.0879      0.010     -8.566      0.000      -0.108      -0.068
genre_Drama                  0.0145      0.010      1.528      0.127      -0.004       0.033
genre_Family                 0.0679      0.015      4.661      0.000       0.039       0.096
genre_Fantasy                0.0047      0.013      0.375      0.708      -0.020       0.030
genre_History                0.0191      0.020      0.936      0.349      -0.021       0.059
genre_Horror                -0.0388      0.015     -2.665      0.008      -0.067      -0.010
genre_Music                  0.1144      0.019      5.978      0.000       0.077       0.152
genre_Musical                0.3256      0.043      7.531      0.000       0.241       0.410
genre_Mystery               -0.0566      0.013     -4.495      0.000      -0.081      -0.032
genre_News               -6.703e-18   7.89e-18     -0.849      0.396   -2.22e-17    8.78e-18
genre_Romance               -0.0121      0.010     -1.191      0.234      -0.032       0.008
genre_Sci_Fi                -0.0131      0.014     -0.965      0.334      -0.040       0.014
genre_Short               7.816e-18   4.89e-18      1.598      0.110   -1.77e-18    1.74e-17
genre_Sport                 -0.0368      0.021     -1.771      0.077      -0.077       0.004
genre_Thriller              -0.0754      0.011     -7.067      0.000      -0.096      -0.054
genre_War                    0.0018      0.029      0.060      0.952      -0.055       0.059
genre_Western               -0.0535      0.052     -1.037      0.300      -0.154       0.048
==============================================================================
Omnibus:                     1645.661   Durbin-Watson:                   2.009
Prob(Omnibus):                  0.000   Jarque-Bera (JB):            13168.091
Skew:                           1.751   Prob(JB):                         0.00
Kurtosis:                      11.155   Cond. No.                     1.02e+16
==============================================================================

Notes:
[1] Standard Errors assume that the covariance matrix of the errors is correctly specified.
[2] The smallest eigenvalue is 6.39e-27. This might indicate that there are
strong multicollinearity problems or that the design matrix is singular.