                            OLS Regression Results                            
==============================================================================
Dep. Variable:              sd_pooled   R-squared:                       0.557
Model:                            OLS   Adj. R-squared:                  0.550
Method:                 Least Squares   F-statistic:                     77.67
Date:                Tue, 31 Mar 2026   Prob (F-statistic):               0.00
Time:                        20:07:08   Log-Likelihood:                 512.55
No. Observations:                4012   AIC:                            -895.1
Df Residuals:                    3947   BIC:                            -485.8
Df Model:                          64                                         
Covariance Type:            nonrobust                                         
============================================================================================
                               coef    std err          t      P>|t|      [0.025      0.975]
--------------------------------------------------------------------------------------------
const                        3.3747      0.049     69.396      0.000       3.279       3.470
FLead                        0.0504      0.008      6.250      0.000       0.035       0.066
mean_pooled                 -0.2353      0.004    -53.221      0.000      -0.244      -0.227
kim_violence_gore            0.0100      0.003      3.930      0.000       0.005       0.015
kim_sex_nudity               0.0094      0.002      4.541      0.000       0.005       0.013
kim_language                -0.0082      0.002     -4.694      0.000      -0.012      -0.005
major                       -0.0388      0.008     -4.802      0.000      -0.055      -0.023
log_bom_opening_theaters     0.0056      0.002      3.132      0.002       0.002       0.009
genres_count                -0.0071      0.007     -1.042      0.298      -0.020       0.006
yr_1993                     -0.0022      0.035     -0.064      0.949      -0.070       0.066
yr_1994                      0.0025      0.035      0.071      0.943      -0.067       0.072
yr_1995                      0.0434      0.035      1.244      0.214      -0.025       0.112
yr_1996                      0.0007      0.034      0.022      0.983      -0.066       0.068
yr_1997                      0.0048      0.035      0.137      0.891      -0.064       0.073
yr_1998                      0.0548      0.034      1.630      0.103      -0.011       0.121
yr_1999                      0.0544      0.033      1.660      0.097      -0.010       0.119
yr_2000                     -0.0093      0.034     -0.275      0.783      -0.076       0.057
yr_2001                      0.0568      0.033      1.712      0.087      -0.008       0.122
yr_2002                      0.0154      0.033      0.473      0.636      -0.049       0.079
yr_2003                      0.0018      0.033      0.054      0.957      -0.063       0.066
yr_2004                      0.0660      0.033      2.022      0.043       0.002       0.130
yr_2005                      0.0512      0.032      1.583      0.114      -0.012       0.115
yr_2006                      0.1018      0.032      3.167      0.002       0.039       0.165
yr_2007                      0.1147      0.032      3.582      0.000       0.052       0.178
yr_2008                      0.0525      0.032      1.627      0.104      -0.011       0.116
yr_2009                      0.0339      0.033      1.037      0.300      -0.030       0.098
yr_2010                      0.0263      0.033      0.808      0.419      -0.038       0.090
yr_2011                      0.0304      0.032      0.951      0.342      -0.032       0.093
yr_2012                      0.0125      0.032      0.393      0.694      -0.050       0.075
yr_2013                      0.0044      0.032      0.136      0.892      -0.058       0.067
yr_2014                      0.0352      0.032      1.087      0.277      -0.028       0.099
yr_2015                     -0.0370      0.032     -1.151      0.250      -0.100       0.026
yr_2016                     -0.0407      0.032     -1.257      0.209      -0.104       0.023
yr_2017                      0.0177      0.033      0.541      0.589      -0.046       0.082
yr_2018                      0.0073      0.033      0.224      0.823      -0.057       0.072
mo_2                         0.0119      0.020      0.609      0.543      -0.026       0.050
mo_3                        -0.0036      0.019     -0.194      0.846      -0.040       0.033
mo_4                         0.0021      0.019      0.113      0.910      -0.035       0.039
mo_5                        -0.0076      0.020     -0.384      0.701      -0.046       0.031
mo_6                        -0.0238      0.020     -1.218      0.223      -0.062       0.015
mo_7                        -0.0209      0.019     -1.099      0.272      -0.058       0.016
mo_8                        -0.0228      0.018     -1.242      0.214      -0.059       0.013
mo_9                        -0.0274      0.019     -1.467      0.142      -0.064       0.009
mo_10                       -0.0060      0.018     -0.329      0.742      -0.042       0.030
mo_11                       -0.0194      0.019     -1.029      0.304      -0.056       0.018
mo_12                       -0.0233      0.018     -1.278      0.201      -0.059       0.012
genre_Action                -0.0561      0.011     -5.261      0.000      -0.077      -0.035
genre_Adventure             -0.0001      0.011     -0.012      0.991      -0.022       0.022
genre_Animation             -0.0152      0.018     -0.846      0.398      -0.050       0.020
genre_Biography             -0.0950      0.014     -6.643      0.000      -0.123      -0.067
genre_Comedy                -0.0137      0.009     -1.456      0.145      -0.032       0.005
genre_Crime                 -0.0993      0.010     -9.766      0.000      -0.119      -0.079
genre_Drama                  0.0097      0.010      1.018      0.309      -0.009       0.028
genre_Family                 0.0809      0.015      5.557      0.000       0.052       0.109
genre_Fantasy                0.0101      0.013      0.796      0.426      -0.015       0.035
genre_History                0.0292      0.020      1.430      0.153      -0.011       0.069
genre_Horror                -0.0365      0.015     -2.489      0.013      -0.065      -0.008
genre_Music                  0.1040      0.019      5.424      0.000       0.066       0.142
genre_Musical                0.3307      0.043      7.626      0.000       0.246       0.416
genre_Mystery               -0.0606      0.013     -4.791      0.000      -0.085      -0.036
genre_News                3.614e-18   6.43e-18      0.562      0.574      -9e-18    1.62e-17
genre_Romance               -0.0169      0.010     -1.629      0.103      -0.037       0.003
genre_Sci_Fi                -0.0155      0.014     -1.136      0.256      -0.042       0.011
genre_Short              -1.873e-18   1.52e-18     -1.229      0.219   -4.86e-18    1.12e-18
genre_Sport                 -0.0405      0.021     -1.945      0.052      -0.081       0.000
genre_Thriller              -0.0818      0.011     -7.689      0.000      -0.103      -0.061
genre_War                    0.0043      0.029      0.147      0.883      -0.053       0.062
genre_Western               -0.0449      0.052     -0.869      0.385      -0.146       0.056
==============================================================================
Omnibus:                     1681.648   Durbin-Watson:                   2.005
Prob(Omnibus):                  0.000   Jarque-Bera (JB):            14062.137
Skew:                           1.783   Prob(JB):                         0.00
Kurtosis:                      11.450   Cond. No.                     1.02e+16
==============================================================================

Notes:
[1] Standard Errors assume that the covariance matrix of the errors is correctly specified.
[2] The smallest eigenvalue is 6.37e-27. This might indicate that there are
strong multicollinearity problems or that the design matrix is singular.