                            OLS Regression Results                            
==============================================================================
Dep. Variable:              sd_pooled   R-squared:                       0.562
Model:                            OLS   Adj. R-squared:                  0.555
Method:                 Least Squares   F-statistic:                     79.07
Date:                Tue, 31 Mar 2026   Prob (F-statistic):               0.00
Time:                        11:08:57   Log-Likelihood:                 532.51
No. Observations:                4012   AIC:                            -935.0
Df Residuals:                    3947   BIC:                            -525.7
Df Model:                          64                                         
Covariance Type:            nonrobust                                         
============================================================================================
                               coef    std err          t      P>|t|      [0.025      0.975]
--------------------------------------------------------------------------------------------
const                        3.3829      0.048     69.991      0.000       3.288       3.478
FLead                        0.0469      0.008      5.829      0.000       0.031       0.063
mean_pooled                 -0.2337      0.004    -53.060      0.000      -0.242      -0.225
kim_violence_gore            0.0123      0.003      4.817      0.000       0.007       0.017
kim_sex_nudity               0.0111      0.002      5.498      0.000       0.007       0.015
kim_language                -0.0148      0.002     -7.902      0.000      -0.018      -0.011
major                       -0.0399      0.008     -4.957      0.000      -0.056      -0.024
log_bom_opening_theaters     0.0056      0.002      3.144      0.002       0.002       0.009
genres_count                -0.0097      0.007     -1.439      0.150      -0.023       0.004
yr_1993                     -0.0077      0.034     -0.224      0.823      -0.075       0.060
yr_1994                     -0.0046      0.035     -0.130      0.896      -0.074       0.064
yr_1995                      0.0420      0.035      1.211      0.226      -0.026       0.110
yr_1996                      0.0071      0.034      0.207      0.836      -0.060       0.074
yr_1997                      0.0110      0.035      0.316      0.752      -0.057       0.079
yr_1998                      0.0571      0.033      1.707      0.088      -0.008       0.123
yr_1999                      0.0589      0.033      1.808      0.071      -0.005       0.123
yr_2000                     -0.0103      0.034     -0.306      0.760      -0.076       0.056
yr_2001                      0.0542      0.033      1.640      0.101      -0.011       0.119
yr_2002                      0.0151      0.032      0.466      0.641      -0.049       0.079
yr_2003                     -0.0014      0.033     -0.044      0.965      -0.066       0.063
yr_2004                      0.0598      0.032      1.840      0.066      -0.004       0.123
yr_2005                      0.0466      0.032      1.447      0.148      -0.017       0.110
yr_2006                      0.0955      0.032      2.986      0.003       0.033       0.158
yr_2007                      0.1091      0.032      3.423      0.001       0.047       0.172
yr_2008                      0.0508      0.032      1.585      0.113      -0.012       0.114
yr_2009                      0.0304      0.033      0.935      0.350      -0.033       0.094
yr_2010                      0.0250      0.032      0.771      0.441      -0.039       0.088
yr_2011                      0.0283      0.032      0.889      0.374      -0.034       0.091
yr_2012                      0.0136      0.032      0.430      0.667      -0.048       0.076
yr_2013                      0.0057      0.032      0.178      0.859      -0.057       0.068
yr_2014                      0.0383      0.032      1.188      0.235      -0.025       0.101
yr_2015                     -0.0329      0.032     -1.029      0.303      -0.096       0.030
yr_2016                     -0.0370      0.032     -1.147      0.252      -0.100       0.026
yr_2017                      0.0197      0.033      0.606      0.545      -0.044       0.084
yr_2018                      0.0133      0.033      0.407      0.684      -0.051       0.077
mo_2                         0.0078      0.019      0.400      0.689      -0.030       0.046
mo_3                        -0.0040      0.019     -0.216      0.829      -0.040       0.032
mo_4                         0.0004      0.019      0.023      0.981      -0.036       0.037
mo_5                        -0.0125      0.020     -0.634      0.526      -0.051       0.026
mo_6                        -0.0253      0.019     -1.300      0.194      -0.063       0.013
mo_7                        -0.0235      0.019     -1.241      0.215      -0.061       0.014
mo_8                        -0.0250      0.018     -1.371      0.170      -0.061       0.011
mo_9                        -0.0277      0.019     -1.494      0.135      -0.064       0.009
mo_10                       -0.0074      0.018     -0.404      0.686      -0.043       0.028
mo_11                       -0.0240      0.019     -1.280      0.201      -0.061       0.013
mo_12                       -0.0262      0.018     -1.448      0.148      -0.062       0.009
genre_Action                -0.0558      0.011     -5.258      0.000      -0.077      -0.035
genre_Adventure             -0.0058      0.011     -0.517      0.605      -0.028       0.016
genre_Animation             -0.0279      0.018     -1.552      0.121      -0.063       0.007
genre_Biography             -0.0918      0.014     -6.449      0.000      -0.120      -0.064
genre_Comedy                -0.0029      0.010     -0.306      0.760      -0.022       0.016
genre_Crime                 -0.0891      0.010     -8.699      0.000      -0.109      -0.069
genre_Drama                  0.0136      0.010      1.426      0.154      -0.005       0.032
genre_Family                 0.0709      0.015      4.866      0.000       0.042       0.099
genre_Fantasy                0.0041      0.013      0.323      0.747      -0.021       0.029
genre_History                0.0183      0.020      0.898      0.369      -0.022       0.058
genre_Horror                -0.0347      0.015     -2.375      0.018      -0.063      -0.006
genre_Music                  0.1117      0.019      5.843      0.000       0.074       0.149
genre_Musical                0.3189      0.043      7.383      0.000       0.234       0.404
genre_Mystery               -0.0584      0.013     -4.642      0.000      -0.083      -0.034
genre_News               -5.938e-18   3.43e-18     -1.733      0.083   -1.27e-17    7.81e-19
genre_Romance               -0.0179      0.010     -1.736      0.083      -0.038       0.002
genre_Sci_Fi                -0.0128      0.014     -0.946      0.344      -0.039       0.014
genre_Short              -1.636e-18   1.92e-18     -0.852      0.394    -5.4e-18    2.13e-18
genre_Sport                 -0.0376      0.021     -1.814      0.070      -0.078       0.003
genre_Thriller              -0.0741      0.011     -6.959      0.000      -0.095      -0.053
genre_War                    0.0096      0.029      0.331      0.741      -0.048       0.067
genre_Western               -0.0481      0.051     -0.935      0.350      -0.149       0.053
==============================================================================
Omnibus:                     1645.991   Durbin-Watson:                   2.006
Prob(Omnibus):                  0.000   Jarque-Bera (JB):            13297.239
Skew:                           1.748   Prob(JB):                         0.00
Kurtosis:                      11.205   Cond. No.                     1.02e+16
==============================================================================

Notes:
[1] Standard Errors assume that the covariance matrix of the errors is correctly specified.
[2] The smallest eigenvalue is 6.38e-27. This might indicate that there are
strong multicollinearity problems or that the design matrix is singular.