                            OLS Regression Results                            
==============================================================================
Dep. Variable:              sd_pooled   R-squared:                       0.561
Model:                            OLS   Adj. R-squared:                  0.554
Method:                 Least Squares   F-statistic:                     78.97
Date:                Tue, 31 Mar 2026   Prob (F-statistic):               0.00
Time:                        17:43:53   Log-Likelihood:                 531.10
No. Observations:                4012   AIC:                            -932.2
Df Residuals:                    3947   BIC:                            -522.9
Df Model:                          64                                         
Covariance Type:            nonrobust                                         
============================================================================================
                               coef    std err          t      P>|t|      [0.025      0.975]
--------------------------------------------------------------------------------------------
const                        3.3953      0.048     70.582      0.000       3.301       3.490
FLead                        0.0463      0.008      5.755      0.000       0.031       0.062
mean_pooled                 -0.2341      0.004    -52.862      0.000      -0.243      -0.225
kim_violence_gore            0.0122      0.003      4.758      0.000       0.007       0.017
kim_sex_nudity               0.0113      0.002      5.592      0.000       0.007       0.015
kim_language                -0.0149      0.002     -7.974      0.000      -0.019      -0.011
major                       -0.0377      0.008     -4.609      0.000      -0.054      -0.022
log_bom_opening_theaters     0.0039      0.002      2.269      0.023       0.001       0.007
genres_count                -0.0086      0.007     -1.277      0.202      -0.022       0.005
yr_1993                     -0.0082      0.034     -0.238      0.812      -0.076       0.059
yr_1994                     -0.0068      0.035     -0.193      0.847      -0.076       0.062
yr_1995                      0.0428      0.035      1.235      0.217      -0.025       0.111
yr_1996                      0.0069      0.034      0.201      0.841      -0.060       0.074
yr_1997                      0.0117      0.035      0.338      0.735      -0.056       0.080
yr_1998                      0.0577      0.033      1.724      0.085      -0.008       0.123
yr_1999                      0.0583      0.033      1.789      0.074      -0.006       0.122
yr_2000                     -0.0086      0.034     -0.257      0.797      -0.074       0.057
yr_2001                      0.0549      0.033      1.664      0.096      -0.010       0.120
yr_2002                      0.0153      0.032      0.472      0.637      -0.048       0.079
yr_2003                     -0.0017      0.033     -0.051      0.959      -0.066       0.062
yr_2004                      0.0608      0.032      1.874      0.061      -0.003       0.124
yr_2005                      0.0461      0.032      1.432      0.152      -0.017       0.109
yr_2006                      0.0956      0.032      2.990      0.003       0.033       0.158
yr_2007                      0.1107      0.032      3.475      0.001       0.048       0.173
yr_2008                      0.0515      0.032      1.606      0.108      -0.011       0.114
yr_2009                      0.0315      0.032      0.971      0.332      -0.032       0.095
yr_2010                      0.0250      0.032      0.773      0.440      -0.038       0.089
yr_2011                      0.0275      0.032      0.866      0.387      -0.035       0.090
yr_2012                      0.0120      0.032      0.380      0.704      -0.050       0.074
yr_2013                      0.0037      0.032      0.115      0.909      -0.059       0.066
yr_2014                      0.0381      0.032      1.182      0.237      -0.025       0.101
yr_2015                     -0.0335      0.032     -1.047      0.295      -0.096       0.029
yr_2016                     -0.0358      0.032     -1.109      0.268      -0.099       0.027
yr_2017                      0.0199      0.033      0.611      0.541      -0.044       0.084
yr_2018                      0.0142      0.033      0.435      0.664      -0.050       0.078
mo_2                         0.0081      0.019      0.417      0.677      -0.030       0.046
mo_3                        -0.0059      0.019     -0.316      0.752      -0.042       0.030
mo_4                        -0.0007      0.019     -0.037      0.970      -0.037       0.036
mo_5                        -0.0151      0.020     -0.768      0.443      -0.054       0.024
mo_6                        -0.0269      0.019     -1.385      0.166      -0.065       0.011
mo_7                        -0.0250      0.019     -1.322      0.186      -0.062       0.012
mo_8                        -0.0262      0.018     -1.436      0.151      -0.062       0.010
mo_9                        -0.0281      0.019     -1.515      0.130      -0.065       0.008
mo_10                       -0.0088      0.018     -0.480      0.631      -0.044       0.027
mo_11                       -0.0258      0.019     -1.376      0.169      -0.063       0.011
mo_12                       -0.0316      0.018     -1.758      0.079      -0.067       0.004
genre_Action                -0.0540      0.011     -5.091      0.000      -0.075      -0.033
genre_Adventure             -0.0050      0.011     -0.446      0.656      -0.027       0.017
genre_Animation             -0.0284      0.018     -1.581      0.114      -0.064       0.007
genre_Biography             -0.0938      0.014     -6.597      0.000      -0.122      -0.066
genre_Comedy                -0.0030      0.010     -0.317      0.751      -0.022       0.016
genre_Crime                 -0.0892      0.010     -8.697      0.000      -0.109      -0.069
genre_Drama                  0.0101      0.009      1.071      0.284      -0.008       0.028
genre_Family                 0.0721      0.015      4.948      0.000       0.044       0.101
genre_Fantasy                0.0039      0.013      0.305      0.760      -0.021       0.029
genre_History                0.0172      0.020      0.841      0.400      -0.023       0.057
genre_Horror                -0.0333      0.015     -2.282      0.023      -0.062      -0.005
genre_Music                  0.1123      0.019      5.873      0.000       0.075       0.150
genre_Musical                0.3194      0.043      7.394      0.000       0.235       0.404
genre_Mystery               -0.0582      0.013     -4.622      0.000      -0.083      -0.034
genre_News               -1.622e-18   2.84e-18     -0.571      0.568   -7.19e-18    3.95e-18
genre_Romance               -0.0186      0.010     -1.806      0.071      -0.039       0.002
genre_Sci_Fi                -0.0123      0.014     -0.910      0.363      -0.039       0.014
genre_Short               1.636e-17   4.27e-18      3.827      0.000    7.98e-18    2.47e-17
genre_Sport                 -0.0341      0.021     -1.650      0.099      -0.075       0.006
genre_Thriller              -0.0738      0.011     -6.932      0.000      -0.095      -0.053
genre_War                    0.0076      0.029      0.262      0.793      -0.050       0.065
genre_Western               -0.0474      0.051     -0.921      0.357      -0.148       0.054
==============================================================================
Omnibus:                     1660.847   Durbin-Watson:                   2.007
Prob(Omnibus):                  0.000   Jarque-Bera (JB):            13640.527
Skew:                           1.762   Prob(JB):                         0.00
Kurtosis:                      11.318   Cond. No.                     1.02e+16
==============================================================================

Notes:
[1] Standard Errors assume that the covariance matrix of the errors is correctly specified.
[2] The smallest eigenvalue is 6.4e-27. This might indicate that there are
strong multicollinearity problems or that the design matrix is singular.