                            OLS Regression Results                            
==============================================================================
Dep. Variable:              sd_pooled   R-squared:                       0.552
Model:                            OLS   Adj. R-squared:                  0.537
Method:                 Least Squares   F-statistic:                     37.36
Date:                Tue, 31 Mar 2026   Prob (F-statistic):               0.00
Time:                        16:51:46   Log-Likelihood:                 288.37
No. Observations:                2006   AIC:                            -446.7
Df Residuals:                    1941   BIC:                            -82.49
Df Model:                          64                                         
Covariance Type:            nonrobust                                         
============================================================================================
                               coef    std err          t      P>|t|      [0.025      0.975]
--------------------------------------------------------------------------------------------
const                        3.3072      0.072     46.077      0.000       3.166       3.448
FLead                        0.0403      0.011      3.555      0.000       0.018       0.062
mean_pooled                 -0.2307      0.006    -36.450      0.000      -0.243      -0.218
kim_violence_gore            0.0094      0.004      2.574      0.010       0.002       0.017
kim_sex_nudity               0.0111      0.003      3.705      0.000       0.005       0.017
kim_language                -0.0144      0.003     -5.278      0.000      -0.020      -0.009
major                       -0.0320      0.011     -2.787      0.005      -0.055      -0.009
log_bom_opening_theaters     0.0044      0.003      1.729      0.084      -0.001       0.009
genres_count                -0.0137      0.010     -1.351      0.177      -0.034       0.006
yr_1993                      0.0417      0.052      0.806      0.420      -0.060       0.143
yr_1994                      0.0352      0.054      0.656      0.512      -0.070       0.140
yr_1995                      0.0852      0.051      1.657      0.098      -0.016       0.186
yr_1996                      0.0657      0.052      1.261      0.207      -0.036       0.168
yr_1997                      0.0581      0.052      1.114      0.265      -0.044       0.160
yr_1998                      0.1226      0.051      2.422      0.016       0.023       0.222
yr_1999                      0.1086      0.051      2.150      0.032       0.010       0.208
yr_2000                      0.0640      0.052      1.236      0.216      -0.038       0.166
yr_2001                      0.0976      0.051      1.931      0.054      -0.002       0.197
yr_2002                      0.0754      0.051      1.489      0.137      -0.024       0.175
yr_2003                      0.0388      0.050      0.780      0.436      -0.059       0.137
yr_2004                      0.0908      0.049      1.838      0.066      -0.006       0.188
yr_2005                      0.0950      0.049      1.921      0.055      -0.002       0.192
yr_2006                      0.1716      0.050      3.464      0.001       0.074       0.269
yr_2007                      0.1627      0.049      3.319      0.001       0.067       0.259
yr_2008                      0.1138      0.049      2.305      0.021       0.017       0.211
yr_2009                      0.0756      0.050      1.523      0.128      -0.022       0.173
yr_2010                      0.0690      0.049      1.398      0.162      -0.028       0.166
yr_2011                      0.0569      0.048      1.174      0.240      -0.038       0.152
yr_2012                      0.0781      0.049      1.598      0.110      -0.018       0.174
yr_2013                      0.0796      0.049      1.637      0.102      -0.016       0.175
yr_2014                      0.0779      0.049      1.573      0.116      -0.019       0.175
yr_2015                      0.0215      0.049      0.437      0.662      -0.075       0.118
yr_2016                      0.0307      0.050      0.615      0.538      -0.067       0.128
yr_2017                      0.1221      0.049      2.466      0.014       0.025       0.219
yr_2018                      0.0753      0.050      1.500      0.134      -0.023       0.174
mo_2                         0.0341      0.027      1.260      0.208      -0.019       0.087
mo_3                         0.0101      0.026      0.394      0.694      -0.040       0.061
mo_4                         0.0309      0.026      1.191      0.234      -0.020       0.082
mo_5                         0.0020      0.028      0.071      0.943      -0.052       0.056
mo_6                        -0.0158      0.027     -0.591      0.554      -0.068       0.037
mo_7                         0.0052      0.027      0.191      0.848      -0.048       0.058
mo_8                        -0.0146      0.025     -0.581      0.561      -0.064       0.035
mo_9                        -0.0024      0.026     -0.093      0.926      -0.053       0.048
mo_10                        0.0188      0.025      0.751      0.453      -0.030       0.068
mo_11                        0.0055      0.026      0.210      0.834      -0.046       0.057
mo_12                        0.0006      0.025      0.023      0.982      -0.048       0.049
genre_Action                -0.0557      0.015     -3.625      0.000      -0.086      -0.026
genre_Adventure              0.0084      0.016      0.511      0.609      -0.024       0.041
genre_Animation             -0.0209      0.026     -0.817      0.414      -0.071       0.029
genre_Biography             -0.1020      0.020     -4.991      0.000      -0.142      -0.062
genre_Comedy                -0.0080      0.014     -0.579      0.563      -0.035       0.019
genre_Crime                 -0.0907      0.015     -6.141      0.000      -0.120      -0.062
genre_Drama                  0.0092      0.014      0.668      0.504      -0.018       0.036
genre_Family                 0.0587      0.021      2.840      0.005       0.018       0.099
genre_Fantasy                0.0077      0.018      0.433      0.665      -0.027       0.042
genre_History                0.0342      0.030      1.122      0.262      -0.026       0.094
genre_Horror                 0.0033      0.021      0.154      0.877      -0.038       0.045
genre_Music                  0.1040      0.025      4.095      0.000       0.054       0.154
genre_Musical                0.2628      0.078      3.357      0.001       0.109       0.416
genre_Mystery               -0.0681      0.018     -3.784      0.000      -0.103      -0.033
genre_News                 1.62e-17   8.04e-18      2.015      0.044    4.36e-19     3.2e-17
genre_Romance               -0.0118      0.015     -0.792      0.429      -0.041       0.017
genre_Sci_Fi                -0.0046      0.019     -0.246      0.806      -0.041       0.032
genre_Short              -1.487e-17   6.24e-18     -2.382      0.017   -2.71e-17   -2.63e-18
genre_Sport                 -0.0150      0.031     -0.482      0.630      -0.076       0.046
genre_Thriller              -0.0632      0.016     -4.067      0.000      -0.094      -0.033
genre_War                    0.0233      0.044      0.526      0.599      -0.064       0.110
genre_Western               -0.0852      0.073     -1.166      0.244      -0.228       0.058
==============================================================================
Omnibus:                      993.283   Durbin-Watson:                   1.937
Prob(Omnibus):                  0.000   Jarque-Bera (JB):            12003.167
Skew:                           2.028   Prob(JB):                         0.00
Kurtosis:                      14.276   Cond. No.                     1.02e+16
==============================================================================

Notes:
[1] Standard Errors assume that the covariance matrix of the errors is correctly specified.
[2] The smallest eigenvalue is 3.21e-27. This might indicate that there are
strong multicollinearity problems or that the design matrix is singular.