                            OLS Regression Results                            
==============================================================================
Dep. Variable:              sd_pooled   R-squared:                       0.558
Model:                            OLS   Adj. R-squared:                  0.551
Method:                 Least Squares   F-statistic:                     78.01
Date:                Tue, 31 Mar 2026   Prob (F-statistic):               0.00
Time:                        23:29:31   Log-Likelihood:                 517.33
No. Observations:                4012   AIC:                            -904.7
Df Residuals:                    3947   BIC:                            -495.4
Df Model:                          64                                         
Covariance Type:            nonrobust                                         
============================================================================================
                               coef    std err          t      P>|t|      [0.025      0.975]
--------------------------------------------------------------------------------------------
const                        3.4208      0.049     70.288      0.000       3.325       3.516
FLead                        0.0501      0.008      6.218      0.000       0.034       0.066
mean_pooled                 -0.2365      0.004    -53.762      0.000      -0.245      -0.228
kim_violence_gore            0.0154      0.003      6.134      0.000       0.010       0.020
kim_sex_nudity              -0.0015      0.003     -0.487      0.626      -0.008       0.005
kim_language                -0.0109      0.002     -6.228      0.000      -0.014      -0.007
major                       -0.0398      0.008     -4.937      0.000      -0.056      -0.024
log_bom_opening_theaters     0.0047      0.002      2.643      0.008       0.001       0.008
genres_count                -0.0152      0.007     -2.250      0.024      -0.028      -0.002
yr_1993                     -0.0092      0.035     -0.266      0.790      -0.077       0.059
yr_1994                     -0.0033      0.035     -0.093      0.926      -0.073       0.066
yr_1995                      0.0406      0.035      1.167      0.243      -0.028       0.109
yr_1996                      0.0024      0.034      0.071      0.944      -0.065       0.069
yr_1997                      0.0040      0.035      0.114      0.909      -0.064       0.072
yr_1998                      0.0566      0.034      1.684      0.092      -0.009       0.122
yr_1999                      0.0646      0.033      1.972      0.049       0.000       0.129
yr_2000                     -0.0014      0.034     -0.041      0.967      -0.068       0.065
yr_2001                      0.0646      0.033      1.950      0.051      -0.000       0.130
yr_2002                      0.0222      0.033      0.682      0.496      -0.042       0.086
yr_2003                      0.0103      0.033      0.312      0.755      -0.054       0.075
yr_2004                      0.0747      0.033      2.293      0.022       0.011       0.139
yr_2005                      0.0581      0.032      1.797      0.072      -0.005       0.121
yr_2006                      0.1096      0.032      3.417      0.001       0.047       0.173
yr_2007                      0.1219      0.032      3.813      0.000       0.059       0.185
yr_2008                      0.0627      0.032      1.948      0.052      -0.000       0.126
yr_2009                      0.0470      0.033      1.444      0.149      -0.017       0.111
yr_2010                      0.0382      0.032      1.174      0.240      -0.026       0.102
yr_2011                      0.0404      0.032      1.266      0.206      -0.022       0.103
yr_2012                      0.0226      0.032      0.712      0.476      -0.040       0.085
yr_2013                      0.0152      0.032      0.474      0.636      -0.048       0.078
yr_2014                      0.0443      0.032      1.370      0.171      -0.019       0.108
yr_2015                     -0.0248      0.032     -0.771      0.441      -0.088       0.038
yr_2016                     -0.0333      0.032     -1.029      0.304      -0.097       0.030
yr_2017                      0.0264      0.033      0.809      0.419      -0.038       0.091
yr_2018                      0.0163      0.033      0.496      0.620      -0.048       0.081
mo_2                         0.0106      0.020      0.541      0.589      -0.028       0.049
mo_3                        -0.0028      0.019     -0.152      0.879      -0.039       0.034
mo_4                         0.0023      0.019      0.124      0.901      -0.034       0.039
mo_5                        -0.0091      0.020     -0.458      0.647      -0.048       0.030
mo_6                        -0.0229      0.020     -1.171      0.242      -0.061       0.015
mo_7                        -0.0211      0.019     -1.112      0.266      -0.058       0.016
mo_8                        -0.0236      0.018     -1.289      0.197      -0.059       0.012
mo_9                        -0.0255      0.019     -1.369      0.171      -0.062       0.011
mo_10                       -0.0061      0.018     -0.333      0.739      -0.042       0.030
mo_11                       -0.0195      0.019     -1.039      0.299      -0.056       0.017
mo_12                       -0.0253      0.018     -1.391      0.164      -0.061       0.010
genre_Action                -0.0620      0.011     -5.851      0.000      -0.083      -0.041
genre_Adventure             -0.0072      0.011     -0.637      0.524      -0.029       0.015
genre_Animation             -0.0333      0.018     -1.836      0.066      -0.069       0.002
genre_Biography             -0.0893      0.014     -6.253      0.000      -0.117      -0.061
genre_Comedy                 0.0042      0.010      0.438      0.661      -0.014       0.023
genre_Crime                 -0.0876      0.010     -8.504      0.000      -0.108      -0.067
genre_Drama                  0.0155      0.010      1.626      0.104      -0.003       0.034
genre_Family                 0.0614      0.015      4.166      0.000       0.032       0.090
genre_Fantasy                0.0070      0.013      0.555      0.579      -0.018       0.032
genre_History                0.0188      0.020      0.918      0.359      -0.021       0.059
genre_Horror                -0.0434      0.015     -2.975      0.003      -0.072      -0.015
genre_Music                  0.1183      0.019      6.165      0.000       0.081       0.156
genre_Musical                0.3298      0.043      7.595      0.000       0.245       0.415
genre_Mystery               -0.0566      0.013     -4.480      0.000      -0.081      -0.032
genre_News                1.715e-17   5.13e-18      3.340      0.001    7.08e-18    2.72e-17
genre_Romance               -0.0044      0.010     -0.433      0.665      -0.024       0.016
genre_Sci_Fi                -0.0128      0.014     -0.943      0.346      -0.040       0.014
genre_Short              -5.187e-18   3.94e-18     -1.318      0.188   -1.29e-17    2.53e-18
genre_Sport                 -0.0383      0.021     -1.840      0.066      -0.079       0.003
genre_Thriller              -0.0760      0.011     -7.112      0.000      -0.097      -0.055
genre_War                   -0.0016      0.029     -0.055      0.956      -0.059       0.056
genre_Western               -0.0578      0.052     -1.120      0.263      -0.159       0.043
==============================================================================
Omnibus:                     1637.919   Durbin-Watson:                   2.006
Prob(Omnibus):                  0.000   Jarque-Bera (JB):            12963.086
Skew:                           1.745   Prob(JB):                         0.00
Kurtosis:                      11.085   Cond. No.                     1.02e+16
==============================================================================

Notes:
[1] Standard Errors assume that the covariance matrix of the errors is correctly specified.
[2] The smallest eigenvalue is 6.04e-27. This might indicate that there are
strong multicollinearity problems or that the design matrix is singular.