                            OLS Regression Results                            
==============================================================================
Dep. Variable:              sd_pooled   R-squared:                       0.550
Model:                            OLS   Adj. R-squared:                  0.538
Method:                 Least Squares   F-statistic:                     44.72
Date:                Sun, 29 Mar 2026   Prob (F-statistic):               0.00
Time:                        15:43:58   Log-Likelihood:                 245.71
No. Observations:                2408   AIC:                            -361.4
Df Residuals:                    2343   BIC:                             14.70
Df Model:                          64                                         
Covariance Type:            nonrobust                                         
============================================================================================
                               coef    std err          t      P>|t|      [0.025      0.975]
--------------------------------------------------------------------------------------------
const                        3.3801      0.065     51.829      0.000       3.252       3.508
FLead                        0.0430      0.011      3.967      0.000       0.022       0.064
mean_pooled                 -0.2352      0.006    -39.686      0.000      -0.247      -0.224
kim_violence_gore            0.0121      0.003      3.573      0.000       0.005       0.019
kim_sex_nudity               0.0110      0.003      4.066      0.000       0.006       0.016
kim_language                -0.0149      0.002     -5.997      0.000      -0.020      -0.010
major                       -0.0494      0.011     -4.548      0.000      -0.071      -0.028
log_bom_opening_theaters     0.0095      0.002      3.938      0.000       0.005       0.014
genres_count                -0.0131      0.009     -1.501      0.133      -0.030       0.004
yr_1993                     -0.0219      0.047     -0.466      0.642      -0.114       0.070
yr_1994                     -0.0121      0.049     -0.246      0.806      -0.109       0.084
yr_1995                      0.0824      0.048      1.713      0.087      -0.012       0.177
yr_1996                      0.0005      0.047      0.010      0.992      -0.092       0.093
yr_1997                      0.0057      0.047      0.120      0.904      -0.086       0.098
yr_1998                      0.0566      0.047      1.209      0.227      -0.035       0.149
yr_1999                      0.0280      0.045      0.619      0.536      -0.061       0.117
yr_2000                     -0.0179      0.046     -0.390      0.697      -0.108       0.072
yr_2001                      0.0482      0.047      1.034      0.301      -0.043       0.140
yr_2002                      0.0014      0.045      0.030      0.976      -0.087       0.089
yr_2003                     -0.0092      0.045     -0.202      0.840      -0.098       0.080
yr_2004                      0.0439      0.045      0.977      0.329      -0.044       0.132
yr_2005                      0.0576      0.045      1.279      0.201      -0.031       0.146
yr_2006                      0.0939      0.044      2.119      0.034       0.007       0.181
yr_2007                      0.0933      0.044      2.108      0.035       0.007       0.180
yr_2008                      0.0547      0.044      1.234      0.217      -0.032       0.142
yr_2009                      0.0413      0.045      0.914      0.361      -0.047       0.130
yr_2010                      0.0145      0.045      0.321      0.748      -0.074       0.103
yr_2011                      0.0222      0.044      0.506      0.613      -0.064       0.108
yr_2012                      0.0067      0.044      0.151      0.880      -0.080       0.093
yr_2013                      0.0052      0.044      0.118      0.906      -0.081       0.091
yr_2014                      0.0270      0.045      0.597      0.550      -0.062       0.116
yr_2015                     -0.0421      0.045     -0.946      0.344      -0.129       0.045
yr_2016                     -0.0322      0.045     -0.718      0.473      -0.120       0.056
yr_2017                      0.0122      0.045      0.271      0.787      -0.076       0.101
yr_2018                     -0.0060      0.045     -0.133      0.895      -0.095       0.083
mo_2                         0.0087      0.026      0.338      0.736      -0.042       0.059
mo_3                         0.0169      0.025      0.672      0.502      -0.032       0.066
mo_4                         0.0198      0.025      0.797      0.425      -0.029       0.069
mo_5                         0.0068      0.027      0.258      0.796      -0.045       0.059
mo_6                        -0.0139      0.026     -0.533      0.594      -0.065       0.037
mo_7                        -0.0138      0.026     -0.533      0.594      -0.065       0.037
mo_8                        -0.0136      0.025     -0.549      0.583      -0.062       0.035
mo_9                        -0.0041      0.024     -0.167      0.868      -0.052       0.044
mo_10                        0.0027      0.024      0.110      0.912      -0.045       0.051
mo_11                       -0.0053      0.025     -0.213      0.832      -0.054       0.043
mo_12                       -0.0227      0.024     -0.937      0.349      -0.070       0.025
genre_Action                -0.0653      0.015     -4.362      0.000      -0.095      -0.036
genre_Adventure             -0.0015      0.016     -0.092      0.927      -0.033       0.030
genre_Animation             -0.0118      0.026     -0.454      0.650      -0.063       0.039
genre_Biography             -0.1039      0.020     -5.241      0.000      -0.143      -0.065
genre_Comedy                -0.0085      0.013     -0.647      0.518      -0.034       0.017
genre_Crime                 -0.0909      0.014     -6.421      0.000      -0.119      -0.063
genre_Drama                  0.0200      0.013      1.550      0.121      -0.005       0.045
genre_Family                 0.0441      0.020      2.204      0.028       0.005       0.083
genre_Fantasy                0.0225      0.018      1.250      0.212      -0.013       0.058
genre_History                0.0012      0.030      0.040      0.968      -0.058       0.061
genre_Horror                -0.0564      0.020     -2.806      0.005      -0.096      -0.017
genre_Music                  0.1167      0.026      4.476      0.000       0.066       0.168
genre_Musical                0.3487      0.060      5.835      0.000       0.232       0.466
genre_Mystery               -0.0580      0.018     -3.250      0.001      -0.093      -0.023
genre_News               -2.973e-18   7.99e-18     -0.372      0.710   -1.86e-17    1.27e-17
genre_Romance               -0.0142      0.014     -1.029      0.304      -0.041       0.013
genre_Sci_Fi                -0.0167      0.019     -0.860      0.390      -0.055       0.021
genre_Short               7.023e-18   3.83e-18      1.835      0.067   -4.82e-19    1.45e-17
genre_Sport                 -0.0419      0.028     -1.522      0.128      -0.096       0.012
genre_Thriller              -0.0694      0.015     -4.764      0.000      -0.098      -0.041
genre_War                    0.0152      0.041      0.375      0.708      -0.065       0.095
genre_Western               -0.0432      0.068     -0.637      0.524      -0.176       0.090
==============================================================================
Omnibus:                     1076.021   Durbin-Watson:                   2.032
Prob(Omnibus):                  0.000   Jarque-Bera (JB):            10124.867
Skew:                           1.869   Prob(JB):                         0.00
Kurtosis:                      12.324   Cond. No.                     1.02e+16
==============================================================================

Notes:
[1] Standard Errors assume that the covariance matrix of the errors is correctly specified.
[2] The smallest eigenvalue is 3.82e-27. This might indicate that there are
strong multicollinearity problems or that the design matrix is singular.