                            OLS Regression Results                            
==============================================================================
Dep. Variable:              sd_pooled   R-squared:                       0.559
Model:                            OLS   Adj. R-squared:                  0.551
Method:                 Least Squares   F-statistic:                     78.06
Date:                Sun, 29 Mar 2026   Prob (F-statistic):               0.00
Time:                        16:05:14   Log-Likelihood:                 518.14
No. Observations:                4012   AIC:                            -906.3
Df Residuals:                    3947   BIC:                            -497.0
Df Model:                          64                                         
Covariance Type:            nonrobust                                         
============================================================================================
                               coef    std err          t      P>|t|      [0.025      0.975]
--------------------------------------------------------------------------------------------
const                        3.3966      0.049     69.721      0.000       3.301       3.492
FLead                        0.0512      0.008      6.373      0.000       0.035       0.067
mean_pooled                 -0.2364      0.004    -53.721      0.000      -0.245      -0.228
kim_violence_gore            0.0095      0.003      3.792      0.000       0.005       0.014
kim_sex_nudity               0.0097      0.002      4.798      0.000       0.006       0.014
kim_language                -0.0133      0.002     -5.755      0.000      -0.018      -0.009
major                       -0.0372      0.008     -4.615      0.000      -0.053      -0.021
log_bom_opening_theaters     0.0054      0.002      3.023      0.003       0.002       0.009
genres_count                -0.0081      0.007     -1.188      0.235      -0.021       0.005
yr_1993                      0.0012      0.035      0.034      0.973      -0.067       0.069
yr_1994                      0.0044      0.035      0.125      0.900      -0.065       0.074
yr_1995                      0.0446      0.035      1.279      0.201      -0.024       0.113
yr_1996                      0.0101      0.034      0.296      0.768      -0.057       0.077
yr_1997                      0.0082      0.035      0.236      0.814      -0.060       0.076
yr_1998                      0.0575      0.034      1.712      0.087      -0.008       0.123
yr_1999                      0.0566      0.033      1.732      0.083      -0.007       0.121
yr_2000                     -0.0099      0.034     -0.294      0.769      -0.076       0.056
yr_2001                      0.0604      0.033      1.820      0.069      -0.005       0.125
yr_2002                      0.0200      0.033      0.613      0.540      -0.044       0.084
yr_2003                      0.0063      0.033      0.192      0.848      -0.058       0.071
yr_2004                      0.0717      0.033      2.200      0.028       0.008       0.136
yr_2005                      0.0575      0.032      1.778      0.076      -0.006       0.121
yr_2006                      0.1058      0.032      3.293      0.001       0.043       0.169
yr_2007                      0.1183      0.032      3.697      0.000       0.056       0.181
yr_2008                      0.0565      0.032      1.753      0.080      -0.007       0.120
yr_2009                      0.0381      0.033      1.167      0.243      -0.026       0.102
yr_2010                      0.0310      0.033      0.954      0.340      -0.033       0.095
yr_2011                      0.0368      0.032      1.149      0.250      -0.026       0.099
yr_2012                      0.0176      0.032      0.554      0.580      -0.045       0.080
yr_2013                      0.0064      0.032      0.200      0.841      -0.056       0.069
yr_2014                      0.0391      0.032      1.209      0.227      -0.024       0.103
yr_2015                     -0.0350      0.032     -1.091      0.275      -0.098       0.028
yr_2016                     -0.0380      0.032     -1.173      0.241      -0.101       0.025
yr_2017                      0.0179      0.033      0.549      0.583      -0.046       0.082
yr_2018                      0.0111      0.033      0.339      0.735      -0.053       0.075
mo_2                         0.0119      0.020      0.612      0.540      -0.026       0.050
mo_3                        -0.0043      0.019     -0.233      0.816      -0.041       0.032
mo_4                         0.0039      0.019      0.205      0.837      -0.033       0.041
mo_5                        -0.0080      0.020     -0.404      0.686      -0.047       0.031
mo_6                        -0.0241      0.020     -1.235      0.217      -0.062       0.014
mo_7                        -0.0239      0.019     -1.258      0.208      -0.061       0.013
mo_8                        -0.0245      0.018     -1.341      0.180      -0.060       0.011
mo_9                        -0.0268      0.019     -1.439      0.150      -0.063       0.010
mo_10                       -0.0060      0.018     -0.328      0.743      -0.042       0.030
mo_11                       -0.0201      0.019     -1.066      0.286      -0.057       0.017
mo_12                       -0.0233      0.018     -1.282      0.200      -0.059       0.012
genre_Action                -0.0558      0.011     -5.245      0.000      -0.077      -0.035
genre_Adventure             -0.0011      0.011     -0.100      0.921      -0.023       0.021
genre_Animation             -0.0248      0.018     -1.374      0.170      -0.060       0.011
genre_Biography             -0.0953      0.014     -6.677      0.000      -0.123      -0.067
genre_Comedy                -0.0119      0.009     -1.257      0.209      -0.030       0.007
genre_Crime                 -0.1004      0.010     -9.927      0.000      -0.120      -0.081
genre_Drama                  0.0097      0.010      1.019      0.308      -0.009       0.028
genre_Family                 0.0716      0.015      4.873      0.000       0.043       0.100
genre_Fantasy                0.0099      0.013      0.783      0.434      -0.015       0.035
genre_History                0.0272      0.020      1.333      0.183      -0.013       0.067
genre_Horror                -0.0356      0.015     -2.428      0.015      -0.064      -0.007
genre_Music                  0.1041      0.019      5.433      0.000       0.067       0.142
genre_Musical                0.3249      0.043      7.499      0.000       0.240       0.410
genre_Mystery               -0.0551      0.013     -4.356      0.000      -0.080      -0.030
genre_News                 7.35e-18   4.57e-18      1.609      0.108   -1.61e-18    1.63e-17
genre_Romance               -0.0172      0.010     -1.664      0.096      -0.037       0.003
genre_Sci_Fi                -0.0122      0.014     -0.895      0.371      -0.039       0.015
genre_Short               5.435e-18   3.38e-18      1.609      0.108   -1.19e-18    1.21e-17
genre_Sport                 -0.0377      0.021     -1.815      0.070      -0.079       0.003
genre_Thriller              -0.0789      0.011     -7.402      0.000      -0.100      -0.058
genre_War                    0.0085      0.029      0.290      0.772      -0.049       0.066
genre_Western               -0.0379      0.052     -0.734      0.463      -0.139       0.063
==============================================================================
Omnibus:                     1681.826   Durbin-Watson:                   2.006
Prob(Omnibus):                  0.000   Jarque-Bera (JB):            14010.562
Skew:                           1.784   Prob(JB):                         0.00
Kurtosis:                      11.431   Cond. No.                     1.02e+16
==============================================================================

Notes:
[1] Standard Errors assume that the covariance matrix of the errors is correctly specified.
[2] The smallest eigenvalue is 6.08e-27. This might indicate that there are
strong multicollinearity problems or that the design matrix is singular.