                            OLS Regression Results                            
==============================================================================
Dep. Variable:              sd_pooled   R-squared:                       0.562
Model:                            OLS   Adj. R-squared:                  0.555
Method:                 Least Squares   F-statistic:                     79.17
Date:                Tue, 31 Mar 2026   Prob (F-statistic):               0.00
Time:                        15:54:17   Log-Likelihood:                 533.97
No. Observations:                4012   AIC:                            -937.9
Df Residuals:                    3947   BIC:                            -528.6
Df Model:                          64                                         
Covariance Type:            nonrobust                                         
============================================================================================
                               coef    std err          t      P>|t|      [0.025      0.975]
--------------------------------------------------------------------------------------------
const                        3.3793      0.048     70.159      0.000       3.285       3.474
FLead                        0.0471      0.008      5.857      0.000       0.031       0.063
mean_pooled                 -0.2332      0.004    -52.761      0.000      -0.242      -0.225
kim_violence_gore            0.0122      0.003      4.787      0.000       0.007       0.017
kim_sex_nudity               0.0115      0.002      5.669      0.000       0.008       0.015
kim_language                -0.0149      0.002     -7.984      0.000      -0.019      -0.011
major                       -0.0399      0.008     -4.972      0.000      -0.056      -0.024
log_bom_opening_theaters     0.0057      0.002      3.287      0.001       0.002       0.009
genres_count                -0.0094      0.007     -1.386      0.166      -0.023       0.004
yr_1993                     -0.0075      0.034     -0.217      0.828      -0.075       0.060
yr_1994                     -0.0043      0.035     -0.122      0.903      -0.073       0.065
yr_1995                      0.0432      0.035      1.247      0.213      -0.025       0.111
yr_1996                      0.0068      0.034      0.201      0.841      -0.060       0.074
yr_1997                      0.0125      0.035      0.361      0.718      -0.055       0.080
yr_1998                      0.0576      0.033      1.723      0.085      -0.008       0.123
yr_1999                      0.0594      0.033      1.823      0.068      -0.004       0.123
yr_2000                     -0.0097      0.034     -0.289      0.773      -0.075       0.056
yr_2001                      0.0532      0.033      1.613      0.107      -0.011       0.118
yr_2002                      0.0143      0.032      0.440      0.660      -0.049       0.078
yr_2003                     -0.0025      0.033     -0.078      0.938      -0.067       0.061
yr_2004                      0.0605      0.032      1.864      0.062      -0.003       0.124
yr_2005                      0.0470      0.032      1.461      0.144      -0.016       0.110
yr_2006                      0.0958      0.032      2.998      0.003       0.033       0.158
yr_2007                      0.1089      0.032      3.420      0.001       0.046       0.171
yr_2008                      0.0517      0.032      1.614      0.107      -0.011       0.115
yr_2009                      0.0305      0.032      0.939      0.348      -0.033       0.094
yr_2010                      0.0255      0.032      0.788      0.431      -0.038       0.089
yr_2011                      0.0280      0.032      0.881      0.379      -0.034       0.090
yr_2012                      0.0122      0.032      0.385      0.700      -0.050       0.074
yr_2013                      0.0059      0.032      0.186      0.853      -0.056       0.068
yr_2014                      0.0380      0.032      1.179      0.238      -0.025       0.101
yr_2015                     -0.0334      0.032     -1.046      0.296      -0.096       0.029
yr_2016                     -0.0374      0.032     -1.161      0.246      -0.101       0.026
yr_2017                      0.0205      0.033      0.631      0.528      -0.043       0.084
yr_2018                      0.0132      0.033      0.403      0.687      -0.051       0.077
mo_2                         0.0072      0.019      0.373      0.710      -0.031       0.045
mo_3                        -0.0050      0.019     -0.271      0.786      -0.041       0.031
mo_4                        -0.0006      0.019     -0.033      0.973      -0.037       0.036
mo_5                        -0.0143      0.020     -0.728      0.467      -0.053       0.024
mo_6                        -0.0255      0.019     -1.311      0.190      -0.064       0.013
mo_7                        -0.0245      0.019     -1.298      0.194      -0.062       0.013
mo_8                        -0.0264      0.018     -1.450      0.147      -0.062       0.009
mo_9                        -0.0284      0.019     -1.532      0.126      -0.065       0.008
mo_10                       -0.0081      0.018     -0.446      0.655      -0.044       0.028
mo_11                       -0.0247      0.019     -1.317      0.188      -0.061       0.012
mo_12                       -0.0292      0.018     -1.621      0.105      -0.065       0.006
genre_Action                -0.0548      0.011     -5.168      0.000      -0.076      -0.034
genre_Adventure             -0.0064      0.011     -0.568      0.570      -0.028       0.016
genre_Animation             -0.0278      0.018     -1.546      0.122      -0.063       0.007
genre_Biography             -0.0938      0.014     -6.611      0.000      -0.122      -0.066
genre_Comedy                -0.0035      0.010     -0.368      0.713      -0.022       0.015
genre_Crime                 -0.0893      0.010     -8.715      0.000      -0.109      -0.069
genre_Drama                  0.0119      0.009      1.264      0.206      -0.007       0.030
genre_Family                 0.0713      0.015      4.894      0.000       0.043       0.100
genre_Fantasy                0.0040      0.013      0.318      0.750      -0.021       0.029
genre_History                0.0183      0.020      0.898      0.369      -0.022       0.058
genre_Horror                -0.0348      0.015     -2.386      0.017      -0.063      -0.006
genre_Music                  0.1119      0.019      5.853      0.000       0.074       0.149
genre_Musical                0.3165      0.043      7.329      0.000       0.232       0.401
genre_Mystery               -0.0582      0.013     -4.625      0.000      -0.083      -0.034
genre_News               -3.327e-17   3.82e-17     -0.872      0.383   -1.08e-16    4.15e-17
genre_Romance               -0.0186      0.010     -1.807      0.071      -0.039       0.002
genre_Sci_Fi                -0.0120      0.014     -0.886      0.376      -0.039       0.015
genre_Short               5.992e-18      1e-17      0.599      0.550   -1.36e-17    2.56e-17
genre_Sport                 -0.0362      0.021     -1.750      0.080      -0.077       0.004
genre_Thriller              -0.0748      0.011     -7.020      0.000      -0.096      -0.054
genre_War                    0.0089      0.029      0.306      0.759      -0.048       0.066
genre_Western               -0.0422      0.051     -0.819      0.413      -0.143       0.059
==============================================================================
Omnibus:                     1656.265   Durbin-Watson:                   2.006
Prob(Omnibus):                  0.000   Jarque-Bera (JB):            13522.099
Skew:                           1.758   Prob(JB):                         0.00
Kurtosis:                      11.278   Cond. No.                     1.02e+16
==============================================================================

Notes:
[1] Standard Errors assume that the covariance matrix of the errors is correctly specified.
[2] The smallest eigenvalue is 6.41e-27. This might indicate that there are
strong multicollinearity problems or that the design matrix is singular.