                            OLS Regression Results                            
==============================================================================
Dep. Variable:              sd_pooled   R-squared:                       0.561
Model:                            OLS   Adj. R-squared:                  0.554
Method:                 Least Squares   F-statistic:                     78.95
Date:                Tue, 31 Mar 2026   Prob (F-statistic):               0.00
Time:                        15:41:04   Log-Likelihood:                 530.79
No. Observations:                4012   AIC:                            -931.6
Df Residuals:                    3947   BIC:                            -522.3
Df Model:                          64                                         
Covariance Type:            nonrobust                                         
============================================================================================
                               coef    std err          t      P>|t|      [0.025      0.975]
--------------------------------------------------------------------------------------------
const                        3.3952      0.048     70.108      0.000       3.300       3.490
FLead                        0.0472      0.008      5.867      0.000       0.031       0.063
mean_pooled                 -0.2343      0.004    -53.015      0.000      -0.243      -0.226
kim_violence_gore            0.0123      0.003      4.817      0.000       0.007       0.017
kim_sex_nudity               0.0113      0.002      5.588      0.000       0.007       0.015
kim_language                -0.0150      0.002     -7.985      0.000      -0.019      -0.011
major                       -0.0362      0.008     -4.528      0.000      -0.052      -0.021
log_bom_opening_theaters     0.0036      0.002      2.128      0.033       0.000       0.007
genres_count                -0.0089      0.007     -1.318      0.187      -0.022       0.004
yr_1993                     -0.0082      0.034     -0.238      0.812      -0.076       0.059
yr_1994                     -0.0045      0.035     -0.129      0.898      -0.074       0.064
yr_1995                      0.0425      0.035      1.225      0.221      -0.026       0.111
yr_1996                      0.0075      0.034      0.220      0.826      -0.059       0.074
yr_1997                      0.0127      0.035      0.365      0.715      -0.055       0.081
yr_1998                      0.0582      0.033      1.739      0.082      -0.007       0.124
yr_1999                      0.0588      0.033      1.804      0.071      -0.005       0.123
yr_2000                     -0.0087      0.034     -0.259      0.796      -0.075       0.057
yr_2001                      0.0552      0.033      1.671      0.095      -0.010       0.120
yr_2002                      0.0144      0.032      0.443      0.658      -0.049       0.078
yr_2003                     -0.0007      0.033     -0.023      0.982      -0.065       0.063
yr_2004                      0.0604      0.032      1.861      0.063      -0.003       0.124
yr_2005                      0.0464      0.032      1.443      0.149      -0.017       0.110
yr_2006                      0.0961      0.032      3.004      0.003       0.033       0.159
yr_2007                      0.1104      0.032      3.464      0.001       0.048       0.173
yr_2008                      0.0519      0.032      1.617      0.106      -0.011       0.115
yr_2009                      0.0319      0.032      0.981      0.327      -0.032       0.096
yr_2010                      0.0257      0.032      0.793      0.428      -0.038       0.089
yr_2011                      0.0283      0.032      0.890      0.373      -0.034       0.091
yr_2012                      0.0120      0.032      0.379      0.705      -0.050       0.074
yr_2013                      0.0048      0.032      0.150      0.880      -0.058       0.067
yr_2014                      0.0379      0.032      1.176      0.240      -0.025       0.101
yr_2015                     -0.0334      0.032     -1.045      0.296      -0.096       0.029
yr_2016                     -0.0367      0.032     -1.138      0.255      -0.100       0.027
yr_2017                      0.0205      0.033      0.629      0.529      -0.043       0.084
yr_2018                      0.0141      0.033      0.430      0.667      -0.050       0.078
mo_2                         0.0095      0.019      0.490      0.624      -0.029       0.048
mo_3                        -0.0039      0.019     -0.212      0.832      -0.040       0.032
mo_4                         0.0008      0.019      0.044      0.965      -0.036       0.038
mo_5                        -0.0133      0.020     -0.676      0.499      -0.052       0.025
mo_6                        -0.0260      0.019     -1.338      0.181      -0.064       0.012
mo_7                        -0.0240      0.019     -1.270      0.204      -0.061       0.013
mo_8                        -0.0249      0.018     -1.367      0.172      -0.061       0.011
mo_9                        -0.0273      0.019     -1.470      0.142      -0.064       0.009
mo_10                       -0.0074      0.018     -0.403      0.687      -0.043       0.028
mo_11                       -0.0241      0.019     -1.283      0.200      -0.061       0.013
mo_12                       -0.0293      0.018     -1.620      0.105      -0.065       0.006
genre_Action                -0.0541      0.011     -5.103      0.000      -0.075      -0.033
genre_Adventure             -0.0055      0.011     -0.486      0.627      -0.028       0.017
genre_Animation             -0.0272      0.018     -1.516      0.130      -0.062       0.008
genre_Biography             -0.0942      0.014     -6.628      0.000      -0.122      -0.066
genre_Comedy                -0.0033      0.010     -0.342      0.733      -0.022       0.015
genre_Crime                 -0.0886      0.010     -8.643      0.000      -0.109      -0.068
genre_Drama                  0.0113      0.009      1.191      0.234      -0.007       0.030
genre_Family                 0.0720      0.015      4.940      0.000       0.043       0.101
genre_Fantasy                0.0048      0.013      0.376      0.707      -0.020       0.030
genre_History                0.0175      0.020      0.857      0.392      -0.023       0.058
genre_Horror                -0.0335      0.015     -2.293      0.022      -0.062      -0.005
genre_Music                  0.1109      0.019      5.795      0.000       0.073       0.148
genre_Musical                0.3187      0.043      7.376      0.000       0.234       0.403
genre_Mystery               -0.0589      0.013     -4.678      0.000      -0.084      -0.034
genre_News               -4.984e-18   8.51e-18     -0.586      0.558   -2.17e-17    1.17e-17
genre_Romance               -0.0187      0.010     -1.818      0.069      -0.039       0.001
genre_Sci_Fi                -0.0122      0.014     -0.896      0.370      -0.039       0.014
genre_Short               1.397e-18   2.03e-18      0.689      0.491   -2.58e-18    5.37e-18
genre_Sport                 -0.0347      0.021     -1.676      0.094      -0.075       0.006
genre_Thriller              -0.0737      0.011     -6.921      0.000      -0.095      -0.053
genre_War                    0.0083      0.029      0.283      0.777      -0.049       0.065
genre_Western               -0.0478      0.052     -0.928      0.353      -0.149       0.053
==============================================================================
Omnibus:                     1661.080   Durbin-Watson:                   2.008
Prob(Omnibus):                  0.000   Jarque-Bera (JB):            13662.028
Skew:                           1.762   Prob(JB):                         0.00
Kurtosis:                      11.326   Cond. No.                     1.02e+16
==============================================================================

Notes:
[1] Standard Errors assume that the covariance matrix of the errors is correctly specified.
[2] The smallest eigenvalue is 6.44e-27. This might indicate that there are
strong multicollinearity problems or that the design matrix is singular.