                            OLS Regression Results                            
==============================================================================
Dep. Variable:              sd_pooled   R-squared:                       0.581
Model:                            OLS   Adj. R-squared:                  0.569
Method:                 Least Squares   F-statistic:                     50.68
Date:                Tue, 31 Mar 2026   Prob (F-statistic):               0.00
Time:                        16:01:20   Log-Likelihood:                 383.23
No. Observations:                2408   AIC:                            -636.5
Df Residuals:                    2343   BIC:                            -260.3
Df Model:                          64                                         
Covariance Type:            nonrobust                                         
============================================================================================
                               coef    std err          t      P>|t|      [0.025      0.975]
--------------------------------------------------------------------------------------------
const                        3.4594      0.060     57.837      0.000       3.342       3.577
FLead                        0.0478      0.010      4.667      0.000       0.028       0.068
mean_pooled                 -0.2382      0.006    -42.765      0.000      -0.249      -0.227
kim_violence_gore            0.0128      0.003      3.977      0.000       0.007       0.019
kim_sex_nudity               0.0073      0.003      2.779      0.005       0.002       0.012
kim_language                -0.0134      0.002     -5.610      0.000      -0.018      -0.009
major                       -0.0498      0.010     -4.914      0.000      -0.070      -0.030
log_bom_opening_theaters     0.0063      0.002      2.808      0.005       0.002       0.011
genres_count                -0.0111      0.009     -1.276      0.202      -0.028       0.006
yr_1993                     -0.0152      0.042     -0.366      0.715      -0.097       0.066
yr_1994                     -0.0055      0.042     -0.129      0.897      -0.088       0.078
yr_1995                     -0.0037      0.043     -0.084      0.933      -0.089       0.081
yr_1996                     -0.0200      0.041     -0.487      0.627      -0.101       0.061
yr_1997                      0.0216      0.044      0.485      0.628      -0.066       0.109
yr_1998                      0.0196      0.042      0.470      0.638      -0.062       0.101
yr_1999                      0.0357      0.040      0.897      0.370      -0.042       0.114
yr_2000                     -0.0233      0.041     -0.565      0.572      -0.104       0.058
yr_2001                      0.0220      0.041      0.541      0.588      -0.058       0.102
yr_2002                      0.0033      0.040      0.083      0.934      -0.075       0.081
yr_2003                     -0.0411      0.040     -1.020      0.308      -0.120       0.038
yr_2004                      0.0503      0.040      1.266      0.206      -0.028       0.128
yr_2005                      0.0209      0.039      0.535      0.593      -0.056       0.097
yr_2006                      0.0428      0.039      1.106      0.269      -0.033       0.119
yr_2007                      0.0727      0.038      1.894      0.058      -0.003       0.148
yr_2008                      0.0285      0.039      0.724      0.469      -0.049       0.106
yr_2009                     -0.0061      0.040     -0.154      0.878      -0.084       0.072
yr_2010                     -0.0130      0.039     -0.332      0.740      -0.090       0.064
yr_2011                      0.0005      0.039      0.014      0.989      -0.075       0.076
yr_2012                     -0.0042      0.039     -0.108      0.914      -0.080       0.072
yr_2013                     -0.0246      0.039     -0.638      0.524      -0.100       0.051
yr_2014                     -0.0005      0.039     -0.012      0.990      -0.077       0.077
yr_2015                     -0.0370      0.039     -0.954      0.340      -0.113       0.039
yr_2016                     -0.0400      0.040     -1.013      0.311      -0.117       0.037
yr_2017                     -0.0264      0.040     -0.661      0.508      -0.105       0.052
yr_2018                     -0.0302      0.040     -0.759      0.448      -0.108       0.048
mo_2                        -0.0083      0.025     -0.339      0.734      -0.056       0.040
mo_3                        -0.0125      0.023     -0.539      0.590      -0.058       0.033
mo_4                         0.0135      0.023      0.573      0.566      -0.033       0.060
mo_5                        -0.0246      0.025     -0.999      0.318      -0.073       0.024
mo_6                        -0.0213      0.025     -0.867      0.386      -0.070       0.027
mo_7                        -0.0148      0.024     -0.618      0.537      -0.062       0.032
mo_8                        -0.0294      0.023     -1.290      0.197      -0.074       0.015
mo_9                        -0.0547      0.024     -2.324      0.020      -0.101      -0.009
mo_10                     5.373e-05      0.023      0.002      0.998      -0.045       0.045
mo_11                       -0.0202      0.024     -0.857      0.391      -0.067       0.026
mo_12                       -0.0281      0.023     -1.240      0.215      -0.073       0.016
genre_Action                -0.0626      0.013     -4.677      0.000      -0.089      -0.036
genre_Adventure             -0.0097      0.014     -0.677      0.498      -0.038       0.018
genre_Animation              0.0055      0.024      0.229      0.819      -0.042       0.053
genre_Biography             -0.0801      0.018     -4.511      0.000      -0.115      -0.045
genre_Comedy                -0.0158      0.012     -1.291      0.197      -0.040       0.008
genre_Crime                 -0.0794      0.013     -6.125      0.000      -0.105      -0.054
genre_Drama                 -0.0011      0.012     -0.088      0.930      -0.025       0.023
genre_Family                 0.0671      0.019      3.542      0.000       0.030       0.104
genre_Fantasy               -0.0221      0.016     -1.409      0.159      -0.053       0.009
genre_History                0.0075      0.027      0.281      0.779      -0.045       0.060
genre_Horror                -0.0405      0.018     -2.192      0.028      -0.077      -0.004
genre_Music                  0.1343      0.024      5.631      0.000       0.088       0.181
genre_Musical                0.3766      0.057      6.661      0.000       0.266       0.487
genre_Mystery               -0.0751      0.016     -4.734      0.000      -0.106      -0.044
genre_News                1.092e-17   5.01e-18      2.178      0.030    1.09e-18    2.07e-17
genre_Romance               -0.0191      0.013     -1.453      0.146      -0.045       0.007
genre_Sci_Fi                -0.0133      0.017     -0.769      0.442      -0.047       0.021
genre_Short              -4.743e-18      3e-18     -1.582      0.114   -1.06e-17    1.14e-18
genre_Sport                 -0.0168      0.026     -0.639      0.523      -0.068       0.035
genre_Thriller              -0.0775      0.014     -5.661      0.000      -0.104      -0.051
genre_War                   -0.0245      0.038     -0.641      0.522      -0.100       0.050
genre_Western               -0.0645      0.064     -1.004      0.315      -0.190       0.061
==============================================================================
Omnibus:                     1134.962   Durbin-Watson:                   1.955
Prob(Omnibus):                  0.000   Jarque-Bera (JB):            13082.807
Skew:                           1.927   Prob(JB):                         0.00
Kurtosis:                      13.749   Cond. No.                     1.02e+16
==============================================================================

Notes:
[1] Standard Errors assume that the covariance matrix of the errors is correctly specified.
[2] The smallest eigenvalue is 3.85e-27. This might indicate that there are
strong multicollinearity problems or that the design matrix is singular.