                            OLS Regression Results                            
==============================================================================
Dep. Variable:              sd_pooled   R-squared:                       0.575
Model:                            OLS   Adj. R-squared:                  0.564
Method:                 Least Squares   F-statistic:                     49.56
Date:                Sun, 29 Mar 2026   Prob (F-statistic):               0.00
Time:                        15:20:30   Log-Likelihood:                 380.89
No. Observations:                2408   AIC:                            -631.8
Df Residuals:                    2343   BIC:                            -255.7
Df Model:                          64                                         
Covariance Type:            nonrobust                                         
============================================================================================
                               coef    std err          t      P>|t|      [0.025      0.975]
--------------------------------------------------------------------------------------------
const                        3.3901      0.064     52.880      0.000       3.264       3.516
FLead                        0.0527      0.010      5.136      0.000       0.033       0.073
mean_pooled                 -0.2340      0.006    -41.823      0.000      -0.245      -0.223
kim_violence_gore            0.0103      0.003      3.080      0.002       0.004       0.017
kim_sex_nudity               0.0120      0.003      4.612      0.000       0.007       0.017
kim_language                -0.0175      0.002     -7.254      0.000      -0.022      -0.013
major                       -0.0555      0.010     -5.391      0.000      -0.076      -0.035
log_bom_opening_theaters     0.0054      0.002      2.389      0.017       0.001       0.010
genres_count                -0.0046      0.009     -0.528      0.598      -0.022       0.012
yr_1993                     -0.0104      0.046     -0.225      0.822      -0.101       0.080
yr_1994                     -0.0126      0.047     -0.267      0.789      -0.105       0.080
yr_1995                      0.0394      0.047      0.842      0.400      -0.052       0.131
yr_1996                      0.0010      0.046      0.022      0.983      -0.090       0.092
yr_1997                     -0.0134      0.048     -0.281      0.779      -0.107       0.080
yr_1998                      0.0687      0.045      1.540      0.124      -0.019       0.156
yr_1999                      0.0479      0.044      1.089      0.276      -0.038       0.134
yr_2000                     -0.0103      0.046     -0.224      0.823      -0.101       0.080
yr_2001                      0.0554      0.045      1.229      0.219      -0.033       0.144
yr_2002                     -0.0171      0.045     -0.380      0.704      -0.105       0.071
yr_2003                     -0.0244      0.044     -0.551      0.582      -0.111       0.062
yr_2004                      0.0281      0.044      0.635      0.525      -0.059       0.115
yr_2005                      0.0368      0.044      0.837      0.402      -0.049       0.123
yr_2006                      0.0587      0.043      1.354      0.176      -0.026       0.144
yr_2007                      0.1163      0.044      2.670      0.008       0.031       0.202
yr_2008                      0.0694      0.043      1.598      0.110      -0.016       0.155
yr_2009                      0.0426      0.045      0.958      0.338      -0.045       0.130
yr_2010                      0.0119      0.044      0.273      0.785      -0.074       0.098
yr_2011                      0.0377      0.043      0.875      0.382      -0.047       0.122
yr_2012                      0.0141      0.043      0.323      0.746      -0.071       0.099
yr_2013                      0.0043      0.044      0.099      0.921      -0.081       0.090
yr_2014                      0.0126      0.043      0.291      0.771      -0.072       0.098
yr_2015                     -0.0223      0.043     -0.513      0.608      -0.107       0.063
yr_2016                     -0.0245      0.044     -0.562      0.574      -0.110       0.061
yr_2017                     -0.0234      0.045     -0.525      0.600      -0.111       0.064
yr_2018                      0.0061      0.045      0.136      0.892      -0.081       0.094
mo_2                         0.0181      0.024      0.750      0.453      -0.029       0.066
mo_3                         0.0138      0.023      0.596      0.551      -0.032       0.059
mo_4                        -0.0018      0.023     -0.076      0.940      -0.048       0.044
mo_5                         0.0050      0.025      0.201      0.841      -0.044       0.053
mo_6                        -0.0286      0.025     -1.162      0.246      -0.077       0.020
mo_7                        -0.0180      0.024     -0.756      0.450      -0.065       0.029
mo_8                        -0.0051      0.023     -0.221      0.825      -0.050       0.040
mo_9                        -0.0082      0.023     -0.355      0.723      -0.054       0.037
mo_10                        0.0128      0.023      0.565      0.572      -0.032       0.057
mo_11                       -0.0157      0.023     -0.668      0.505      -0.062       0.030
mo_12                       -0.0220      0.023     -0.977      0.329      -0.066       0.022
genre_Action                -0.0730      0.014     -5.289      0.000      -0.100      -0.046
genre_Adventure              0.0046      0.014      0.324      0.746      -0.023       0.032
genre_Animation             -0.0154      0.022     -0.689      0.491      -0.059       0.028
genre_Biography             -0.0689      0.019     -3.567      0.000      -0.107      -0.031
genre_Comedy                -0.0008      0.012     -0.067      0.947      -0.025       0.024
genre_Crime                 -0.0644      0.013     -4.842      0.000      -0.090      -0.038
genre_Drama                  0.0176      0.012      1.463      0.144      -0.006       0.041
genre_Family                 0.0570      0.019      3.035      0.002       0.020       0.094
genre_Fantasy                0.0183      0.016      1.163      0.245      -0.013       0.049
genre_History               -0.0356      0.027     -1.323      0.186      -0.088       0.017
genre_Horror                -0.0378      0.019     -2.024      0.043      -0.074      -0.001
genre_Music                  0.1116      0.024      4.731      0.000       0.065       0.158
genre_Musical                0.3086      0.057      5.460      0.000       0.198       0.420
genre_Mystery               -0.0636      0.016     -3.995      0.000      -0.095      -0.032
genre_News                3.077e-17   7.66e-18      4.015      0.000    1.57e-17    4.58e-17
genre_Romance               -0.0335      0.013     -2.578      0.010      -0.059      -0.008
genre_Sci_Fi                 0.0032      0.017      0.188      0.851      -0.030       0.037
genre_Short               1.002e-17    3.2e-18      3.135      0.002    3.75e-18    1.63e-17
genre_Sport                 -0.0585      0.027     -2.194      0.028      -0.111      -0.006
genre_Thriller              -0.0724      0.013     -5.385      0.000      -0.099      -0.046
genre_War                   -0.0032      0.036     -0.090      0.928      -0.073       0.067
genre_Western                0.0015      0.068      0.022      0.983      -0.131       0.134
==============================================================================
Omnibus:                      900.253   Durbin-Watson:                   2.020
Prob(Omnibus):                  0.000   Jarque-Bera (JB):             5074.356
Skew:                           1.671   Prob(JB):                         0.00
Kurtosis:                       9.277   Cond. No.                     1.02e+16
==============================================================================

Notes:
[1] Standard Errors assume that the covariance matrix of the errors is correctly specified.
[2] The smallest eigenvalue is 3.81e-27. This might indicate that there are
strong multicollinearity problems or that the design matrix is singular.