                            OLS Regression Results                            
==============================================================================
Dep. Variable:              sd_pooled   R-squared:                       0.562
Model:                            OLS   Adj. R-squared:                  0.555
Method:                 Least Squares   F-statistic:                     79.09
Date:                Tue, 31 Mar 2026   Prob (F-statistic):               0.00
Time:                        18:50:13   Log-Likelihood:                 532.88
No. Observations:                4012   AIC:                            -935.8
Df Residuals:                    3947   BIC:                            -526.4
Df Model:                          64                                         
Covariance Type:            nonrobust                                         
============================================================================================
                               coef    std err          t      P>|t|      [0.025      0.975]
--------------------------------------------------------------------------------------------
const                        3.3825      0.048     69.889      0.000       3.288       3.477
FLead                        0.0468      0.008      5.818      0.000       0.031       0.063
mean_pooled                 -0.2336      0.004    -52.887      0.000      -0.242      -0.225
kim_violence_gore            0.0122      0.003      4.786      0.000       0.007       0.017
kim_sex_nudity               0.0115      0.002      5.660      0.000       0.008       0.015
kim_language                -0.0150      0.002     -7.989      0.000      -0.019      -0.011
major                       -0.0389      0.008     -4.841      0.000      -0.055      -0.023
log_bom_opening_theaters     0.0051      0.002      2.940      0.003       0.002       0.009
genres_count                -0.0095      0.007     -1.404      0.160      -0.023       0.004
yr_1993                     -0.0063      0.034     -0.183      0.855      -0.074       0.061
yr_1994                     -0.0030      0.035     -0.086      0.931      -0.072       0.066
yr_1995                      0.0433      0.035      1.249      0.212      -0.025       0.111
yr_1996                      0.0083      0.034      0.245      0.806      -0.058       0.075
yr_1997                      0.0128      0.035      0.368      0.713      -0.055       0.081
yr_1998                      0.0593      0.033      1.772      0.077      -0.006       0.125
yr_1999                      0.0601      0.033      1.843      0.065      -0.004       0.124
yr_2000                     -0.0087      0.034     -0.260      0.795      -0.075       0.057
yr_2001                      0.0555      0.033      1.681      0.093      -0.009       0.120
yr_2002                      0.0158      0.032      0.488      0.625      -0.048       0.079
yr_2003                     -0.0003      0.033     -0.010      0.992      -0.064       0.064
yr_2004                      0.0603      0.032      1.860      0.063      -0.003       0.124
yr_2005                      0.0475      0.032      1.476      0.140      -0.016       0.111
yr_2006                      0.0963      0.032      3.013      0.003       0.034       0.159
yr_2007                      0.1105      0.032      3.470      0.001       0.048       0.173
yr_2008                      0.0519      0.032      1.619      0.105      -0.011       0.115
yr_2009                      0.0319      0.032      0.984      0.325      -0.032       0.096
yr_2010                      0.0262      0.032      0.810      0.418      -0.037       0.090
yr_2011                      0.0294      0.032      0.925      0.355      -0.033       0.092
yr_2012                      0.0139      0.032      0.440      0.660      -0.048       0.076
yr_2013                      0.0070      0.032      0.221      0.825      -0.055       0.069
yr_2014                      0.0389      0.032      1.209      0.227      -0.024       0.102
yr_2015                     -0.0317      0.032     -0.990      0.322      -0.094       0.031
yr_2016                     -0.0353      0.032     -1.096      0.273      -0.099       0.028
yr_2017                      0.0209      0.033      0.644      0.520      -0.043       0.085
yr_2018                      0.0147      0.033      0.451      0.652      -0.049       0.079
mo_2                         0.0079      0.019      0.407      0.684      -0.030       0.046
mo_3                        -0.0044      0.019     -0.237      0.812      -0.041       0.032
mo_4                         0.0007      0.019      0.035      0.972      -0.036       0.037
mo_5                        -0.0128      0.020     -0.650      0.516      -0.051       0.026
mo_6                        -0.0256      0.019     -1.315      0.189      -0.064       0.013
mo_7                        -0.0237      0.019     -1.255      0.209      -0.061       0.013
mo_8                        -0.0250      0.018     -1.370      0.171      -0.061       0.011
mo_9                        -0.0276      0.019     -1.486      0.137      -0.064       0.009
mo_10                       -0.0068      0.018     -0.371      0.710      -0.043       0.029
mo_11                       -0.0243      0.019     -1.295      0.195      -0.061       0.012
mo_12                       -0.0274      0.018     -1.513      0.130      -0.063       0.008
genre_Action                -0.0553      0.011     -5.209      0.000      -0.076      -0.034
genre_Adventure             -0.0060      0.011     -0.532      0.594      -0.028       0.016
genre_Animation             -0.0281      0.018     -1.566      0.118      -0.063       0.007
genre_Biography             -0.0925      0.014     -6.502      0.000      -0.120      -0.065
genre_Comedy                -0.0030      0.010     -0.315      0.752      -0.022       0.016
genre_Crime                 -0.0891      0.010     -8.700      0.000      -0.109      -0.069
genre_Drama                  0.0130      0.009      1.371      0.170      -0.006       0.032
genre_Family                 0.0712      0.015      4.885      0.000       0.043       0.100
genre_Fantasy                0.0042      0.013      0.330      0.741      -0.021       0.029
genre_History                0.0175      0.020      0.858      0.391      -0.022       0.058
genre_Horror                -0.0341      0.015     -2.334      0.020      -0.063      -0.005
genre_Music                  0.1116      0.019      5.838      0.000       0.074       0.149
genre_Musical                0.3190      0.043      7.388      0.000       0.234       0.404
genre_Mystery               -0.0585      0.013     -4.655      0.000      -0.083      -0.034
genre_News               -1.211e-18   5.35e-18     -0.226      0.821   -1.17e-17    9.28e-18
genre_Romance               -0.0185      0.010     -1.796      0.073      -0.039       0.002
genre_Sci_Fi                -0.0129      0.014     -0.954      0.340      -0.040       0.014
genre_Short               2.365e-18   2.64e-18      0.897      0.370   -2.81e-18    7.54e-18
genre_Sport                 -0.0367      0.021     -1.773      0.076      -0.077       0.004
genre_Thriller              -0.0740      0.011     -6.947      0.000      -0.095      -0.053
genre_War                    0.0100      0.029      0.345      0.730      -0.047       0.067
genre_Western               -0.0473      0.051     -0.919      0.358      -0.148       0.054
==============================================================================
Omnibus:                     1650.621   Durbin-Watson:                   2.006
Prob(Omnibus):                  0.000   Jarque-Bera (JB):            13417.311
Skew:                           1.752   Prob(JB):                         0.00
Kurtosis:                      11.245   Cond. No.                     1.02e+16
==============================================================================

Notes:
[1] Standard Errors assume that the covariance matrix of the errors is correctly specified.
[2] The smallest eigenvalue is 6.39e-27. This might indicate that there are
strong multicollinearity problems or that the design matrix is singular.