                            OLS Regression Results                            
==============================================================================
Dep. Variable:              sd_pooled   R-squared:                       0.562
Model:                            OLS   Adj. R-squared:                  0.555
Method:                 Least Squares   F-statistic:                     79.11
Date:                Sun, 29 Mar 2026   Prob (F-statistic):               0.00
Time:                        15:33:59   Log-Likelihood:                 533.20
No. Observations:                4012   AIC:                            -936.4
Df Residuals:                    3947   BIC:                            -527.1
Df Model:                          64                                         
Covariance Type:            nonrobust                                         
============================================================================================
                               coef    std err          t      P>|t|      [0.025      0.975]
--------------------------------------------------------------------------------------------
const                        3.3820      0.048     70.068      0.000       3.287       3.477
FLead                        0.0469      0.008      5.835      0.000       0.031       0.063
mean_pooled                 -0.2335      0.004    -52.952      0.000      -0.242      -0.225
kim_violence_gore            0.0122      0.003      4.775      0.000       0.007       0.017
kim_sex_nudity               0.0115      0.002      5.654      0.000       0.007       0.015
kim_language                -0.0149      0.002     -7.979      0.000      -0.019      -0.011
major                       -0.0392      0.008     -4.879      0.000      -0.055      -0.023
log_bom_opening_theaters     0.0053      0.002      3.047      0.002       0.002       0.009
genres_count                -0.0095      0.007     -1.407      0.159      -0.023       0.004
yr_1993                     -0.0066      0.034     -0.192      0.848      -0.074       0.061
yr_1994                     -0.0038      0.035     -0.109      0.913      -0.073       0.065
yr_1995                      0.0425      0.035      1.226      0.220      -0.025       0.111
yr_1996                      0.0083      0.034      0.244      0.807      -0.058       0.075
yr_1997                      0.0123      0.035      0.355      0.723      -0.056       0.080
yr_1998                      0.0580      0.033      1.734      0.083      -0.008       0.124
yr_1999                      0.0595      0.033      1.828      0.068      -0.004       0.123
yr_2000                     -0.0095      0.034     -0.283      0.777      -0.075       0.056
yr_2001                      0.0550      0.033      1.667      0.096      -0.010       0.120
yr_2002                      0.0149      0.032      0.460      0.646      -0.049       0.079
yr_2003                     -0.0007      0.033     -0.021      0.983      -0.065       0.063
yr_2004                      0.0611      0.032      1.884      0.060      -0.002       0.125
yr_2005                      0.0474      0.032      1.475      0.140      -0.016       0.111
yr_2006                      0.0959      0.032      3.000      0.003       0.033       0.159
yr_2007                      0.1100      0.032      3.455      0.001       0.048       0.172
yr_2008                      0.0514      0.032      1.602      0.109      -0.012       0.114
yr_2009                      0.0309      0.032      0.952      0.341      -0.033       0.095
yr_2010                      0.0253      0.032      0.782      0.434      -0.038       0.089
yr_2011                      0.0287      0.032      0.904      0.366      -0.034       0.091
yr_2012                      0.0142      0.032      0.449      0.654      -0.048       0.076
yr_2013                      0.0062      0.032      0.196      0.845      -0.056       0.069
yr_2014                      0.0391      0.032      1.215      0.224      -0.024       0.102
yr_2015                     -0.0322      0.032     -1.005      0.315      -0.095       0.031
yr_2016                     -0.0356      0.032     -1.105      0.269      -0.099       0.028
yr_2017                      0.0203      0.033      0.624      0.532      -0.043       0.084
yr_2018                      0.0138      0.033      0.422      0.673      -0.050       0.078
mo_2                         0.0078      0.019      0.403      0.687      -0.030       0.046
mo_3                        -0.0039      0.019     -0.210      0.833      -0.040       0.032
mo_4                         0.0004      0.019      0.019      0.985      -0.036       0.037
mo_5                        -0.0130      0.020     -0.660      0.509      -0.052       0.026
mo_6                        -0.0262      0.019     -1.347      0.178      -0.064       0.012
mo_7                        -0.0236      0.019     -1.250      0.211      -0.061       0.013
mo_8                        -0.0254      0.018     -1.392      0.164      -0.061       0.010
mo_9                        -0.0279      0.019     -1.503      0.133      -0.064       0.008
mo_10                       -0.0073      0.018     -0.401      0.689      -0.043       0.028
mo_11                       -0.0245      0.019     -1.307      0.191      -0.061       0.012
mo_12                       -0.0268      0.018     -1.480      0.139      -0.062       0.009
genre_Action                -0.0552      0.011     -5.208      0.000      -0.076      -0.034
genre_Adventure             -0.0058      0.011     -0.519      0.604      -0.028       0.016
genre_Animation             -0.0280      0.018     -1.560      0.119      -0.063       0.007
genre_Biography             -0.0926      0.014     -6.509      0.000      -0.120      -0.065
genre_Comedy                -0.0032      0.010     -0.339      0.735      -0.022       0.015
genre_Crime                 -0.0890      0.010     -8.685      0.000      -0.109      -0.069
genre_Drama                  0.0132      0.009      1.387      0.166      -0.005       0.032
genre_Family                 0.0710      0.015      4.877      0.000       0.042       0.100
genre_Fantasy                0.0043      0.013      0.339      0.735      -0.020       0.029
genre_History                0.0183      0.020      0.899      0.369      -0.022       0.058
genre_Horror                -0.0344      0.015     -2.353      0.019      -0.063      -0.006
genre_Music                  0.1125      0.019      5.886      0.000       0.075       0.150
genre_Musical                0.3186      0.043      7.378      0.000       0.234       0.403
genre_Mystery               -0.0589      0.013     -4.686      0.000      -0.084      -0.034
genre_News                6.298e-18   1.77e-18      3.559      0.000    2.83e-18    9.77e-18
genre_Romance               -0.0188      0.010     -1.820      0.069      -0.039       0.001
genre_Sci_Fi                -0.0131      0.014     -0.964      0.335      -0.040       0.014
genre_Short               9.005e-18   7.05e-18      1.277      0.202   -4.82e-18    2.28e-17
genre_Sport                 -0.0373      0.021     -1.802      0.072      -0.078       0.003
genre_Thriller              -0.0740      0.011     -6.950      0.000      -0.095      -0.053
genre_War                    0.0103      0.029      0.353      0.724      -0.047       0.067
genre_Western               -0.0475      0.051     -0.923      0.356      -0.148       0.053
==============================================================================
Omnibus:                     1647.675   Durbin-Watson:                   2.007
Prob(Omnibus):                  0.000   Jarque-Bera (JB):            13357.059
Skew:                           1.749   Prob(JB):                         0.00
Kurtosis:                      11.226   Cond. No.                     1.02e+16
==============================================================================

Notes:
[1] Standard Errors assume that the covariance matrix of the errors is correctly specified.
[2] The smallest eigenvalue is 6.39e-27. This might indicate that there are
strong multicollinearity problems or that the design matrix is singular.