                            OLS Regression Results                            
==============================================================================
Dep. Variable:              sd_pooled   R-squared:                       0.560
Model:                            OLS   Adj. R-squared:                  0.553
Method:                 Least Squares   F-statistic:                     78.45
Date:                Tue, 31 Mar 2026   Prob (F-statistic):               0.00
Time:                        21:56:58   Log-Likelihood:                 523.78
No. Observations:                4012   AIC:                            -917.6
Df Residuals:                    3947   BIC:                            -508.2
Df Model:                          64                                         
Covariance Type:            nonrobust                                         
============================================================================================
                               coef    std err          t      P>|t|      [0.025      0.975]
--------------------------------------------------------------------------------------------
const                        3.3866      0.049     69.786      0.000       3.291       3.482
FLead                        0.0491      0.008      6.105      0.000       0.033       0.065
mean_pooled                 -0.2349      0.004    -53.311      0.000      -0.244      -0.226
kim_violence_gore            0.0107      0.003      4.213      0.000       0.006       0.016
kim_sex_nudity               0.0104      0.002      5.118      0.000       0.006       0.014
kim_language                -0.0131      0.002     -6.657      0.000      -0.017      -0.009
major                       -0.0376      0.008     -4.664      0.000      -0.053      -0.022
log_bom_opening_theaters     0.0053      0.002      2.974      0.003       0.002       0.009
genres_count                -0.0083      0.007     -1.228      0.220      -0.022       0.005
yr_1993                     -0.0041      0.035     -0.117      0.906      -0.072       0.064
yr_1994                     -0.0009      0.035     -0.024      0.981      -0.070       0.068
yr_1995                      0.0413      0.035      1.189      0.234      -0.027       0.110
yr_1996                      0.0066      0.034      0.195      0.845      -0.060       0.074
yr_1997                      0.0113      0.035      0.325      0.746      -0.057       0.079
yr_1998                      0.0571      0.034      1.703      0.089      -0.009       0.123
yr_1999                      0.0578      0.033      1.771      0.077      -0.006       0.122
yr_2000                     -0.0109      0.034     -0.325      0.746      -0.077       0.055
yr_2001                      0.0580      0.033      1.752      0.080      -0.007       0.123
yr_2002                      0.0156      0.033      0.479      0.632      -0.048       0.079
yr_2003                      0.0009      0.033      0.029      0.977      -0.063       0.065
yr_2004                      0.0645      0.033      1.984      0.047       0.001       0.128
yr_2005                      0.0499      0.032      1.548      0.122      -0.013       0.113
yr_2006                      0.0987      0.032      3.082      0.002       0.036       0.162
yr_2007                      0.1136      0.032      3.559      0.000       0.051       0.176
yr_2008                      0.0536      0.032      1.666      0.096      -0.009       0.117
yr_2009                      0.0334      0.033      1.027      0.304      -0.030       0.097
yr_2010                      0.0258      0.032      0.796      0.426      -0.038       0.089
yr_2011                      0.0318      0.032      0.997      0.319      -0.031       0.094
yr_2012                      0.0139      0.032      0.438      0.662      -0.048       0.076
yr_2013                      0.0051      0.032      0.160      0.873      -0.057       0.068
yr_2014                      0.0371      0.032      1.148      0.251      -0.026       0.100
yr_2015                     -0.0357      0.032     -1.115      0.265      -0.099       0.027
yr_2016                     -0.0372      0.032     -1.152      0.249      -0.101       0.026
yr_2017                      0.0146      0.033      0.449      0.654      -0.049       0.079
yr_2018                      0.0113      0.033      0.344      0.731      -0.053       0.075
mo_2                         0.0098      0.019      0.502      0.616      -0.028       0.048
mo_3                        -0.0040      0.019     -0.214      0.830      -0.040       0.032
mo_4                         0.0018      0.019      0.097      0.923      -0.035       0.039
mo_5                        -0.0109      0.020     -0.551      0.581      -0.050       0.028
mo_6                        -0.0263      0.020     -1.351      0.177      -0.065       0.012
mo_7                        -0.0232      0.019     -1.224      0.221      -0.060       0.014
mo_8                        -0.0252      0.018     -1.379      0.168      -0.061       0.011
mo_9                        -0.0284      0.019     -1.525      0.127      -0.065       0.008
mo_10                       -0.0062      0.018     -0.337      0.736      -0.042       0.030
mo_11                       -0.0232      0.019     -1.232      0.218      -0.060       0.014
mo_12                       -0.0260      0.018     -1.431      0.153      -0.062       0.010
genre_Action                -0.0543      0.011     -5.103      0.000      -0.075      -0.033
genre_Adventure             -0.0036      0.011     -0.320      0.749      -0.026       0.018
genre_Animation             -0.0248      0.018     -1.379      0.168      -0.060       0.010
genre_Biography             -0.0939      0.014     -6.588      0.000      -0.122      -0.066
genre_Comedy                -0.0072      0.009     -0.757      0.449      -0.026       0.011
genre_Crime                 -0.0943      0.010     -9.243      0.000      -0.114      -0.074
genre_Drama                  0.0132      0.010      1.387      0.165      -0.005       0.032
genre_Family                 0.0722      0.015      4.941      0.000       0.044       0.101
genre_Fantasy                0.0067      0.013      0.526      0.599      -0.018       0.031
genre_History                0.0234      0.020      1.145      0.252      -0.017       0.063
genre_Horror                -0.0341      0.015     -2.328      0.020      -0.063      -0.005
genre_Music                  0.1069      0.019      5.585      0.000       0.069       0.144
genre_Musical                0.3222      0.043      7.445      0.000       0.237       0.407
genre_Mystery               -0.0571      0.013     -4.532      0.000      -0.082      -0.032
genre_News                3.599e-18   6.84e-18      0.526      0.599   -9.81e-18     1.7e-17
genre_Romance               -0.0181      0.010     -1.748      0.081      -0.038       0.002
genre_Sci_Fi                -0.0123      0.014     -0.901      0.368      -0.039       0.014
genre_Short               1.716e-19   5.37e-19      0.320      0.749   -8.81e-19    1.22e-18
genre_Sport                 -0.0394      0.021     -1.897      0.058      -0.080       0.001
genre_Thriller              -0.0766      0.011     -7.187      0.000      -0.098      -0.056
genre_War                    0.0085      0.029      0.290      0.772      -0.049       0.066
genre_Western               -0.0458      0.052     -0.888      0.375      -0.147       0.055
==============================================================================
Omnibus:                     1664.610   Durbin-Watson:                   2.003
Prob(Omnibus):                  0.000   Jarque-Bera (JB):            13705.144
Skew:                           1.766   Prob(JB):                         0.00
Kurtosis:                      11.337   Cond. No.                     1.02e+16
==============================================================================

Notes:
[1] Standard Errors assume that the covariance matrix of the errors is correctly specified.
[2] The smallest eigenvalue is 6.29e-27. This might indicate that there are
strong multicollinearity problems or that the design matrix is singular.