                            OLS Regression Results                            
==============================================================================
Dep. Variable:              sd_pooled   R-squared:                       0.561
Model:                            OLS   Adj. R-squared:                  0.554
Method:                 Least Squares   F-statistic:                     78.73
Date:                Tue, 31 Mar 2026   Prob (F-statistic):               0.00
Time:                        21:58:58   Log-Likelihood:                 527.75
No. Observations:                4012   AIC:                            -925.5
Df Residuals:                    3947   BIC:                            -516.2
Df Model:                          64                                         
Covariance Type:            nonrobust                                         
============================================================================================
                               coef    std err          t      P>|t|      [0.025      0.975]
--------------------------------------------------------------------------------------------
const                        3.3831      0.048     69.812      0.000       3.288       3.478
FLead                        0.0492      0.008      6.137      0.000       0.034       0.065
mean_pooled                 -0.2340      0.004    -53.078      0.000      -0.243      -0.225
kim_violence_gore            0.0111      0.003      4.381      0.000       0.006       0.016
kim_sex_nudity               0.0106      0.002      5.282      0.000       0.007       0.015
kim_language                -0.0142      0.002     -7.226      0.000      -0.018      -0.010
major                       -0.0394      0.008     -4.892      0.000      -0.055      -0.024
log_bom_opening_theaters     0.0058      0.002      3.300      0.001       0.002       0.009
genres_count                -0.0090      0.007     -1.329      0.184      -0.022       0.004
yr_1993                     -0.0046      0.034     -0.133      0.895      -0.072       0.063
yr_1994                     -0.0033      0.035     -0.095      0.924      -0.072       0.066
yr_1995                      0.0405      0.035      1.165      0.244      -0.028       0.109
yr_1996                      0.0074      0.034      0.217      0.828      -0.059       0.074
yr_1997                      0.0094      0.035      0.271      0.787      -0.059       0.077
yr_1998                      0.0561      0.033      1.676      0.094      -0.010       0.122
yr_1999                      0.0580      0.033      1.777      0.076      -0.006       0.122
yr_2000                     -0.0116      0.034     -0.346      0.729      -0.078       0.054
yr_2001                      0.0562      0.033      1.700      0.089      -0.009       0.121
yr_2002                      0.0139      0.032      0.427      0.670      -0.050       0.078
yr_2003                      0.0005      0.033      0.016      0.988      -0.064       0.065
yr_2004                      0.0613      0.032      1.886      0.059      -0.002       0.125
yr_2005                      0.0481      0.032      1.492      0.136      -0.015       0.111
yr_2006                      0.0972      0.032      3.037      0.002       0.034       0.160
yr_2007                      0.1117      0.032      3.503      0.000       0.049       0.174
yr_2008                      0.0511      0.032      1.592      0.111      -0.012       0.114
yr_2009                      0.0315      0.033      0.967      0.334      -0.032       0.095
yr_2010                      0.0245      0.032      0.757      0.449      -0.039       0.088
yr_2011                      0.0298      0.032      0.934      0.350      -0.033       0.092
yr_2012                      0.0139      0.032      0.438      0.662      -0.048       0.076
yr_2013                      0.0050      0.032      0.157      0.875      -0.058       0.068
yr_2014                      0.0352      0.032      1.094      0.274      -0.028       0.098
yr_2015                     -0.0346      0.032     -1.080      0.280      -0.097       0.028
yr_2016                     -0.0401      0.032     -1.242      0.214      -0.103       0.023
yr_2017                      0.0132      0.033      0.405      0.685      -0.051       0.077
yr_2018                      0.0086      0.033      0.262      0.794      -0.056       0.073
mo_2                         0.0091      0.019      0.466      0.641      -0.029       0.047
mo_3                        -0.0056      0.019     -0.299      0.765      -0.042       0.031
mo_4                         0.0018      0.019      0.099      0.921      -0.035       0.039
mo_5                        -0.0115      0.020     -0.584      0.559      -0.050       0.027
mo_6                        -0.0257      0.019     -1.320      0.187      -0.064       0.012
mo_7                        -0.0235      0.019     -1.241      0.215      -0.061       0.014
mo_8                        -0.0261      0.018     -1.430      0.153      -0.062       0.010
mo_9                        -0.0285      0.019     -1.536      0.125      -0.065       0.008
mo_10                       -0.0088      0.018     -0.483      0.629      -0.045       0.027
mo_11                       -0.0240      0.019     -1.279      0.201      -0.061       0.013
mo_12                       -0.0275      0.018     -1.515      0.130      -0.063       0.008
genre_Action                -0.0548      0.011     -5.162      0.000      -0.076      -0.034
genre_Adventure             -0.0037      0.011     -0.328      0.743      -0.026       0.018
genre_Animation             -0.0264      0.018     -1.469      0.142      -0.062       0.009
genre_Biography             -0.0924      0.014     -6.487      0.000      -0.120      -0.065
genre_Comedy                -0.0062      0.009     -0.658      0.510      -0.025       0.012
genre_Crime                 -0.0935      0.010     -9.181      0.000      -0.113      -0.074
genre_Drama                  0.0131      0.010      1.371      0.171      -0.006       0.032
genre_Family                 0.0718      0.015      4.920      0.000       0.043       0.100
genre_Fantasy                0.0064      0.013      0.505      0.614      -0.018       0.031
genre_History                0.0233      0.020      1.142      0.254      -0.017       0.063
genre_Horror                -0.0322      0.015     -2.203      0.028      -0.061      -0.004
genre_Music                  0.1101      0.019      5.751      0.000       0.073       0.148
genre_Musical                0.3217      0.043      7.441      0.000       0.237       0.406
genre_Mystery               -0.0569      0.013     -4.519      0.000      -0.082      -0.032
genre_News               -6.181e-18   8.68e-18     -0.712      0.476   -2.32e-17    1.08e-17
genre_Romance               -0.0166      0.010     -1.609      0.108      -0.037       0.004
genre_Sci_Fi                -0.0122      0.014     -0.900      0.368      -0.039       0.014
genre_Short               2.175e-18   4.59e-18      0.473      0.636   -6.83e-18    1.12e-17
genre_Sport                 -0.0401      0.021     -1.934      0.053      -0.081       0.001
genre_Thriller              -0.0748      0.011     -7.007      0.000      -0.096      -0.054
genre_War                    0.0035      0.029      0.118      0.906      -0.054       0.061
genre_Western               -0.0487      0.052     -0.945      0.345      -0.150       0.052
==============================================================================
Omnibus:                     1655.733   Durbin-Watson:                   2.004
Prob(Omnibus):                  0.000   Jarque-Bera (JB):            13549.663
Skew:                           1.756   Prob(JB):                         0.00
Kurtosis:                      11.289   Cond. No.                     1.02e+16
==============================================================================

Notes:
[1] Standard Errors assume that the covariance matrix of the errors is correctly specified.
[2] The smallest eigenvalue is 6.28e-27. This might indicate that there are
strong multicollinearity problems or that the design matrix is singular.