                            OLS Regression Results                            
==============================================================================
Dep. Variable:              sd_pooled   R-squared:                       0.559
Model:                            OLS   Adj. R-squared:                  0.551
Method:                 Least Squares   F-statistic:                     78.02
Date:                Wed, 01 Apr 2026   Prob (F-statistic):               0.00
Time:                        00:12:36   Log-Likelihood:                 517.55
No. Observations:                4012   AIC:                            -905.1
Df Residuals:                    3947   BIC:                            -495.8
Df Model:                          64                                         
Covariance Type:            nonrobust                                         
============================================================================================
                               coef    std err          t      P>|t|      [0.025      0.975]
--------------------------------------------------------------------------------------------
const                        3.4120      0.049     70.314      0.000       3.317       3.507
FLead                        0.0495      0.008      6.136      0.000       0.034       0.065
mean_pooled                 -0.2362      0.004    -53.665      0.000      -0.245      -0.228
kim_violence_gore            0.0152      0.002      6.070      0.000       0.010       0.020
kim_sex_nudity               0.0021      0.003      0.824      0.410      -0.003       0.007
kim_language                -0.0114      0.002     -6.321      0.000      -0.015      -0.008
major                       -0.0396      0.008     -4.909      0.000      -0.055      -0.024
log_bom_opening_theaters     0.0047      0.002      2.672      0.008       0.001       0.008
genres_count                -0.0147      0.007     -2.182      0.029      -0.028      -0.001
yr_1993                     -0.0088      0.035     -0.254      0.799      -0.077       0.059
yr_1994                     -0.0030      0.035     -0.086      0.931      -0.072       0.066
yr_1995                      0.0396      0.035      1.138      0.255      -0.029       0.108
yr_1996                      0.0022      0.034      0.064      0.949      -0.065       0.069
yr_1997                      0.0041      0.035      0.119      0.905      -0.064       0.072
yr_1998                      0.0564      0.034      1.679      0.093      -0.009       0.122
yr_1999                      0.0629      0.033      1.921      0.055      -0.001       0.127
yr_2000                     -0.0033      0.034     -0.097      0.922      -0.069       0.063
yr_2001                      0.0630      0.033      1.904      0.057      -0.002       0.128
yr_2002                      0.0204      0.033      0.627      0.531      -0.043       0.084
yr_2003                      0.0080      0.033      0.243      0.808      -0.056       0.072
yr_2004                      0.0726      0.033      2.234      0.026       0.009       0.136
yr_2005                      0.0560      0.032      1.736      0.083      -0.007       0.119
yr_2006                      0.1076      0.032      3.358      0.001       0.045       0.170
yr_2007                      0.1196      0.032      3.744      0.000       0.057       0.182
yr_2008                      0.0611      0.032      1.900      0.057      -0.002       0.124
yr_2009                      0.0452      0.033      1.389      0.165      -0.019       0.109
yr_2010                      0.0368      0.032      1.135      0.256      -0.027       0.100
yr_2011                      0.0393      0.032      1.233      0.218      -0.023       0.102
yr_2012                      0.0215      0.032      0.678      0.498      -0.041       0.084
yr_2013                      0.0135      0.032      0.422      0.673      -0.049       0.076
yr_2014                      0.0430      0.032      1.331      0.183      -0.020       0.106
yr_2015                     -0.0263      0.032     -0.819      0.413      -0.089       0.037
yr_2016                     -0.0338      0.032     -1.045      0.296      -0.097       0.030
yr_2017                      0.0250      0.033      0.766      0.444      -0.039       0.089
yr_2018                      0.0154      0.033      0.468      0.639      -0.049       0.080
mo_2                         0.0106      0.020      0.543      0.587      -0.028       0.049
mo_3                        -0.0030      0.019     -0.164      0.870      -0.039       0.033
mo_4                         0.0022      0.019      0.120      0.905      -0.035       0.039
mo_5                        -0.0092      0.020     -0.465      0.642      -0.048       0.030
mo_6                        -0.0230      0.020     -1.180      0.238      -0.061       0.015
mo_7                        -0.0209      0.019     -1.101      0.271      -0.058       0.016
mo_8                        -0.0238      0.018     -1.298      0.194      -0.060       0.012
mo_9                        -0.0256      0.019     -1.376      0.169      -0.062       0.011
mo_10                       -0.0059      0.018     -0.325      0.745      -0.042       0.030
mo_11                       -0.0198      0.019     -1.052      0.293      -0.057       0.017
mo_12                       -0.0255      0.018     -1.399      0.162      -0.061       0.010
genre_Action                -0.0615      0.011     -5.811      0.000      -0.082      -0.041
genre_Adventure             -0.0067      0.011     -0.597      0.551      -0.029       0.015
genre_Animation             -0.0313      0.018     -1.734      0.083      -0.067       0.004
genre_Biography             -0.0893      0.014     -6.253      0.000      -0.117      -0.061
genre_Comedy                 0.0035      0.009      0.372      0.710      -0.015       0.022
genre_Crime                 -0.0878      0.010     -8.541      0.000      -0.108      -0.068
genre_Drama                  0.0156      0.010      1.637      0.102      -0.003       0.034
genre_Family                 0.0635      0.015      4.351      0.000       0.035       0.092
genre_Fantasy                0.0070      0.013      0.550      0.582      -0.018       0.032
genre_History                0.0191      0.020      0.934      0.350      -0.021       0.059
genre_Horror                -0.0425      0.015     -2.917      0.004      -0.071      -0.014
genre_Music                  0.1177      0.019      6.141      0.000       0.080       0.155
genre_Musical                0.3263      0.043      7.521      0.000       0.241       0.411
genre_Mystery               -0.0562      0.013     -4.454      0.000      -0.081      -0.031
genre_News                6.252e-18   1.66e-17      0.377      0.706   -2.62e-17    3.87e-17
genre_Romance               -0.0057      0.010     -0.565      0.572      -0.025       0.014
genre_Sci_Fi                -0.0129      0.014     -0.947      0.344      -0.040       0.014
genre_Short              -8.303e-19   1.49e-18     -0.556      0.578   -3.76e-18     2.1e-18
genre_Sport                 -0.0391      0.021     -1.881      0.060      -0.080       0.002
genre_Thriller              -0.0757      0.011     -7.084      0.000      -0.097      -0.055
genre_War                   -0.0010      0.029     -0.034      0.973      -0.058       0.056
genre_Western               -0.0575      0.052     -1.114      0.265      -0.159       0.044
==============================================================================
Omnibus:                     1634.717   Durbin-Watson:                   2.007
Prob(Omnibus):                  0.000   Jarque-Bera (JB):            12892.725
Skew:                           1.742   Prob(JB):                         0.00
Kurtosis:                      11.062   Cond. No.                     1.02e+16
==============================================================================

Notes:
[1] Standard Errors assume that the covariance matrix of the errors is correctly specified.
[2] The smallest eigenvalue is 6.03e-27. This might indicate that there are
strong multicollinearity problems or that the design matrix is singular.