                            OLS Regression Results                            
==============================================================================
Dep. Variable:              sd_pooled   R-squared:                       0.559
Model:                            OLS   Adj. R-squared:                  0.552
Method:                 Least Squares   F-statistic:                     78.23
Date:                Wed, 01 Apr 2026   Prob (F-statistic):               0.00
Time:                        00:05:48   Log-Likelihood:                 520.61
No. Observations:                4012   AIC:                            -911.2
Df Residuals:                    3947   BIC:                            -501.9
Df Model:                          64                                         
Covariance Type:            nonrobust                                         
============================================================================================
                               coef    std err          t      P>|t|      [0.025      0.975]
--------------------------------------------------------------------------------------------
const                        3.4015      0.048     70.198      0.000       3.306       3.496
FLead                        0.0485      0.008      6.019      0.000       0.033       0.064
mean_pooled                 -0.2356      0.004    -53.515      0.000      -0.244      -0.227
kim_violence_gore            0.0148      0.003      5.897      0.000       0.010       0.020
kim_sex_nudity               0.0067      0.003      2.589      0.010       0.002       0.012
kim_language                -0.0120      0.002     -6.708      0.000      -0.015      -0.008
major                       -0.0392      0.008     -4.865      0.000      -0.055      -0.023
log_bom_opening_theaters     0.0048      0.002      2.691      0.007       0.001       0.008
genres_count                -0.0139      0.007     -2.061      0.039      -0.027      -0.001
yr_1993                     -0.0086      0.035     -0.250      0.802      -0.076       0.059
yr_1994                     -0.0040      0.035     -0.112      0.910      -0.073       0.065
yr_1995                      0.0387      0.035      1.111      0.266      -0.030       0.107
yr_1996                      0.0027      0.034      0.078      0.938      -0.064       0.070
yr_1997                      0.0038      0.035      0.109      0.913      -0.064       0.072
yr_1998                      0.0562      0.034      1.675      0.094      -0.010       0.122
yr_1999                      0.0621      0.033      1.900      0.058      -0.002       0.126
yr_2000                     -0.0060      0.034     -0.179      0.858      -0.072       0.060
yr_2001                      0.0602      0.033      1.819      0.069      -0.005       0.125
yr_2002                      0.0176      0.033      0.542      0.588      -0.046       0.081
yr_2003                      0.0039      0.033      0.117      0.906      -0.060       0.068
yr_2004                      0.0685      0.033      2.107      0.035       0.005       0.132
yr_2005                      0.0535      0.032      1.660      0.097      -0.010       0.117
yr_2006                      0.1049      0.032      3.275      0.001       0.042       0.168
yr_2007                      0.1169      0.032      3.662      0.000       0.054       0.179
yr_2008                      0.0591      0.032      1.839      0.066      -0.004       0.122
yr_2009                      0.0417      0.033      1.281      0.200      -0.022       0.105
yr_2010                      0.0341      0.032      1.052      0.293      -0.029       0.098
yr_2011                      0.0369      0.032      1.158      0.247      -0.026       0.099
yr_2012                      0.0185      0.032      0.581      0.561      -0.044       0.081
yr_2013                      0.0110      0.032      0.344      0.731      -0.052       0.074
yr_2014                      0.0405      0.032      1.254      0.210      -0.023       0.104
yr_2015                     -0.0281      0.032     -0.877      0.380      -0.091       0.035
yr_2016                     -0.0349      0.032     -1.078      0.281      -0.098       0.029
yr_2017                      0.0228      0.033      0.699      0.484      -0.041       0.087
yr_2018                      0.0140      0.033      0.427      0.669      -0.050       0.078
mo_2                         0.0097      0.020      0.498      0.619      -0.029       0.048
mo_3                        -0.0028      0.019     -0.153      0.878      -0.039       0.034
mo_4                         0.0025      0.019      0.132      0.895      -0.034       0.039
mo_5                        -0.0096      0.020     -0.486      0.627      -0.048       0.029
mo_6                        -0.0234      0.020     -1.200      0.230      -0.062       0.015
mo_7                        -0.0218      0.019     -1.150      0.250      -0.059       0.015
mo_8                        -0.0233      0.018     -1.275      0.202      -0.059       0.013
mo_9                        -0.0264      0.019     -1.417      0.157      -0.063       0.010
mo_10                       -0.0056      0.018     -0.305      0.761      -0.041       0.030
mo_11                       -0.0203      0.019     -1.079      0.280      -0.057       0.017
mo_12                       -0.0253      0.018     -1.393      0.164      -0.061       0.010
genre_Action                -0.0607      0.011     -5.731      0.000      -0.081      -0.040
genre_Adventure             -0.0063      0.011     -0.562      0.574      -0.028       0.016
genre_Animation             -0.0299      0.018     -1.661      0.097      -0.065       0.005
genre_Biography             -0.0891      0.014     -6.246      0.000      -0.117      -0.061
genre_Comedy                 0.0019      0.010      0.198      0.843      -0.017       0.021
genre_Crime                 -0.0885      0.010     -8.613      0.000      -0.109      -0.068
genre_Drama                  0.0148      0.010      1.553      0.121      -0.004       0.034
genre_Family                 0.0655      0.015      4.493      0.000       0.037       0.094
genre_Fantasy                0.0060      0.013      0.475      0.635      -0.019       0.031
genre_History                0.0210      0.020      1.025      0.306      -0.019       0.061
genre_Horror                -0.0423      0.015     -2.908      0.004      -0.071      -0.014
genre_Music                  0.1163      0.019      6.071      0.000       0.079       0.154
genre_Musical                0.3237      0.043      7.473      0.000       0.239       0.409
genre_Mystery               -0.0560      0.013     -4.441      0.000      -0.081      -0.031
genre_News                5.543e-19   4.73e-18      0.117      0.907   -8.72e-18    9.83e-18
genre_Romance               -0.0074      0.010     -0.730      0.466      -0.027       0.012
genre_Sci_Fi                -0.0132      0.014     -0.974      0.330      -0.040       0.013
genre_Short              -3.935e-19   4.27e-18     -0.092      0.927   -8.76e-18    7.98e-18
genre_Sport                 -0.0395      0.021     -1.899      0.058      -0.080       0.001
genre_Thriller              -0.0758      0.011     -7.098      0.000      -0.097      -0.055
genre_War                    0.0006      0.029      0.021      0.983      -0.057       0.058
genre_Western               -0.0549      0.052     -1.064      0.287      -0.156       0.046
==============================================================================
Omnibus:                     1627.702   Durbin-Watson:                   2.004
Prob(Omnibus):                  0.000   Jarque-Bera (JB):            12739.150
Skew:                           1.735   Prob(JB):                         0.00
Kurtosis:                      11.010   Cond. No.                     1.02e+16
==============================================================================

Notes:
[1] Standard Errors assume that the covariance matrix of the errors is correctly specified.
[2] The smallest eigenvalue is 6.02e-27. This might indicate that there are
strong multicollinearity problems or that the design matrix is singular.