                            OLS Regression Results                            
==============================================================================
Dep. Variable:              sd_pooled   R-squared:                       0.562
Model:                            OLS   Adj. R-squared:                  0.555
Method:                 Least Squares   F-statistic:                     79.17
Date:                Tue, 31 Mar 2026   Prob (F-statistic):               0.00
Time:                        11:33:40   Log-Likelihood:                 533.95
No. Observations:                4012   AIC:                            -937.9
Df Residuals:                    3947   BIC:                            -528.6
Df Model:                          64                                         
Covariance Type:            nonrobust                                         
============================================================================================
                               coef    std err          t      P>|t|      [0.025      0.975]
--------------------------------------------------------------------------------------------
const                        3.3772      0.048     69.807      0.000       3.282       3.472
FLead                        0.0469      0.008      5.840      0.000       0.031       0.063
mean_pooled                 -0.2334      0.004    -52.948      0.000      -0.242      -0.225
kim_violence_gore            0.0121      0.003      4.757      0.000       0.007       0.017
kim_sex_nudity               0.0116      0.002      5.704      0.000       0.008       0.016
kim_language                -0.0150      0.002     -7.988      0.000      -0.019      -0.011
major                       -0.0400      0.008     -4.974      0.000      -0.056      -0.024
log_bom_opening_theaters     0.0058      0.002      3.280      0.001       0.002       0.009
genres_count                -0.0095      0.007     -1.401      0.161      -0.023       0.004
yr_1993                     -0.0062      0.034     -0.181      0.856      -0.074       0.061
yr_1994                     -0.0033      0.035     -0.095      0.925      -0.072       0.066
yr_1995                      0.0433      0.035      1.248      0.212      -0.025       0.111
yr_1996                      0.0086      0.034      0.254      0.800      -0.058       0.075
yr_1997                      0.0123      0.035      0.355      0.723      -0.056       0.080
yr_1998                      0.0587      0.033      1.756      0.079      -0.007       0.124
yr_1999                      0.0602      0.033      1.848      0.065      -0.004       0.124
yr_2000                     -0.0091      0.034     -0.271      0.786      -0.075       0.057
yr_2001                      0.0557      0.033      1.688      0.092      -0.009       0.120
yr_2002                      0.0159      0.032      0.489      0.625      -0.048       0.079
yr_2003                     -0.0006      0.033     -0.018      0.986      -0.065       0.063
yr_2004                      0.0607      0.032      1.871      0.061      -0.003       0.124
yr_2005                      0.0473      0.032      1.470      0.142      -0.016       0.110
yr_2006                      0.0965      0.032      3.020      0.003       0.034       0.159
yr_2007                      0.1100      0.032      3.456      0.001       0.048       0.172
yr_2008                      0.0517      0.032      1.612      0.107      -0.011       0.115
yr_2009                      0.0314      0.032      0.968      0.333      -0.032       0.095
yr_2010                      0.0261      0.032      0.806      0.420      -0.037       0.090
yr_2011                      0.0295      0.032      0.929      0.353      -0.033       0.092
yr_2012                      0.0148      0.032      0.469      0.639      -0.047       0.077
yr_2013                      0.0070      0.032      0.218      0.827      -0.055       0.069
yr_2014                      0.0395      0.032      1.227      0.220      -0.024       0.103
yr_2015                     -0.0316      0.032     -0.988      0.323      -0.094       0.031
yr_2016                     -0.0359      0.032     -1.113      0.266      -0.099       0.027
yr_2017                      0.0206      0.033      0.632      0.527      -0.043       0.084
yr_2018                      0.0148      0.033      0.453      0.651      -0.049       0.079
mo_2                         0.0078      0.019      0.403      0.687      -0.030       0.046
mo_3                        -0.0041      0.019     -0.223      0.824      -0.040       0.032
mo_4                         0.0008      0.019      0.041      0.968      -0.036       0.037
mo_5                        -0.0124      0.020     -0.630      0.529      -0.051       0.026
mo_6                        -0.0252      0.019     -1.294      0.196      -0.063       0.013
mo_7                        -0.0231      0.019     -1.224      0.221      -0.060       0.014
mo_8                        -0.0250      0.018     -1.371      0.170      -0.061       0.011
mo_9                        -0.0276      0.019     -1.487      0.137      -0.064       0.009
mo_10                       -0.0068      0.018     -0.373      0.709      -0.043       0.029
mo_11                       -0.0240      0.019     -1.280      0.200      -0.061       0.013
mo_12                       -0.0261      0.018     -1.441      0.150      -0.062       0.009
genre_Action                -0.0555      0.011     -5.233      0.000      -0.076      -0.035
genre_Adventure             -0.0061      0.011     -0.545      0.586      -0.028       0.016
genre_Animation             -0.0280      0.018     -1.561      0.119      -0.063       0.007
genre_Biography             -0.0921      0.014     -6.479      0.000      -0.120      -0.064
genre_Comedy                -0.0033      0.010     -0.344      0.731      -0.022       0.015
genre_Crime                 -0.0890      0.010     -8.688      0.000      -0.109      -0.069
genre_Drama                  0.0138      0.010      1.451      0.147      -0.005       0.032
genre_Family                 0.0711      0.015      4.883      0.000       0.043       0.100
genre_Fantasy                0.0041      0.013      0.323      0.747      -0.021       0.029
genre_History                0.0176      0.020      0.861      0.389      -0.022       0.058
genre_Horror                -0.0341      0.015     -2.338      0.019      -0.063      -0.006
genre_Music                  0.1114      0.019      5.826      0.000       0.074       0.149
genre_Musical                0.3205      0.043      7.423      0.000       0.236       0.405
genre_Mystery               -0.0589      0.013     -4.681      0.000      -0.084      -0.034
genre_News               -6.063e-18   5.04e-18     -1.203      0.229   -1.59e-17    3.82e-18
genre_Romance               -0.0188      0.010     -1.824      0.068      -0.039       0.001
genre_Sci_Fi                -0.0130      0.014     -0.958      0.338      -0.040       0.014
genre_Short              -5.213e-18   2.25e-18     -2.314      0.021   -9.63e-18   -7.97e-19
genre_Sport                 -0.0377      0.021     -1.821      0.069      -0.078       0.003
genre_Thriller              -0.0742      0.011     -6.974      0.000      -0.095      -0.053
genre_War                    0.0106      0.029      0.364      0.716      -0.047       0.068
genre_Western               -0.0477      0.051     -0.927      0.354      -0.149       0.053
==============================================================================
Omnibus:                     1646.210   Durbin-Watson:                   2.004
Prob(Omnibus):                  0.000   Jarque-Bera (JB):            13323.220
Skew:                           1.748   Prob(JB):                         0.00
Kurtosis:                      11.215   Cond. No.                     1.02e+16
==============================================================================

Notes:
[1] Standard Errors assume that the covariance matrix of the errors is correctly specified.
[2] The smallest eigenvalue is 6.38e-27. This might indicate that there are
strong multicollinearity problems or that the design matrix is singular.