                            OLS Regression Results                            
==============================================================================
Dep. Variable:              sd_pooled   R-squared:                       0.561
Model:                            OLS   Adj. R-squared:                  0.554
Method:                 Least Squares   F-statistic:                     78.96
Date:                Tue, 31 Mar 2026   Prob (F-statistic):               0.00
Time:                        12:26:07   Log-Likelihood:                 530.96
No. Observations:                4012   AIC:                            -931.9
Df Residuals:                    3947   BIC:                            -522.6
Df Model:                          64                                         
Covariance Type:            nonrobust                                         
============================================================================================
                               coef    std err          t      P>|t|      [0.025      0.975]
--------------------------------------------------------------------------------------------
const                        3.3811      0.048     69.844      0.000       3.286       3.476
FLead                        0.0462      0.008      5.753      0.000       0.030       0.062
mean_pooled                 -0.2333      0.004    -52.931      0.000      -0.242      -0.225
kim_violence_gore            0.0103      0.002      4.210      0.000       0.006       0.015
kim_sex_nudity               0.0119      0.002      5.914      0.000       0.008       0.016
kim_language                -0.0147      0.002     -7.862      0.000      -0.018      -0.011
major                       -0.0394      0.008     -4.896      0.000      -0.055      -0.024
log_bom_opening_theaters     0.0056      0.002      3.138      0.002       0.002       0.009
genres_count                -0.0088      0.007     -1.299      0.194      -0.022       0.004
yr_1993                     -0.0040      0.034     -0.116      0.907      -0.072       0.064
yr_1994                     -0.0005      0.035     -0.016      0.988      -0.070       0.068
yr_1995                      0.0460      0.035      1.326      0.185      -0.022       0.114
yr_1996                      0.0104      0.034      0.306      0.760      -0.056       0.077
yr_1997                      0.0150      0.035      0.432      0.666      -0.053       0.083
yr_1998                      0.0607      0.033      1.813      0.070      -0.005       0.126
yr_1999                      0.0622      0.033      1.909      0.056      -0.002       0.126
yr_2000                     -0.0073      0.034     -0.216      0.829      -0.073       0.059
yr_2001                      0.0583      0.033      1.765      0.078      -0.006       0.123
yr_2002                      0.0188      0.032      0.578      0.563      -0.045       0.082
yr_2003                      0.0019      0.033      0.058      0.954      -0.062       0.066
yr_2004                      0.0636      0.032      1.962      0.050    5.09e-05       0.127
yr_2005                      0.0503      0.032      1.563      0.118      -0.013       0.113
yr_2006                      0.0994      0.032      3.110      0.002       0.037       0.162
yr_2007                      0.1129      0.032      3.546      0.000       0.050       0.175
yr_2008                      0.0543      0.032      1.692      0.091      -0.009       0.117
yr_2009                      0.0348      0.032      1.073      0.283      -0.029       0.098
yr_2010                      0.0297      0.032      0.919      0.358      -0.034       0.093
yr_2011                      0.0327      0.032      1.028      0.304      -0.030       0.095
yr_2012                      0.0179      0.032      0.564      0.573      -0.044       0.080
yr_2013                      0.0099      0.032      0.310      0.756      -0.053       0.072
yr_2014                      0.0419      0.032      1.302      0.193      -0.021       0.105
yr_2015                     -0.0298      0.032     -0.931      0.352      -0.092       0.033
yr_2016                     -0.0335      0.032     -1.040      0.299      -0.097       0.030
yr_2017                      0.0226      0.033      0.694      0.488      -0.041       0.086
yr_2018                      0.0181      0.033      0.555      0.579      -0.046       0.082
mo_2                         0.0081      0.019      0.414      0.679      -0.030       0.046
mo_3                        -0.0039      0.019     -0.212      0.832      -0.040       0.032
mo_4                         0.0019      0.019      0.103      0.918      -0.035       0.039
mo_5                        -0.0122      0.020     -0.619      0.536      -0.051       0.026
mo_6                        -0.0248      0.019     -1.274      0.203      -0.063       0.013
mo_7                        -0.0232      0.019     -1.225      0.221      -0.060       0.014
mo_8                        -0.0249      0.018     -1.365      0.172      -0.061       0.011
mo_9                        -0.0275      0.019     -1.480      0.139      -0.064       0.009
mo_10                       -0.0058      0.018     -0.318      0.750      -0.042       0.030
mo_11                       -0.0237      0.019     -1.261      0.207      -0.060       0.013
mo_12                       -0.0257      0.018     -1.415      0.157      -0.061       0.010
genre_Action                -0.0536      0.011     -5.064      0.000      -0.074      -0.033
genre_Adventure             -0.0054      0.011     -0.476      0.634      -0.027       0.017
genre_Animation             -0.0301      0.018     -1.678      0.093      -0.065       0.005
genre_Biography             -0.0932      0.014     -6.550      0.000      -0.121      -0.065
genre_Comedy                -0.0061      0.009     -0.649      0.516      -0.025       0.012
genre_Crime                 -0.0878      0.010     -8.579      0.000      -0.108      -0.068
genre_Drama                  0.0124      0.009      1.307      0.191      -0.006       0.031
genre_Family                 0.0700      0.015      4.806      0.000       0.041       0.099
genre_Fantasy                0.0045      0.013      0.360      0.719      -0.020       0.029
genre_History                0.0189      0.020      0.928      0.354      -0.021       0.059
genre_Horror                -0.0298      0.014     -2.059      0.040      -0.058      -0.001
genre_Music                  0.1093      0.019      5.722      0.000       0.072       0.147
genre_Musical                0.3156      0.043      7.307      0.000       0.231       0.400
genre_Mystery               -0.0587      0.013     -4.667      0.000      -0.083      -0.034
genre_News               -2.891e-17   7.92e-18     -3.650      0.000   -4.44e-17   -1.34e-17
genre_Romance               -0.0209      0.010     -2.036      0.042      -0.041      -0.001
genre_Sci_Fi                -0.0125      0.014     -0.918      0.359      -0.039       0.014
genre_Short              -3.406e-18   2.93e-18     -1.162      0.245   -9.16e-18    2.34e-18
genre_Sport                 -0.0383      0.021     -1.846      0.065      -0.079       0.002
genre_Thriller              -0.0734      0.011     -6.895      0.000      -0.094      -0.053
genre_War                    0.0151      0.029      0.518      0.604      -0.042       0.072
genre_Western               -0.0449      0.051     -0.871      0.384      -0.146       0.056
==============================================================================
Omnibus:                     1651.015   Durbin-Watson:                   2.005
Prob(Omnibus):                  0.000   Jarque-Bera (JB):            13413.556
Skew:                           1.753   Prob(JB):                         0.00
Kurtosis:                      11.243   Cond. No.                     1.02e+16
==============================================================================

Notes:
[1] Standard Errors assume that the covariance matrix of the errors is correctly specified.
[2] The smallest eigenvalue is 6.39e-27. This might indicate that there are
strong multicollinearity problems or that the design matrix is singular.