                            OLS Regression Results                            
==============================================================================
Dep. Variable:              sd_pooled   R-squared:                       0.561
Model:                            OLS   Adj. R-squared:                  0.554
Method:                 Least Squares   F-statistic:                     78.94
Date:                Tue, 31 Mar 2026   Prob (F-statistic):               0.00
Time:                        12:20:51   Log-Likelihood:                 530.72
No. Observations:                4012   AIC:                            -931.4
Df Residuals:                    3947   BIC:                            -522.1
Df Model:                          64                                         
Covariance Type:            nonrobust                                         
============================================================================================
                               coef    std err          t      P>|t|      [0.025      0.975]
--------------------------------------------------------------------------------------------
const                        3.3825      0.048     69.894      0.000       3.288       3.477
FLead                        0.0461      0.008      5.736      0.000       0.030       0.062
mean_pooled                 -0.2333      0.004    -52.923      0.000      -0.242      -0.225
kim_violence_gore            0.0100      0.002      4.154      0.000       0.005       0.015
kim_sex_nudity               0.0120      0.002      5.957      0.000       0.008       0.016
kim_language                -0.0147      0.002     -7.855      0.000      -0.018      -0.011
major                       -0.0400      0.008     -4.975      0.000      -0.056      -0.024
log_bom_opening_theaters     0.0056      0.002      3.154      0.002       0.002       0.009
genres_count                -0.0087      0.007     -1.286      0.199      -0.022       0.005
yr_1993                     -0.0015      0.034     -0.043      0.966      -0.069       0.066
yr_1994                      0.0003      0.035      0.009      0.993      -0.069       0.069
yr_1995                      0.0471      0.035      1.356      0.175      -0.021       0.115
yr_1996                      0.0131      0.034      0.386      0.700      -0.054       0.080
yr_1997                      0.0173      0.035      0.498      0.618      -0.051       0.085
yr_1998                      0.0630      0.033      1.882      0.060      -0.003       0.129
yr_1999                      0.0634      0.033      1.946      0.052      -0.000       0.127
yr_2000                     -0.0056      0.034     -0.167      0.867      -0.071       0.060
yr_2001                      0.0607      0.033      1.840      0.066      -0.004       0.125
yr_2002                      0.0196      0.032      0.605      0.545      -0.044       0.083
yr_2003                      0.0038      0.033      0.117      0.907      -0.060       0.068
yr_2004                      0.0653      0.032      2.013      0.044       0.002       0.129
yr_2005                      0.0520      0.032      1.617      0.106      -0.011       0.115
yr_2006                      0.1017      0.032      3.185      0.001       0.039       0.164
yr_2007                      0.1153      0.032      3.627      0.000       0.053       0.178
yr_2008                      0.0568      0.032      1.772      0.077      -0.006       0.120
yr_2009                      0.0366      0.032      1.129      0.259      -0.027       0.100
yr_2010                      0.0318      0.032      0.983      0.326      -0.032       0.095
yr_2011                      0.0334      0.032      1.049      0.294      -0.029       0.096
yr_2012                      0.0190      0.032      0.601      0.548      -0.043       0.081
yr_2013                      0.0118      0.032      0.371      0.711      -0.051       0.074
yr_2014                      0.0433      0.032      1.343      0.179      -0.020       0.106
yr_2015                     -0.0283      0.032     -0.884      0.377      -0.091       0.034
yr_2016                     -0.0319      0.032     -0.990      0.322      -0.095       0.031
yr_2017                      0.0243      0.033      0.746      0.456      -0.040       0.088
yr_2018                      0.0183      0.033      0.562      0.574      -0.046       0.082
mo_2                         0.0066      0.019      0.342      0.733      -0.032       0.045
mo_3                        -0.0051      0.019     -0.277      0.782      -0.041       0.031
mo_4                         0.0004      0.019      0.022      0.982      -0.036       0.037
mo_5                        -0.0133      0.020     -0.676      0.499      -0.052       0.025
mo_6                        -0.0258      0.019     -1.328      0.184      -0.064       0.012
mo_7                        -0.0245      0.019     -1.293      0.196      -0.062       0.013
mo_8                        -0.0263      0.018     -1.442      0.149      -0.062       0.009
mo_9                        -0.0284      0.019     -1.530      0.126      -0.065       0.008
mo_10                       -0.0079      0.018     -0.434      0.664      -0.044       0.028
mo_11                       -0.0252      0.019     -1.344      0.179      -0.062       0.012
mo_12                       -0.0272      0.018     -1.499      0.134      -0.063       0.008
genre_Action                -0.0537      0.011     -5.062      0.000      -0.074      -0.033
genre_Adventure             -0.0056      0.011     -0.497      0.619      -0.028       0.016
genre_Animation             -0.0300      0.018     -1.672      0.095      -0.065       0.005
genre_Biography             -0.0931      0.014     -6.541      0.000      -0.121      -0.065
genre_Comedy                -0.0070      0.009     -0.748      0.455      -0.025       0.011
genre_Crime                 -0.0874      0.010     -8.542      0.000      -0.107      -0.067
genre_Drama                  0.0119      0.009      1.253      0.210      -0.007       0.030
genre_Family                 0.0692      0.015      4.753      0.000       0.041       0.098
genre_Fantasy                0.0053      0.013      0.421      0.674      -0.019       0.030
genre_History                0.0199      0.020      0.973      0.330      -0.020       0.060
genre_Horror                -0.0296      0.014     -2.041      0.041      -0.058      -0.001
genre_Music                  0.1070      0.019      5.619      0.000       0.070       0.144
genre_Musical                0.3176      0.043      7.351      0.000       0.233       0.402
genre_Mystery               -0.0590      0.013     -4.688      0.000      -0.084      -0.034
genre_News                8.394e-18   6.23e-18      1.348      0.178   -3.81e-18    2.06e-17
genre_Romance               -0.0215      0.010     -2.099      0.036      -0.042      -0.001
genre_Sci_Fi                -0.0122      0.014     -0.901      0.368      -0.039       0.014
genre_Short               3.553e-18   3.66e-18      0.971      0.332   -3.62e-18    1.07e-17
genre_Sport                 -0.0391      0.021     -1.887      0.059      -0.080       0.002
genre_Thriller              -0.0738      0.011     -6.928      0.000      -0.095      -0.053
genre_War                    0.0139      0.029      0.479      0.632      -0.043       0.071
genre_Western               -0.0415      0.051     -0.807      0.419      -0.142       0.059
==============================================================================
Omnibus:                     1650.245   Durbin-Watson:                   2.005
Prob(Omnibus):                  0.000   Jarque-Bera (JB):            13421.131
Skew:                           1.751   Prob(JB):                         0.00
Kurtosis:                      11.247   Cond. No.                     1.02e+16
==============================================================================

Notes:
[1] Standard Errors assume that the covariance matrix of the errors is correctly specified.
[2] The smallest eigenvalue is 6.39e-27. This might indicate that there are
strong multicollinearity problems or that the design matrix is singular.