                            OLS Regression Results                            
==============================================================================
Dep. Variable:              sd_pooled   R-squared:                       0.562
Model:                            OLS   Adj. R-squared:                  0.555
Method:                 Least Squares   F-statistic:                     79.06
Date:                Tue, 31 Mar 2026   Prob (F-statistic):               0.00
Time:                        12:21:51   Log-Likelihood:                 532.38
No. Observations:                4012   AIC:                            -934.8
Df Residuals:                    3947   BIC:                            -525.5
Df Model:                          64                                         
Covariance Type:            nonrobust                                         
============================================================================================
                               coef    std err          t      P>|t|      [0.025      0.975]
--------------------------------------------------------------------------------------------
const                        3.3828      0.048     69.948      0.000       3.288       3.478
FLead                        0.0469      0.008      5.836      0.000       0.031       0.063
mean_pooled                 -0.2336      0.004    -52.976      0.000      -0.242      -0.225
kim_violence_gore            0.0111      0.002      4.533      0.000       0.006       0.016
kim_sex_nudity               0.0118      0.002      5.824      0.000       0.008       0.016
kim_language                -0.0147      0.002     -7.895      0.000      -0.018      -0.011
major                       -0.0394      0.008     -4.897      0.000      -0.055      -0.024
log_bom_opening_theaters     0.0056      0.002      3.150      0.002       0.002       0.009
genres_count                -0.0090      0.007     -1.326      0.185      -0.022       0.004
yr_1993                     -0.0059      0.034     -0.171      0.865      -0.073       0.062
yr_1994                     -0.0029      0.035     -0.082      0.935      -0.072       0.066
yr_1995                      0.0429      0.035      1.237      0.216      -0.025       0.111
yr_1996                      0.0084      0.034      0.246      0.806      -0.058       0.075
yr_1997                      0.0127      0.035      0.365      0.715      -0.055       0.081
yr_1998                      0.0580      0.033      1.734      0.083      -0.008       0.124
yr_1999                      0.0587      0.033      1.799      0.072      -0.005       0.123
yr_2000                     -0.0087      0.034     -0.258      0.797      -0.074       0.057
yr_2001                      0.0563      0.033      1.704      0.088      -0.008       0.121
yr_2002                      0.0155      0.032      0.477      0.633      -0.048       0.079
yr_2003                     -0.0001      0.033     -0.003      0.997      -0.064       0.064
yr_2004                      0.0610      0.032      1.880      0.060      -0.003       0.125
yr_2005                      0.0477      0.032      1.483      0.138      -0.015       0.111
yr_2006                      0.0972      0.032      3.039      0.002       0.034       0.160
yr_2007                      0.1105      0.032      3.469      0.001       0.048       0.173
yr_2008                      0.0513      0.032      1.600      0.110      -0.012       0.114
yr_2009                      0.0311      0.032      0.956      0.339      -0.033       0.095
yr_2010                      0.0268      0.032      0.828      0.407      -0.037       0.090
yr_2011                      0.0294      0.032      0.922      0.356      -0.033       0.092
yr_2012                      0.0153      0.032      0.483      0.629      -0.047       0.077
yr_2013                      0.0070      0.032      0.220      0.826      -0.055       0.069
yr_2014                      0.0386      0.032      1.198      0.231      -0.025       0.102
yr_2015                     -0.0319      0.032     -0.996      0.319      -0.095       0.031
yr_2016                     -0.0365      0.032     -1.131      0.258      -0.100       0.027
yr_2017                      0.0199      0.033      0.611      0.541      -0.044       0.084
yr_2018                      0.0138      0.033      0.422      0.673      -0.050       0.078
mo_2                         0.0064      0.019      0.331      0.741      -0.032       0.045
mo_3                        -0.0043      0.019     -0.231      0.817      -0.041       0.032
mo_4                         0.0010      0.019      0.053      0.958      -0.036       0.038
mo_5                        -0.0139      0.020     -0.704      0.482      -0.053       0.025
mo_6                        -0.0253      0.019     -1.299      0.194      -0.063       0.013
mo_7                        -0.0236      0.019     -1.247      0.212      -0.061       0.013
mo_8                        -0.0257      0.018     -1.412      0.158      -0.061       0.010
mo_9                        -0.0285      0.019     -1.538      0.124      -0.065       0.008
mo_10                       -0.0069      0.018     -0.378      0.705      -0.043       0.029
mo_11                       -0.0244      0.019     -1.300      0.194      -0.061       0.012
mo_12                       -0.0260      0.018     -1.435      0.151      -0.062       0.010
genre_Action                -0.0538      0.011     -5.096      0.000      -0.075      -0.033
genre_Adventure             -0.0054      0.011     -0.482      0.630      -0.027       0.017
genre_Animation             -0.0288      0.018     -1.601      0.109      -0.064       0.006
genre_Biography             -0.0927      0.014     -6.514      0.000      -0.121      -0.065
genre_Comedy                -0.0051      0.009     -0.536      0.592      -0.024       0.013
genre_Crime                 -0.0885      0.010     -8.643      0.000      -0.109      -0.068
genre_Drama                  0.0132      0.010      1.390      0.165      -0.005       0.032
genre_Family                 0.0698      0.015      4.797      0.000       0.041       0.098
genre_Fantasy                0.0045      0.013      0.354      0.723      -0.020       0.029
genre_History                0.0186      0.020      0.909      0.364      -0.021       0.059
genre_Horror                -0.0307      0.014     -2.127      0.034      -0.059      -0.002
genre_Music                  0.1101      0.019      5.764      0.000       0.073       0.148
genre_Musical                0.3167      0.043      7.334      0.000       0.232       0.401
genre_Mystery               -0.0595      0.013     -4.729      0.000      -0.084      -0.035
genre_News                6.656e-18   3.98e-18      1.674      0.094   -1.14e-18    1.45e-17
genre_Romance               -0.0207      0.010     -2.026      0.043      -0.041      -0.001
genre_Sci_Fi                -0.0125      0.014     -0.920      0.358      -0.039       0.014
genre_Short              -1.506e-20   3.76e-18     -0.004      0.997   -7.39e-18    7.36e-18
genre_Sport                 -0.0399      0.021     -1.928      0.054      -0.080       0.001
genre_Thriller              -0.0742      0.011     -6.970      0.000      -0.095      -0.053
genre_War                    0.0138      0.029      0.474      0.635      -0.043       0.071
genre_Western               -0.0437      0.051     -0.851      0.395      -0.145       0.057
==============================================================================
Omnibus:                     1647.976   Durbin-Watson:                   2.007
Prob(Omnibus):                  0.000   Jarque-Bera (JB):            13378.622
Skew:                           1.749   Prob(JB):                         0.00
Kurtosis:                      11.234   Cond. No.                     1.02e+16
==============================================================================

Notes:
[1] Standard Errors assume that the covariance matrix of the errors is correctly specified.
[2] The smallest eigenvalue is 6.38e-27. This might indicate that there are
strong multicollinearity problems or that the design matrix is singular.