                            OLS Regression Results                            
==============================================================================
Dep. Variable:              sd_pooled   R-squared:                       0.562
Model:                            OLS   Adj. R-squared:                  0.555
Method:                 Least Squares   F-statistic:                     79.14
Date:                Sun, 29 Mar 2026   Prob (F-statistic):               0.00
Time:                        15:05:58   Log-Likelihood:                 533.55
No. Observations:                4012   AIC:                            -937.1
Df Residuals:                    3947   BIC:                            -527.8
Df Model:                          64                                         
Covariance Type:            nonrobust                                         
============================================================================================
                               coef    std err          t      P>|t|      [0.025      0.975]
--------------------------------------------------------------------------------------------
const                        3.3806      0.048     69.874      0.000       3.286       3.475
FLead                        0.0472      0.008      5.884      0.000       0.032       0.063
mean_pooled                 -0.2335      0.004    -52.987      0.000      -0.242      -0.225
kim_violence_gore            0.0121      0.003      4.759      0.000       0.007       0.017
kim_sex_nudity               0.0115      0.002      5.688      0.000       0.008       0.016
kim_language                -0.0146      0.002     -7.988      0.000      -0.018      -0.011
major                       -0.0397      0.008     -4.937      0.000      -0.055      -0.024
log_bom_opening_theaters     0.0055      0.002      3.120      0.002       0.002       0.009
genres_count                -0.0098      0.007     -1.439      0.150      -0.023       0.004
yr_1993                     -0.0082      0.034     -0.239      0.811      -0.076       0.059
yr_1994                     -0.0065      0.035     -0.185      0.853      -0.075       0.062
yr_1995                      0.0407      0.035      1.174      0.241      -0.027       0.109
yr_1996                      0.0057      0.034      0.169      0.866      -0.061       0.072
yr_1997                      0.0106      0.035      0.307      0.759      -0.057       0.079
yr_1998                      0.0560      0.033      1.676      0.094      -0.009       0.122
yr_1999                      0.0567      0.033      1.742      0.082      -0.007       0.121
yr_2000                     -0.0113      0.034     -0.338      0.736      -0.077       0.054
yr_2001                      0.0524      0.033      1.589      0.112      -0.012       0.117
yr_2002                      0.0130      0.032      0.402      0.688      -0.051       0.077
yr_2003                     -0.0034      0.033     -0.105      0.916      -0.067       0.061
yr_2004                      0.0573      0.032      1.767      0.077      -0.006       0.121
yr_2005                      0.0449      0.032      1.395      0.163      -0.018       0.108
yr_2006                      0.0952      0.032      2.980      0.003       0.033       0.158
yr_2007                      0.1082      0.032      3.399      0.001       0.046       0.171
yr_2008                      0.0494      0.032      1.540      0.124      -0.013       0.112
yr_2009                      0.0279      0.032      0.860      0.390      -0.036       0.092
yr_2010                      0.0236      0.032      0.728      0.467      -0.040       0.087
yr_2011                      0.0266      0.032      0.836      0.403      -0.036       0.089
yr_2012                      0.0125      0.032      0.396      0.692      -0.050       0.075
yr_2013                      0.0029      0.032      0.091      0.927      -0.059       0.065
yr_2014                      0.0375      0.032      1.164      0.245      -0.026       0.101
yr_2015                     -0.0344      0.032     -1.076      0.282      -0.097       0.028
yr_2016                     -0.0384      0.032     -1.192      0.233      -0.102       0.025
yr_2017                      0.0173      0.033      0.531      0.595      -0.046       0.081
yr_2018                      0.0115      0.033      0.352      0.725      -0.052       0.075
mo_2                         0.0093      0.019      0.479      0.632      -0.029       0.047
mo_3                        -0.0032      0.019     -0.172      0.864      -0.039       0.033
mo_4                         0.0014      0.019      0.076      0.939      -0.035       0.038
mo_5                        -0.0115      0.020     -0.582      0.560      -0.050       0.027
mo_6                        -0.0251      0.019     -1.292      0.196      -0.063       0.013
mo_7                        -0.0223      0.019     -1.180      0.238      -0.059       0.015
mo_8                        -0.0242      0.018     -1.329      0.184      -0.060       0.012
mo_9                        -0.0275      0.019     -1.482      0.138      -0.064       0.009
mo_10                       -0.0066      0.018     -0.364      0.716      -0.042       0.029
mo_11                       -0.0234      0.019     -1.247      0.212      -0.060       0.013
mo_12                       -0.0248      0.018     -1.369      0.171      -0.060       0.011
genre_Action                -0.0554      0.011     -5.220      0.000      -0.076      -0.035
genre_Adventure             -0.0044      0.011     -0.396      0.692      -0.026       0.018
genre_Animation             -0.0274      0.018     -1.528      0.127      -0.063       0.008
genre_Biography             -0.0919      0.014     -6.462      0.000      -0.120      -0.064
genre_Comedy                -0.0038      0.010     -0.397      0.691      -0.022       0.015
genre_Crime                 -0.0902      0.010     -8.828      0.000      -0.110      -0.070
genre_Drama                  0.0134      0.010      1.410      0.158      -0.005       0.032
genre_Family                 0.0735      0.015      5.060      0.000       0.045       0.102
genre_Fantasy                0.0050      0.013      0.397      0.692      -0.020       0.030
genre_History                0.0185      0.020      0.909      0.364      -0.021       0.059
genre_Horror                -0.0349      0.015     -2.393      0.017      -0.064      -0.006
genre_Music                  0.1105      0.019      5.781      0.000       0.073       0.148
genre_Musical                0.3186      0.043      7.378      0.000       0.234       0.403
genre_Mystery               -0.0577      0.013     -4.585      0.000      -0.082      -0.033
genre_News               -2.088e-18   4.86e-18     -0.430      0.667   -1.16e-17    7.43e-18
genre_Romance               -0.0182      0.010     -1.767      0.077      -0.038       0.002
genre_Sci_Fi                -0.0131      0.014     -0.967      0.334      -0.040       0.013
genre_Short               5.211e-18   3.17e-18      1.642      0.101   -1.01e-18    1.14e-17
genre_Sport                 -0.0372      0.021     -1.794      0.073      -0.078       0.003
genre_Thriller              -0.0754      0.011     -7.090      0.000      -0.096      -0.055
genre_War                    0.0084      0.029      0.287      0.774      -0.049       0.066
genre_Western               -0.0481      0.051     -0.934      0.350      -0.149       0.053
==============================================================================
Omnibus:                     1647.950   Durbin-Watson:                   2.006
Prob(Omnibus):                  0.000   Jarque-Bera (JB):            13378.339
Skew:                           1.749   Prob(JB):                         0.00
Kurtosis:                      11.234   Cond. No.                     1.02e+16
==============================================================================

Notes:
[1] Standard Errors assume that the covariance matrix of the errors is correctly specified.
[2] The smallest eigenvalue is 6.39e-27. This might indicate that there are
strong multicollinearity problems or that the design matrix is singular.