                            OLS Regression Results                            
==============================================================================
Dep. Variable:              sd_pooled   R-squared:                       0.560
Model:                            OLS   Adj. R-squared:                  0.553
Method:                 Least Squares   F-statistic:                     78.56
Date:                Sun, 29 Mar 2026   Prob (F-statistic):               0.00
Time:                        15:08:09   Log-Likelihood:                 525.28
No. Observations:                4012   AIC:                            -920.6
Df Residuals:                    3947   BIC:                            -511.3
Df Model:                          64                                         
Covariance Type:            nonrobust                                         
============================================================================================
                               coef    std err          t      P>|t|      [0.025      0.975]
--------------------------------------------------------------------------------------------
const                        3.3799      0.048     69.715      0.000       3.285       3.475
FLead                        0.0480      0.008      5.964      0.000       0.032       0.064
mean_pooled                 -0.2341      0.004    -53.033      0.000      -0.243      -0.225
kim_violence_gore            0.0117      0.003      4.561      0.000       0.007       0.017
kim_sex_nudity               0.0106      0.002      5.226      0.000       0.007       0.015
kim_language                -0.0127      0.002     -6.878      0.000      -0.016      -0.009
major                       -0.0392      0.008     -4.866      0.000      -0.055      -0.023
log_bom_opening_theaters     0.0054      0.002      3.062      0.002       0.002       0.009
genres_count                -0.0089      0.007     -1.316      0.188      -0.022       0.004
yr_1993                     -0.0059      0.035     -0.171      0.864      -0.074       0.062
yr_1994                     -0.0025      0.035     -0.071      0.944      -0.072       0.067
yr_1995                      0.0427      0.035      1.230      0.219      -0.025       0.111
yr_1996                      0.0052      0.034      0.153      0.879      -0.062       0.072
yr_1997                      0.0088      0.035      0.253      0.801      -0.059       0.077
yr_1998                      0.0573      0.034      1.710      0.087      -0.008       0.123
yr_1999                      0.0579      0.033      1.774      0.076      -0.006       0.122
yr_2000                     -0.0122      0.034     -0.364      0.716      -0.078       0.054
yr_2001                      0.0537      0.033      1.623      0.105      -0.011       0.118
yr_2002                      0.0149      0.033      0.458      0.647      -0.049       0.079
yr_2003                     -0.0012      0.033     -0.037      0.970      -0.065       0.063
yr_2004                      0.0628      0.033      1.933      0.053      -0.001       0.127
yr_2005                      0.0481      0.032      1.491      0.136      -0.015       0.111
yr_2006                      0.0973      0.032      3.039      0.002       0.035       0.160
yr_2007                      0.1102      0.032      3.454      0.001       0.048       0.173
yr_2008                      0.0508      0.032      1.581      0.114      -0.012       0.114
yr_2009                      0.0303      0.033      0.933      0.351      -0.033       0.094
yr_2010                      0.0264      0.032      0.814      0.416      -0.037       0.090
yr_2011                      0.0288      0.032      0.903      0.367      -0.034       0.091
yr_2012                      0.0136      0.032      0.429      0.668      -0.049       0.076
yr_2013                      0.0058      0.032      0.182      0.856      -0.057       0.068
yr_2014                      0.0370      0.032      1.146      0.252      -0.026       0.100
yr_2015                     -0.0342      0.032     -1.067      0.286      -0.097       0.029
yr_2016                     -0.0375      0.032     -1.160      0.246      -0.101       0.026
yr_2017                      0.0204      0.033      0.626      0.532      -0.044       0.084
yr_2018                      0.0117      0.033      0.356      0.722      -0.052       0.076
mo_2                         0.0082      0.019      0.421      0.673      -0.030       0.046
mo_3                        -0.0041      0.019     -0.224      0.823      -0.041       0.032
mo_4                         0.0011      0.019      0.059      0.953      -0.036       0.038
mo_5                        -0.0112      0.020     -0.565      0.572      -0.050       0.028
mo_6                        -0.0251      0.019     -1.287      0.198      -0.063       0.013
mo_7                        -0.0225      0.019     -1.187      0.235      -0.060       0.015
mo_8                        -0.0260      0.018     -1.420      0.156      -0.062       0.010
mo_9                        -0.0268      0.019     -1.439      0.150      -0.063       0.010
mo_10                       -0.0073      0.018     -0.397      0.691      -0.043       0.029
mo_11                       -0.0235      0.019     -1.252      0.211      -0.060       0.013
mo_12                       -0.0260      0.018     -1.431      0.152      -0.062       0.010
genre_Action                -0.0560      0.011     -5.270      0.000      -0.077      -0.035
genre_Adventure             -0.0040      0.011     -0.360      0.719      -0.026       0.018
genre_Animation             -0.0249      0.018     -1.386      0.166      -0.060       0.010
genre_Biography             -0.0939      0.014     -6.587      0.000      -0.122      -0.066
genre_Comedy                -0.0056      0.010     -0.591      0.555      -0.024       0.013
genre_Crime                 -0.0914      0.010     -8.915      0.000      -0.112      -0.071
genre_Drama                  0.0122      0.010      1.279      0.201      -0.006       0.031
genre_Family                 0.0735      0.015      5.041      0.000       0.045       0.102
genre_Fantasy                0.0071      0.013      0.560      0.575      -0.018       0.032
genre_History                0.0218      0.020      1.068      0.286      -0.018       0.062
genre_Horror                -0.0356      0.015     -2.436      0.015      -0.064      -0.007
genre_Music                  0.1097      0.019      5.727      0.000       0.072       0.147
genre_Musical                0.3204      0.043      7.405      0.000       0.236       0.405
genre_Mystery               -0.0587      0.013     -4.658      0.000      -0.083      -0.034
genre_News                2.685e-17   1.77e-17      1.515      0.130   -7.89e-18    6.16e-17
genre_Romance               -0.0177      0.010     -1.717      0.086      -0.038       0.003
genre_Sci_Fi                -0.0135      0.014     -0.991      0.322      -0.040       0.013
genre_Short              -1.242e-17   1.01e-17     -1.235      0.217   -3.21e-17     7.3e-18
genre_Sport                 -0.0372      0.021     -1.790      0.074      -0.078       0.004
genre_Thriller              -0.0757      0.011     -7.096      0.000      -0.097      -0.055
genre_War                    0.0085      0.029      0.292      0.770      -0.049       0.066
genre_Western               -0.0479      0.052     -0.929      0.353      -0.149       0.053
==============================================================================
Omnibus:                     1655.553   Durbin-Watson:                   2.004
Prob(Omnibus):                  0.000   Jarque-Bera (JB):            13443.549
Skew:                           1.759   Prob(JB):                         0.00
Kurtosis:                      11.249   Cond. No.                     1.02e+16
==============================================================================

Notes:
[1] Standard Errors assume that the covariance matrix of the errors is correctly specified.
[2] The smallest eigenvalue is 6.4e-27. This might indicate that there are
strong multicollinearity problems or that the design matrix is singular.