                            OLS Regression Results                            
==============================================================================
Dep. Variable:              sd_pooled   R-squared:                       0.560
Model:                            OLS   Adj. R-squared:                  0.552
Method:                 Least Squares   F-statistic:                     78.35
Date:                Tue, 31 Mar 2026   Prob (F-statistic):               0.00
Time:                        22:47:53   Log-Likelihood:                 522.34
No. Observations:                4012   AIC:                            -914.7
Df Residuals:                    3947   BIC:                            -505.4
Df Model:                          64                                         
Covariance Type:            nonrobust                                         
============================================================================================
                               coef    std err          t      P>|t|      [0.025      0.975]
--------------------------------------------------------------------------------------------
const                        3.3897      0.049     69.793      0.000       3.294       3.485
FLead                        0.0445      0.008      5.516      0.000       0.029       0.060
mean_pooled                 -0.2319      0.004    -52.645      0.000      -0.241      -0.223
kim_violence_gore            0.0020      0.002      0.853      0.394      -0.003       0.007
kim_sex_nudity               0.0134      0.002      6.731      0.000       0.010       0.017
kim_language                -0.0132      0.002     -7.114      0.000      -0.017      -0.010
major                       -0.0409      0.008     -5.073      0.000      -0.057      -0.025
log_bom_opening_theaters     0.0062      0.002      3.499      0.000       0.003       0.010
genres_count                -0.0049      0.007     -0.727      0.467      -0.018       0.008
yr_1993                      0.0003      0.035      0.007      0.994      -0.068       0.068
yr_1994                      0.0006      0.035      0.017      0.987      -0.069       0.070
yr_1995                      0.0491      0.035      1.411      0.158      -0.019       0.117
yr_1996                      0.0135      0.034      0.396      0.692      -0.053       0.080
yr_1997                      0.0191      0.035      0.549      0.583      -0.049       0.087
yr_1998                      0.0612      0.034      1.821      0.069      -0.005       0.127
yr_1999                      0.0668      0.033      2.043      0.041       0.003       0.131
yr_2000                     -0.0038      0.034     -0.112      0.911      -0.070       0.062
yr_2001                      0.0658      0.033      1.986      0.047       0.001       0.131
yr_2002                      0.0214      0.033      0.656      0.512      -0.043       0.085
yr_2003                      0.0059      0.033      0.181      0.856      -0.058       0.070
yr_2004                      0.0691      0.033      2.120      0.034       0.005       0.133
yr_2005                      0.0570      0.032      1.765      0.078      -0.006       0.120
yr_2006                      0.1084      0.032      3.384      0.001       0.046       0.171
yr_2007                      0.1211      0.032      3.788      0.000       0.058       0.184
yr_2008                      0.0613      0.032      1.904      0.057      -0.002       0.124
yr_2009                      0.0408      0.033      1.252      0.211      -0.023       0.105
yr_2010                      0.0366      0.032      1.127      0.260      -0.027       0.100
yr_2011                      0.0381      0.032      1.191      0.234      -0.025       0.101
yr_2012                      0.0230      0.032      0.723      0.470      -0.039       0.085
yr_2013                      0.0153      0.032      0.480      0.631      -0.047       0.078
yr_2014                      0.0441      0.032      1.362      0.173      -0.019       0.108
yr_2015                     -0.0290      0.032     -0.900      0.368      -0.092       0.034
yr_2016                     -0.0304      0.032     -0.938      0.348      -0.094       0.033
yr_2017                      0.0246      0.033      0.753      0.451      -0.039       0.089
yr_2018                      0.0202      0.033      0.616      0.538      -0.044       0.085
mo_2                         0.0077      0.020      0.394      0.694      -0.031       0.046
mo_3                        -0.0041      0.019     -0.223      0.823      -0.041       0.032
mo_4                         0.0019      0.019      0.102      0.918      -0.035       0.039
mo_5                        -0.0127      0.020     -0.642      0.521      -0.051       0.026
mo_6                        -0.0262      0.020     -1.342      0.180      -0.064       0.012
mo_7                        -0.0244      0.019     -1.285      0.199      -0.062       0.013
mo_8                        -0.0262      0.018     -1.430      0.153      -0.062       0.010
mo_9                        -0.0287      0.019     -1.544      0.123      -0.065       0.008
mo_10                       -0.0058      0.018     -0.317      0.751      -0.042       0.030
mo_11                       -0.0242      0.019     -1.285      0.199      -0.061       0.013
mo_12                       -0.0249      0.018     -1.370      0.171      -0.061       0.011
genre_Action                -0.0454      0.010     -4.346      0.000      -0.066      -0.025
genre_Adventure             -0.0052      0.011     -0.457      0.648      -0.027       0.017
genre_Animation             -0.0355      0.018     -1.975      0.048      -0.071      -0.000
genre_Biography             -0.0965      0.014     -6.781      0.000      -0.124      -0.069
genre_Comedy                -0.0182      0.009     -2.014      0.044      -0.036      -0.000
genre_Crime                 -0.0840      0.010     -8.184      0.000      -0.104      -0.064
genre_Drama                  0.0081      0.009      0.856      0.392      -0.010       0.027
genre_Family                 0.0644      0.015      4.424      0.000       0.036       0.093
genre_Fantasy                0.0057      0.013      0.450      0.652      -0.019       0.031
genre_History                0.0238      0.020      1.164      0.245      -0.016       0.064
genre_Horror                -0.0104      0.014     -0.758      0.448      -0.037       0.017
genre_Music                  0.0986      0.019      5.194      0.000       0.061       0.136
genre_Musical                0.3115      0.043      7.197      0.000       0.227       0.396
genre_Mystery               -0.0604      0.013     -4.783      0.000      -0.085      -0.036
genre_News               -8.388e-18    1.5e-17     -0.560      0.575   -3.77e-17     2.1e-17
genre_Romance               -0.0313      0.010     -3.129      0.002      -0.051      -0.012
genre_Sci_Fi                -0.0117      0.014     -0.862      0.389      -0.038       0.015
genre_Short               2.188e-18   5.66e-18      0.386      0.699   -8.92e-18    1.33e-17
genre_Sport                 -0.0433      0.021     -2.088      0.037      -0.084      -0.003
genre_Thriller              -0.0729      0.011     -6.814      0.000      -0.094      -0.052
genre_War                    0.0284      0.029      0.980      0.327      -0.028       0.085
genre_Western               -0.0305      0.051     -0.593      0.553      -0.131       0.070
==============================================================================
Omnibus:                     1663.348   Durbin-Watson:                   2.005
Prob(Omnibus):                  0.000   Jarque-Bera (JB):            13758.452
Skew:                           1.763   Prob(JB):                         0.00
Kurtosis:                      11.359   Cond. No.                     1.02e+16
==============================================================================

Notes:
[1] Standard Errors assume that the covariance matrix of the errors is correctly specified.
[2] The smallest eigenvalue is 6.11e-27. This might indicate that there are
strong multicollinearity problems or that the design matrix is singular.