                            OLS Regression Results                            
==============================================================================
Dep. Variable:              sd_pooled   R-squared:                       0.558
Model:                            OLS   Adj. R-squared:                  0.551
Method:                 Least Squares   F-statistic:                     77.77
Date:                Sun, 29 Mar 2026   Prob (F-statistic):               0.00
Time:                        15:18:17   Log-Likelihood:                 513.95
No. Observations:                4012   AIC:                            -897.9
Df Residuals:                    3947   BIC:                            -488.6
Df Model:                          64                                         
Covariance Type:            nonrobust                                         
============================================================================================
                               coef    std err          t      P>|t|      [0.025      0.975]
--------------------------------------------------------------------------------------------
const                        3.3787      0.049     69.492      0.000       3.283       3.474
FLead                        0.0514      0.008      6.391      0.000       0.036       0.067
mean_pooled                 -0.2353      0.004    -53.226      0.000      -0.244      -0.227
kim_violence_gore            0.0104      0.003      4.068      0.000       0.005       0.015
kim_sex_nudity               0.0092      0.002      4.539      0.000       0.005       0.013
kim_language                -0.0088      0.002     -4.981      0.000      -0.012      -0.005
major                       -0.0386      0.008     -4.776      0.000      -0.054      -0.023
log_bom_opening_theaters     0.0055      0.002      3.111      0.002       0.002       0.009
genres_count                -0.0066      0.007     -0.975      0.329      -0.020       0.007
yr_1993                     -0.0055      0.035     -0.160      0.873      -0.073       0.062
yr_1994                     -0.0023      0.035     -0.066      0.948      -0.072       0.067
yr_1995                      0.0367      0.035      1.053      0.292      -0.032       0.105
yr_1996                      0.0003      0.034      0.010      0.992      -0.067       0.067
yr_1997                      0.0026      0.035      0.075      0.940      -0.066       0.071
yr_1998                      0.0504      0.034      1.500      0.134      -0.015       0.116
yr_1999                      0.0535      0.033      1.636      0.102      -0.011       0.118
yr_2000                     -0.0148      0.034     -0.439      0.661      -0.081       0.051
yr_2001                      0.0483      0.033      1.457      0.145      -0.017       0.113
yr_2002                      0.0095      0.033      0.290      0.771      -0.054       0.073
yr_2003                     -0.0038      0.033     -0.116      0.908      -0.068       0.061
yr_2004                      0.0606      0.033      1.858      0.063      -0.003       0.124
yr_2005                      0.0447      0.032      1.383      0.167      -0.019       0.108
yr_2006                      0.0954      0.032      2.969      0.003       0.032       0.158
yr_2007                      0.1079      0.032      3.371      0.001       0.045       0.171
yr_2008                      0.0488      0.032      1.513      0.130      -0.014       0.112
yr_2009                      0.0285      0.033      0.873      0.383      -0.035       0.092
yr_2010                      0.0229      0.033      0.705      0.481      -0.041       0.087
yr_2011                      0.0249      0.032      0.781      0.435      -0.038       0.088
yr_2012                      0.0082      0.032      0.259      0.796      -0.054       0.071
yr_2013                     -0.0002      0.032     -0.005      0.996      -0.063       0.063
yr_2014                      0.0295      0.032      0.913      0.361      -0.034       0.093
yr_2015                     -0.0426      0.032     -1.326      0.185      -0.105       0.020
yr_2016                     -0.0441      0.032     -1.364      0.173      -0.108       0.019
yr_2017                      0.0121      0.033      0.370      0.712      -0.052       0.076
yr_2018                      0.0014      0.033      0.044      0.965      -0.063       0.066
mo_2                         0.0103      0.020      0.528      0.597      -0.028       0.049
mo_3                        -0.0035      0.019     -0.187      0.851      -0.040       0.033
mo_4                         0.0037      0.019      0.197      0.844      -0.033       0.041
mo_5                        -0.0092      0.020     -0.464      0.643      -0.048       0.030
mo_6                        -0.0247      0.020     -1.265      0.206      -0.063       0.014
mo_7                        -0.0218      0.019     -1.148      0.251      -0.059       0.015
mo_8                        -0.0247      0.018     -1.350      0.177      -0.061       0.011
mo_9                        -0.0280      0.019     -1.502      0.133      -0.065       0.009
mo_10                       -0.0082      0.018     -0.450      0.652      -0.044       0.028
mo_11                       -0.0212      0.019     -1.124      0.261      -0.058       0.016
mo_12                       -0.0240      0.018     -1.320      0.187      -0.060       0.012
genre_Action                -0.0554      0.011     -5.191      0.000      -0.076      -0.034
genre_Adventure             -0.0018      0.011     -0.161      0.872      -0.024       0.020
genre_Animation             -0.0193      0.018     -1.070      0.285      -0.055       0.016
genre_Biography             -0.0929      0.014     -6.493      0.000      -0.121      -0.065
genre_Comedy                -0.0107      0.009     -1.123      0.261      -0.029       0.008
genre_Crime                 -0.0980      0.010     -9.621      0.000      -0.118      -0.078
genre_Drama                  0.0102      0.010      1.069      0.285      -0.009       0.029
genre_Family                 0.0778      0.015      5.329      0.000       0.049       0.106
genre_Fantasy                0.0092      0.013      0.723      0.470      -0.016       0.034
genre_History                0.0274      0.020      1.340      0.180      -0.013       0.068
genre_Horror                -0.0378      0.015     -2.579      0.010      -0.067      -0.009
genre_Music                  0.1062      0.019      5.533      0.000       0.069       0.144
genre_Musical                0.3290      0.043      7.589      0.000       0.244       0.414
genre_Mystery               -0.0574      0.013     -4.539      0.000      -0.082      -0.033
genre_News                -2.78e-17   3.27e-17     -0.851      0.395   -9.18e-17    3.62e-17
genre_Romance               -0.0169      0.010     -1.629      0.103      -0.037       0.003
genre_Sci_Fi                -0.0160      0.014     -1.172      0.241      -0.043       0.011
genre_Short               -4.35e-17   5.87e-17     -0.741      0.459   -1.59e-16    7.16e-17
genre_Sport                 -0.0402      0.021     -1.931      0.054      -0.081       0.001
genre_Thriller              -0.0791      0.011     -7.414      0.000      -0.100      -0.058
genre_War                    0.0067      0.029      0.230      0.818      -0.051       0.064
genre_Western               -0.0478      0.052     -0.925      0.355      -0.149       0.054
==============================================================================
Omnibus:                     1693.454   Durbin-Watson:                   2.004
Prob(Omnibus):                  0.000   Jarque-Bera (JB):            14381.254
Skew:                           1.793   Prob(JB):                         0.00
Kurtosis:                      11.554   Cond. No.                     1.02e+16
==============================================================================

Notes:
[1] Standard Errors assume that the covariance matrix of the errors is correctly specified.
[2] The smallest eigenvalue is 6.38e-27. This might indicate that there are
strong multicollinearity problems or that the design matrix is singular.