                            OLS Regression Results                            
==============================================================================
Dep. Variable:              sd_pooled   R-squared:                       0.560
Model:                            OLS   Adj. R-squared:                  0.553
Method:                 Least Squares   F-statistic:                     78.40
Date:                Sun, 29 Mar 2026   Prob (F-statistic):               0.00
Time:                        15:44:52   Log-Likelihood:                 523.00
No. Observations:                4012   AIC:                            -916.0
Df Residuals:                    3947   BIC:                            -506.7
Df Model:                          64                                         
Covariance Type:            nonrobust                                         
============================================================================================
                               coef    std err          t      P>|t|      [0.025      0.975]
--------------------------------------------------------------------------------------------
const                        3.3947      0.049     69.992      0.000       3.300       3.490
FLead                        0.0480      0.008      5.955      0.000       0.032       0.064
mean_pooled                 -0.2353      0.004    -53.474      0.000      -0.244      -0.227
kim_violence_gore            0.0142      0.003      5.634      0.000       0.009       0.019
kim_sex_nudity               0.0063      0.002      3.378      0.001       0.003       0.010
kim_language                -0.0134      0.002     -7.126      0.000      -0.017      -0.010
major                       -0.0391      0.008     -4.845      0.000      -0.055      -0.023
log_bom_opening_theaters     0.0052      0.002      2.958      0.003       0.002       0.009
genres_count                -0.0117      0.007     -1.729      0.084      -0.025       0.002
yr_1993                     -0.0105      0.035     -0.303      0.762      -0.078       0.057
yr_1994                     -0.0028      0.035     -0.079      0.937      -0.072       0.066
yr_1995                      0.0404      0.035      1.162      0.245      -0.028       0.109
yr_1996                      0.0045      0.034      0.131      0.896      -0.062       0.071
yr_1997                      0.0065      0.035      0.186      0.853      -0.062       0.075
yr_1998                      0.0570      0.034      1.700      0.089      -0.009       0.123
yr_1999                      0.0633      0.033      1.938      0.053      -0.001       0.127
yr_2000                     -0.0045      0.034     -0.134      0.893      -0.070       0.061
yr_2001                      0.0608      0.033      1.839      0.066      -0.004       0.126
yr_2002                      0.0189      0.033      0.582      0.561      -0.045       0.083
yr_2003                      0.0053      0.033      0.161      0.872      -0.059       0.069
yr_2004                      0.0683      0.032      2.104      0.035       0.005       0.132
yr_2005                      0.0541      0.032      1.680      0.093      -0.009       0.117
yr_2006                      0.1045      0.032      3.264      0.001       0.042       0.167
yr_2007                      0.1160      0.032      3.637      0.000       0.053       0.179
yr_2008                      0.0571      0.032      1.776      0.076      -0.006       0.120
yr_2009                      0.0411      0.032      1.264      0.206      -0.023       0.105
yr_2010                      0.0330      0.032      1.018      0.309      -0.031       0.097
yr_2011                      0.0362      0.032      1.137      0.255      -0.026       0.099
yr_2012                      0.0180      0.032      0.568      0.570      -0.044       0.080
yr_2013                      0.0104      0.032      0.326      0.744      -0.052       0.073
yr_2014                      0.0411      0.032      1.272      0.203      -0.022       0.104
yr_2015                     -0.0289      0.032     -0.902      0.367      -0.092       0.034
yr_2016                     -0.0344      0.032     -1.066      0.286      -0.098       0.029
yr_2017                      0.0228      0.033      0.698      0.485      -0.041       0.087
yr_2018                      0.0134      0.033      0.410      0.682      -0.051       0.078
mo_2                         0.0098      0.019      0.501      0.616      -0.028       0.048
mo_3                        -0.0039      0.019     -0.208      0.835      -0.040       0.033
mo_4                         0.0010      0.019      0.054      0.957      -0.036       0.038
mo_5                        -0.0107      0.020     -0.543      0.587      -0.050       0.028
mo_6                        -0.0239      0.020     -1.224      0.221      -0.062       0.014
mo_7                        -0.0216      0.019     -1.138      0.255      -0.059       0.016
mo_8                        -0.0238      0.018     -1.301      0.193      -0.060       0.012
mo_9                        -0.0270      0.019     -1.454      0.146      -0.064       0.009
mo_10                       -0.0068      0.018     -0.372      0.710      -0.043       0.029
mo_11                       -0.0214      0.019     -1.138      0.255      -0.058       0.015
mo_12                       -0.0256      0.018     -1.407      0.159      -0.061       0.010
genre_Action                -0.0603      0.011     -5.694      0.000      -0.081      -0.040
genre_Adventure             -0.0069      0.011     -0.612      0.541      -0.029       0.015
genre_Animation             -0.0307      0.018     -1.703      0.089      -0.066       0.005
genre_Biography             -0.0905      0.014     -6.348      0.000      -0.119      -0.063
genre_Comedy                 0.0015      0.009      0.158      0.875      -0.017       0.020
genre_Crime                 -0.0879      0.010     -8.562      0.000      -0.108      -0.068
genre_Drama                  0.0158      0.010      1.653      0.098      -0.003       0.034
genre_Family                 0.0650      0.015      4.473      0.000       0.037       0.094
genre_Fantasy                0.0066      0.013      0.522      0.601      -0.018       0.031
genre_History                0.0180      0.020      0.878      0.380      -0.022       0.058
genre_Horror                -0.0417      0.015     -2.863      0.004      -0.070      -0.013
genre_Music                  0.1153      0.019      6.022      0.000       0.078       0.153
genre_Musical                0.3271      0.043      7.561      0.000       0.242       0.412
genre_Mystery               -0.0566      0.013     -4.492      0.000      -0.081      -0.032
genre_News                 5.61e-18   4.33e-18      1.295      0.195   -2.88e-18    1.41e-17
genre_Romance               -0.0098      0.010     -0.963      0.336      -0.030       0.010
genre_Sci_Fi                -0.0123      0.014     -0.905      0.366      -0.039       0.014
genre_Short               2.018e-19    2.4e-18      0.084      0.933   -4.51e-18    4.91e-18
genre_Sport                 -0.0379      0.021     -1.827      0.068      -0.079       0.003
genre_Thriller              -0.0755      0.011     -7.075      0.000      -0.096      -0.055
genre_War                    0.0041      0.029      0.140      0.888      -0.053       0.061
genre_Western               -0.0551      0.052     -1.068      0.286      -0.156       0.046
==============================================================================
Omnibus:                     1638.798   Durbin-Watson:                   2.008
Prob(Omnibus):                  0.000   Jarque-Bera (JB):            13055.694
Skew:                           1.744   Prob(JB):                         0.00
Kurtosis:                      11.120   Cond. No.                     1.02e+16
==============================================================================

Notes:
[1] Standard Errors assume that the covariance matrix of the errors is correctly specified.
[2] The smallest eigenvalue is 6.38e-27. This might indicate that there are
strong multicollinearity problems or that the design matrix is singular.