                            OLS Regression Results                            
==============================================================================
Dep. Variable:              sd_pooled   R-squared:                       0.562
Model:                            OLS   Adj. R-squared:                  0.555
Method:                 Least Squares   F-statistic:                     79.15
Date:                Tue, 31 Mar 2026   Prob (F-statistic):               0.00
Time:                        18:32:19   Log-Likelihood:                 533.72
No. Observations:                4012   AIC:                            -937.4
Df Residuals:                    3947   BIC:                            -528.1
Df Model:                          64                                         
Covariance Type:            nonrobust                                         
============================================================================================
                               coef    std err          t      P>|t|      [0.025      0.975]
--------------------------------------------------------------------------------------------
const                        3.3785      0.048     69.860      0.000       3.284       3.473
FLead                        0.0468      0.008      5.819      0.000       0.031       0.063
mean_pooled                 -0.2335      0.004    -53.015      0.000      -0.242      -0.225
kim_violence_gore            0.0122      0.003      4.776      0.000       0.007       0.017
kim_sex_nudity               0.0115      0.002      5.682      0.000       0.008       0.015
kim_language                -0.0150      0.002     -7.990      0.000      -0.019      -0.011
major                       -0.0397      0.008     -4.945      0.000      -0.055      -0.024
log_bom_opening_theaters     0.0057      0.002      3.210      0.001       0.002       0.009
genres_count                -0.0097      0.007     -1.425      0.154      -0.023       0.004
yr_1993                     -0.0062      0.034     -0.179      0.858      -0.074       0.061
yr_1994                     -0.0031      0.035     -0.087      0.931      -0.072       0.066
yr_1995                      0.0436      0.035      1.256      0.209      -0.024       0.112
yr_1996                      0.0086      0.034      0.251      0.802      -0.058       0.075
yr_1997                      0.0129      0.035      0.373      0.709      -0.055       0.081
yr_1998                      0.0592      0.033      1.769      0.077      -0.006       0.125
yr_1999                      0.0602      0.033      1.848      0.065      -0.004       0.124
yr_2000                     -0.0089      0.034     -0.266      0.790      -0.075       0.057
yr_2001                      0.0559      0.033      1.694      0.090      -0.009       0.121
yr_2002                      0.0161      0.032      0.497      0.619      -0.047       0.080
yr_2003                     -0.0006      0.033     -0.017      0.986      -0.065       0.063
yr_2004                      0.0610      0.032      1.879      0.060      -0.003       0.125
yr_2005                      0.0478      0.032      1.487      0.137      -0.015       0.111
yr_2006                      0.0967      0.032      3.024      0.003       0.034       0.159
yr_2007                      0.1103      0.032      3.464      0.001       0.048       0.173
yr_2008                      0.0519      0.032      1.618      0.106      -0.011       0.115
yr_2009                      0.0315      0.032      0.969      0.333      -0.032       0.095
yr_2010                      0.0261      0.032      0.807      0.420      -0.037       0.090
yr_2011                      0.0297      0.032      0.935      0.350      -0.033       0.092
yr_2012                      0.0146      0.032      0.462      0.644      -0.047       0.077
yr_2013                      0.0069      0.032      0.217      0.828      -0.056       0.069
yr_2014                      0.0396      0.032      1.229      0.219      -0.024       0.103
yr_2015                     -0.0315      0.032     -0.985      0.325      -0.094       0.031
yr_2016                     -0.0359      0.032     -1.113      0.266      -0.099       0.027
yr_2017                      0.0209      0.033      0.641      0.521      -0.043       0.085
yr_2018                      0.0149      0.033      0.456      0.649      -0.049       0.079
mo_2                         0.0078      0.019      0.400      0.689      -0.030       0.046
mo_3                        -0.0042      0.019     -0.229      0.819      -0.041       0.032
mo_4                         0.0006      0.019      0.034      0.973      -0.036       0.037
mo_5                        -0.0125      0.020     -0.636      0.525      -0.051       0.026
mo_6                        -0.0252      0.019     -1.296      0.195      -0.063       0.013
mo_7                        -0.0231      0.019     -1.224      0.221      -0.060       0.014
mo_8                        -0.0251      0.018     -1.378      0.168      -0.061       0.011
mo_9                        -0.0276      0.019     -1.488      0.137      -0.064       0.009
mo_10                       -0.0069      0.018     -0.378      0.705      -0.043       0.029
mo_11                       -0.0243      0.019     -1.297      0.195      -0.061       0.012
mo_12                       -0.0261      0.018     -1.440      0.150      -0.062       0.009
genre_Action                -0.0553      0.011     -5.217      0.000      -0.076      -0.035
genre_Adventure             -0.0060      0.011     -0.532      0.594      -0.028       0.016
genre_Animation             -0.0281      0.018     -1.567      0.117      -0.063       0.007
genre_Biography             -0.0919      0.014     -6.458      0.000      -0.120      -0.064
genre_Comedy                -0.0032      0.010     -0.336      0.737      -0.022       0.015
genre_Crime                 -0.0888      0.010     -8.672      0.000      -0.109      -0.069
genre_Drama                  0.0139      0.010      1.460      0.144      -0.005       0.033
genre_Family                 0.0712      0.015      4.892      0.000       0.043       0.100
genre_Fantasy                0.0042      0.013      0.334      0.738      -0.021       0.029
genre_History                0.0178      0.020      0.871      0.384      -0.022       0.058
genre_Horror                -0.0341      0.015     -2.334      0.020      -0.063      -0.005
genre_Music                  0.1117      0.019      5.842      0.000       0.074       0.149
genre_Musical                0.3186      0.043      7.379      0.000       0.234       0.403
genre_Mystery               -0.0587      0.013     -4.669      0.000      -0.083      -0.034
genre_News                1.215e-17    4.5e-18      2.698      0.007    3.32e-18     2.1e-17
genre_Romance               -0.0186      0.010     -1.807      0.071      -0.039       0.002
genre_Sci_Fi                -0.0127      0.014     -0.939      0.348      -0.039       0.014
genre_Short              -4.688e-18   1.77e-18     -2.654      0.008   -8.15e-18   -1.22e-18
genre_Sport                 -0.0377      0.021     -1.818      0.069      -0.078       0.003
genre_Thriller              -0.0740      0.011     -6.953      0.000      -0.095      -0.053
genre_War                    0.0097      0.029      0.331      0.740      -0.047       0.067
genre_Western               -0.0476      0.051     -0.924      0.355      -0.148       0.053
==============================================================================
Omnibus:                     1646.342   Durbin-Watson:                   2.006
Prob(Omnibus):                  0.000   Jarque-Bera (JB):            13329.187
Skew:                           1.748   Prob(JB):                         0.00
Kurtosis:                      11.217   Cond. No.                     1.02e+16
==============================================================================

Notes:
[1] Standard Errors assume that the covariance matrix of the errors is correctly specified.
[2] The smallest eigenvalue is 6.39e-27. This might indicate that there are
strong multicollinearity problems or that the design matrix is singular.