                            OLS Regression Results                            
==============================================================================
Dep. Variable:              sd_pooled   R-squared:                       0.556
Model:                            OLS   Adj. R-squared:                  0.549
Method:                 Least Squares   F-statistic:                     77.24
Date:                Tue, 31 Mar 2026   Prob (F-statistic):               0.00
Time:                        20:29:50   Log-Likelihood:                 506.31
No. Observations:                4012   AIC:                            -882.6
Df Residuals:                    3947   BIC:                            -473.3
Df Model:                          64                                         
Covariance Type:            nonrobust                                         
============================================================================================
                               coef    std err          t      P>|t|      [0.025      0.975]
--------------------------------------------------------------------------------------------
const                        3.3774      0.049     69.329      0.000       3.282       3.473
FLead                        0.0525      0.008      6.515      0.000       0.037       0.068
mean_pooled                 -0.2359      0.004    -53.251      0.000      -0.245      -0.227
kim_violence_gore            0.0090      0.003      3.547      0.000       0.004       0.014
kim_sex_nudity               0.0078      0.002      3.833      0.000       0.004       0.012
kim_language                -0.0053      0.002     -3.116      0.002      -0.009      -0.002
major                       -0.0385      0.008     -4.755      0.000      -0.054      -0.023
log_bom_opening_theaters     0.0056      0.002      3.170      0.002       0.002       0.009
genres_count                -0.0055      0.007     -0.805      0.421      -0.019       0.008
yr_1993                     -0.0051      0.035     -0.148      0.883      -0.073       0.063
yr_1994                     -0.0031      0.035     -0.088      0.930      -0.073       0.066
yr_1995                      0.0350      0.035      1.002      0.316      -0.033       0.103
yr_1996                     -0.0024      0.034     -0.070      0.944      -0.070       0.065
yr_1997                      0.0028      0.035      0.079      0.937      -0.066       0.071
yr_1998                      0.0504      0.034      1.498      0.134      -0.016       0.116
yr_1999                      0.0498      0.033      1.520      0.129      -0.014       0.114
yr_2000                     -0.0162      0.034     -0.480      0.631      -0.082       0.050
yr_2001                      0.0512      0.033      1.540      0.124      -0.014       0.116
yr_2002                      0.0114      0.033      0.348      0.728      -0.053       0.075
yr_2003                     -0.0046      0.033     -0.141      0.888      -0.069       0.060
yr_2004                      0.0642      0.033      1.966      0.049       0.000       0.128
yr_2005                      0.0471      0.032      1.454      0.146      -0.016       0.111
yr_2006                      0.0984      0.032      3.056      0.002       0.035       0.161
yr_2007                      0.1100      0.032      3.432      0.001       0.047       0.173
yr_2008                      0.0511      0.032      1.583      0.114      -0.012       0.114
yr_2009                      0.0302      0.033      0.922      0.356      -0.034       0.094
yr_2010                      0.0222      0.033      0.682      0.495      -0.042       0.086
yr_2011                      0.0276      0.032      0.860      0.390      -0.035       0.090
yr_2012                      0.0083      0.032      0.262      0.793      -0.054       0.071
yr_2013                     -0.0012      0.032     -0.038      0.969      -0.064       0.062
yr_2014                      0.0294      0.032      0.909      0.364      -0.034       0.093
yr_2015                     -0.0446      0.032     -1.387      0.165      -0.108       0.018
yr_2016                     -0.0457      0.032     -1.409      0.159      -0.109       0.018
yr_2017                      0.0125      0.033      0.383      0.702      -0.052       0.077
yr_2018                      0.0016      0.033      0.050      0.960      -0.063       0.066
mo_2                         0.0111      0.020      0.569      0.570      -0.027       0.050
mo_3                        -0.0046      0.019     -0.245      0.807      -0.041       0.032
mo_4                         0.0025      0.019      0.130      0.896      -0.034       0.039
mo_5                        -0.0084      0.020     -0.425      0.671      -0.047       0.030
mo_6                        -0.0256      0.020     -1.308      0.191      -0.064       0.013
mo_7                        -0.0221      0.019     -1.159      0.246      -0.059       0.015
mo_8                        -0.0258      0.018     -1.408      0.159      -0.062       0.010
mo_9                        -0.0295      0.019     -1.577      0.115      -0.066       0.007
mo_10                       -0.0096      0.018     -0.524      0.601      -0.046       0.026
mo_11                       -0.0211      0.019     -1.115      0.265      -0.058       0.016
mo_12                       -0.0247      0.018     -1.353      0.176      -0.060       0.011
genre_Action                -0.0572      0.011     -5.357      0.000      -0.078      -0.036
genre_Adventure              0.0014      0.011      0.127      0.899      -0.021       0.024
genre_Animation             -0.0131      0.018     -0.727      0.467      -0.048       0.022
genre_Biography             -0.0947      0.014     -6.612      0.000      -0.123      -0.067
genre_Comedy                -0.0151      0.009     -1.597      0.110      -0.034       0.003
genre_Crime                 -0.1013      0.010     -9.950      0.000      -0.121      -0.081
genre_Drama                  0.0078      0.010      0.818      0.413      -0.011       0.027
genre_Family                 0.0822      0.015      5.635      0.000       0.054       0.111
genre_Fantasy                0.0123      0.013      0.967      0.334      -0.013       0.037
genre_History                0.0332      0.020      1.625      0.104      -0.007       0.073
genre_Horror                -0.0391      0.015     -2.666      0.008      -0.068      -0.010
genre_Music                  0.1030      0.019      5.362      0.000       0.065       0.141
genre_Musical                0.3299      0.043      7.593      0.000       0.245       0.415
genre_Mystery               -0.0585      0.013     -4.617      0.000      -0.083      -0.034
genre_News                1.231e-17   3.59e-17      0.343      0.732   -5.81e-17    8.27e-17
genre_Romance               -0.0170      0.010     -1.642      0.101      -0.037       0.003
genre_Sci_Fi                -0.0146      0.014     -1.067      0.286      -0.041       0.012
genre_Short               1.227e-17   3.34e-17      0.368      0.713   -5.31e-17    7.77e-17
genre_Sport                 -0.0402      0.021     -1.927      0.054      -0.081       0.001
genre_Thriller              -0.0833      0.011     -7.823      0.000      -0.104      -0.062
genre_War                    0.0040      0.029      0.136      0.892      -0.054       0.062
genre_Western               -0.0453      0.052     -0.875      0.382      -0.147       0.056
==============================================================================
Omnibus:                     1696.279   Durbin-Watson:                   2.001
Prob(Omnibus):                  0.000   Jarque-Bera (JB):            14291.871
Skew:                           1.799   Prob(JB):                         0.00
Kurtosis:                      11.517   Cond. No.                     1.02e+16
==============================================================================

Notes:
[1] Standard Errors assume that the covariance matrix of the errors is correctly specified.
[2] The smallest eigenvalue is 6.37e-27. This might indicate that there are
strong multicollinearity problems or that the design matrix is singular.