                            OLS Regression Results                            
==============================================================================
Dep. Variable:              sd_pooled   R-squared:                       0.563
Model:                            OLS   Adj. R-squared:                  0.555
Method:                 Least Squares   F-statistic:                     75.30
Date:                Tue, 31 Mar 2026   Prob (F-statistic):               0.00
Time:                        18:48:21   Log-Likelihood:                 504.85
No. Observations:                3812   AIC:                            -879.7
Df Residuals:                    3747   BIC:                            -473.7
Df Model:                          64                                         
Covariance Type:            nonrobust                                         
============================================================================================
                               coef    std err          t      P>|t|      [0.025      0.975]
--------------------------------------------------------------------------------------------
const                        3.3941      0.049     68.605      0.000       3.297       3.491
FLead                        0.0454      0.008      5.494      0.000       0.029       0.062
mean_pooled                 -0.2339      0.005    -51.688      0.000      -0.243      -0.225
kim_violence_gore            0.0118      0.003      4.534      0.000       0.007       0.017
kim_sex_nudity               0.0117      0.002      5.618      0.000       0.008       0.016
kim_language                -0.0155      0.002     -8.057      0.000      -0.019      -0.012
major                       -0.0401      0.008     -4.866      0.000      -0.056      -0.024
log_bom_opening_theaters     0.0054      0.002      2.979      0.003       0.002       0.009
genres_count                -0.0102      0.007     -1.480      0.139      -0.024       0.003
yr_1993                     -0.0132      0.035     -0.376      0.707      -0.082       0.055
yr_1994                     -0.0095      0.036     -0.265      0.791      -0.080       0.061
yr_1995                      0.0365      0.035      1.031      0.302      -0.033       0.106
yr_1996                      0.0070      0.035      0.202      0.840      -0.061       0.075
yr_1997                      0.0093      0.035      0.263      0.792      -0.060       0.079
yr_1998                      0.0576      0.034      1.686      0.092      -0.009       0.125
yr_1999                      0.0559      0.033      1.685      0.092      -0.009       0.121
yr_2000                     -0.0066      0.034     -0.193      0.847      -0.074       0.061
yr_2001                      0.0468      0.034      1.393      0.164      -0.019       0.113
yr_2002                      0.0104      0.033      0.314      0.754      -0.055       0.075
yr_2003                     -0.0077      0.033     -0.232      0.817      -0.073       0.058
yr_2004                      0.0577      0.033      1.743      0.081      -0.007       0.123
yr_2005                      0.0335      0.033      1.024      0.306      -0.031       0.098
yr_2006                      0.0839      0.033      2.571      0.010       0.020       0.148
yr_2007                      0.1033      0.033      3.167      0.002       0.039       0.167
yr_2008                      0.0526      0.033      1.609      0.108      -0.011       0.117
yr_2009                      0.0318      0.033      0.956      0.339      -0.033       0.097
yr_2010                      0.0260      0.033      0.787      0.431      -0.039       0.091
yr_2011                      0.0290      0.032      0.892      0.372      -0.035       0.093
yr_2012                      0.0181      0.032      0.561      0.575      -0.045       0.081
yr_2013                      0.0106      0.032      0.326      0.745      -0.053       0.074
yr_2014                      0.0422      0.033      1.281      0.200      -0.022       0.107
yr_2015                     -0.0370      0.033     -1.133      0.257      -0.101       0.027
yr_2016                     -0.0324      0.033     -0.984      0.325      -0.097       0.032
yr_2017                      0.0176      0.033      0.529      0.597      -0.048       0.083
yr_2018                      0.0032      0.033      0.097      0.923      -0.062       0.069
mo_2                         0.0058      0.020      0.290      0.772      -0.033       0.045
mo_3                        -0.0042      0.019     -0.223      0.824      -0.041       0.033
mo_4                        -0.0017      0.019     -0.088      0.930      -0.039       0.036
mo_5                        -0.0123      0.020     -0.613      0.540      -0.052       0.027
mo_6                        -0.0264      0.020     -1.334      0.182      -0.065       0.012
mo_7                        -0.0188      0.019     -0.973      0.330      -0.057       0.019
mo_8                        -0.0303      0.019     -1.620      0.105      -0.067       0.006
mo_9                        -0.0297      0.019     -1.567      0.117      -0.067       0.007
mo_10                       -0.0102      0.019     -0.546      0.585      -0.047       0.026
mo_11                       -0.0239      0.019     -1.246      0.213      -0.062       0.014
mo_12                       -0.0262      0.019     -1.416      0.157      -0.063       0.010
genre_Action                -0.0575      0.011     -5.281      0.000      -0.079      -0.036
genre_Adventure             -0.0053      0.012     -0.460      0.646      -0.028       0.017
genre_Animation             -0.0255      0.018     -1.381      0.167      -0.062       0.011
genre_Biography             -0.0904      0.015     -6.141      0.000      -0.119      -0.062
genre_Comedy                -0.0048      0.010     -0.488      0.626      -0.024       0.014
genre_Crime                 -0.0884      0.011     -8.354      0.000      -0.109      -0.068
genre_Drama                  0.0145      0.010      1.481      0.139      -0.005       0.034
genre_Family                 0.0708      0.015      4.714      0.000       0.041       0.100
genre_Fantasy                0.0041      0.013      0.317      0.751      -0.021       0.030
genre_History                0.0234      0.021      1.103      0.270      -0.018       0.065
genre_Horror                -0.0307      0.015     -2.055      0.040      -0.060      -0.001
genre_Music                  0.1089      0.020      5.574      0.000       0.071       0.147
genre_Musical                0.3179      0.043      7.346      0.000       0.233       0.403
genre_Mystery               -0.0583      0.013     -4.483      0.000      -0.084      -0.033
genre_News                2.184e-18   3.92e-18      0.557      0.578   -5.51e-18    9.88e-18
genre_Romance               -0.0203      0.011     -1.920      0.055      -0.041       0.000
genre_Sci_Fi                -0.0125      0.014     -0.904      0.366      -0.040       0.015
genre_Short               -1.43e-17    5.2e-18     -2.752      0.006   -2.45e-17   -4.11e-18
genre_Sport                 -0.0361      0.021     -1.714      0.087      -0.077       0.005
genre_Thriller              -0.0790      0.011     -7.200      0.000      -0.101      -0.057
genre_War                    0.0233      0.031      0.746      0.456      -0.038       0.084
genre_Western               -0.0642      0.053     -1.206      0.228      -0.169       0.040
==============================================================================
Omnibus:                     1581.692   Durbin-Watson:                   1.999
Prob(Omnibus):                  0.000   Jarque-Bera (JB):            13055.128
Skew:                           1.764   Prob(JB):                         0.00
Kurtosis:                      11.352   Cond. No.                     1.02e+16
==============================================================================

Notes:
[1] Standard Errors assume that the covariance matrix of the errors is correctly specified.
[2] The smallest eigenvalue is 6.07e-27. This might indicate that there are
strong multicollinearity problems or that the design matrix is singular.