                            OLS Regression Results                            
==============================================================================
Dep. Variable:              sd_pooled   R-squared:                       0.562
Model:                            OLS   Adj. R-squared:                  0.555
Method:                 Least Squares   F-statistic:                     79.11
Date:                Tue, 31 Mar 2026   Prob (F-statistic):               0.00
Time:                        21:07:47   Log-Likelihood:                 533.10
No. Observations:                4012   AIC:                            -936.2
Df Residuals:                    3947   BIC:                            -526.9
Df Model:                          64                                         
Covariance Type:            nonrobust                                         
============================================================================================
                               coef    std err          t      P>|t|      [0.025      0.975]
--------------------------------------------------------------------------------------------
const                        3.3814      0.048     69.891      0.000       3.287       3.476
FLead                        0.0467      0.008      5.812      0.000       0.031       0.062
mean_pooled                 -0.2336      0.004    -53.025      0.000      -0.242      -0.225
kim_violence_gore            0.0122      0.003      4.787      0.000       0.007       0.017
kim_sex_nudity               0.0115      0.002      5.664      0.000       0.008       0.015
kim_language                -0.0150      0.002     -7.987      0.000      -0.019      -0.011
major                       -0.0391      0.008     -4.870      0.000      -0.055      -0.023
log_bom_opening_theaters     0.0053      0.002      3.014      0.003       0.002       0.009
genres_count                -0.0095      0.007     -1.404      0.160      -0.023       0.004
yr_1993                     -0.0062      0.034     -0.179      0.858      -0.074       0.061
yr_1994                     -0.0032      0.035     -0.090      0.929      -0.072       0.066
yr_1995                      0.0436      0.035      1.256      0.209      -0.024       0.112
yr_1996                      0.0087      0.034      0.256      0.798      -0.058       0.075
yr_1997                      0.0130      0.035      0.375      0.707      -0.055       0.081
yr_1998                      0.0591      0.033      1.766      0.077      -0.007       0.125
yr_1999                      0.0602      0.033      1.848      0.065      -0.004       0.124
yr_2000                     -0.0088      0.034     -0.262      0.793      -0.075       0.057
yr_2001                      0.0559      0.033      1.695      0.090      -0.009       0.121
yr_2002                      0.0161      0.032      0.495      0.620      -0.048       0.080
yr_2003                     -0.0003      0.033     -0.008      0.994      -0.064       0.064
yr_2004                      0.0610      0.032      1.881      0.060      -0.003       0.125
yr_2005                      0.0477      0.032      1.482      0.138      -0.015       0.111
yr_2006                      0.0966      0.032      3.022      0.003       0.034       0.159
yr_2007                      0.1104      0.032      3.467      0.001       0.048       0.173
yr_2008                      0.0522      0.032      1.627      0.104      -0.011       0.115
yr_2009                      0.0316      0.032      0.974      0.330      -0.032       0.095
yr_2010                      0.0264      0.032      0.816      0.414      -0.037       0.090
yr_2011                      0.0296      0.032      0.931      0.352      -0.033       0.092
yr_2012                      0.0147      0.032      0.466      0.641      -0.047       0.077
yr_2013                      0.0070      0.032      0.219      0.827      -0.055       0.069
yr_2014                      0.0397      0.032      1.233      0.218      -0.023       0.103
yr_2015                     -0.0313      0.032     -0.978      0.328      -0.094       0.031
yr_2016                     -0.0355      0.032     -1.102      0.271      -0.099       0.028
yr_2017                      0.0210      0.033      0.646      0.519      -0.043       0.085
yr_2018                      0.0150      0.033      0.460      0.646      -0.049       0.079
mo_2                         0.0077      0.019      0.398      0.690      -0.030       0.046
mo_3                        -0.0043      0.019     -0.231      0.817      -0.041       0.032
mo_4                         0.0005      0.019      0.028      0.978      -0.036       0.037
mo_5                        -0.0126      0.020     -0.640      0.522      -0.051       0.026
mo_6                        -0.0254      0.019     -1.305      0.192      -0.064       0.013
mo_7                        -0.0233      0.019     -1.232      0.218      -0.060       0.014
mo_8                        -0.0252      0.018     -1.382      0.167      -0.061       0.011
mo_9                        -0.0277      0.019     -1.491      0.136      -0.064       0.009
mo_10                       -0.0070      0.018     -0.383      0.702      -0.043       0.029
mo_11                       -0.0243      0.019     -1.295      0.195      -0.061       0.012
mo_12                       -0.0265      0.018     -1.464      0.143      -0.062       0.009
genre_Action                -0.0553      0.011     -5.214      0.000      -0.076      -0.035
genre_Adventure             -0.0059      0.011     -0.523      0.601      -0.028       0.016
genre_Animation             -0.0282      0.018     -1.572      0.116      -0.063       0.007
genre_Biography             -0.0922      0.014     -6.482      0.000      -0.120      -0.064
genre_Comedy                -0.0031      0.010     -0.323      0.747      -0.022       0.016
genre_Crime                 -0.0890      0.010     -8.685      0.000      -0.109      -0.069
genre_Drama                  0.0134      0.010      1.412      0.158      -0.005       0.032
genre_Family                 0.0713      0.015      4.895      0.000       0.043       0.100
genre_Fantasy                0.0040      0.013      0.318      0.751      -0.021       0.029
genre_History                0.0182      0.020      0.894      0.371      -0.022       0.058
genre_Horror                -0.0340      0.015     -2.332      0.020      -0.063      -0.005
genre_Music                  0.1115      0.019      5.834      0.000       0.074       0.149
genre_Musical                0.3185      0.043      7.376      0.000       0.234       0.403
genre_Mystery               -0.0587      0.013     -4.666      0.000      -0.083      -0.034
genre_News                5.837e-18   7.51e-18      0.778      0.437   -8.88e-18    2.06e-17
genre_Romance               -0.0186      0.010     -1.804      0.071      -0.039       0.002
genre_Sci_Fi                -0.0127      0.014     -0.936      0.349      -0.039       0.014
genre_Short               7.815e-20   3.44e-18      0.023      0.982   -6.67e-18    6.83e-18
genre_Sport                 -0.0373      0.021     -1.801      0.072      -0.078       0.003
genre_Thriller              -0.0741      0.011     -6.956      0.000      -0.095      -0.053
genre_War                    0.0101      0.029      0.347      0.729      -0.047       0.067
genre_Western               -0.0476      0.051     -0.925      0.355      -0.148       0.053
==============================================================================
Omnibus:                     1648.623   Durbin-Watson:                   2.006
Prob(Omnibus):                  0.000   Jarque-Bera (JB):            13371.154
Skew:                           1.750   Prob(JB):                         0.00
Kurtosis:                      11.230   Cond. No.                     1.02e+16
==============================================================================

Notes:
[1] Standard Errors assume that the covariance matrix of the errors is correctly specified.
[2] The smallest eigenvalue is 6.38e-27. This might indicate that there are
strong multicollinearity problems or that the design matrix is singular.