                            OLS Regression Results                            
==============================================================================
Dep. Variable:              sd_pooled   R-squared:                       0.562
Model:                            OLS   Adj. R-squared:                  0.555
Method:                 Least Squares   F-statistic:                     79.15
Date:                Sun, 29 Mar 2026   Prob (F-statistic):               0.00
Time:                        15:30:04   Log-Likelihood:                 533.73
No. Observations:                4012   AIC:                            -937.5
Df Residuals:                    3947   BIC:                            -528.2
Df Model:                          64                                         
Covariance Type:            nonrobust                                         
============================================================================================
                               coef    std err          t      P>|t|      [0.025      0.975]
--------------------------------------------------------------------------------------------
const                        3.3783      0.048     69.835      0.000       3.283       3.473
FLead                        0.0467      0.008      5.816      0.000       0.031       0.062
mean_pooled                 -0.2335      0.004    -53.000      0.000      -0.242      -0.225
kim_violence_gore            0.0121      0.003      4.756      0.000       0.007       0.017
kim_sex_nudity               0.0115      0.002      5.671      0.000       0.008       0.015
kim_language                -0.0149      0.002     -7.976      0.000      -0.019      -0.011
major                       -0.0397      0.008     -4.945      0.000      -0.055      -0.024
log_bom_opening_theaters     0.0057      0.002      3.214      0.001       0.002       0.009
genres_count                -0.0096      0.007     -1.416      0.157      -0.023       0.004
yr_1993                     -0.0058      0.034     -0.168      0.866      -0.073       0.062
yr_1994                     -0.0028      0.035     -0.081      0.936      -0.072       0.066
yr_1995                      0.0440      0.035      1.268      0.205      -0.024       0.112
yr_1996                      0.0090      0.034      0.266      0.790      -0.058       0.076
yr_1997                      0.0132      0.035      0.381      0.703      -0.055       0.081
yr_1998                      0.0593      0.033      1.772      0.076      -0.006       0.125
yr_1999                      0.0607      0.033      1.864      0.062      -0.003       0.125
yr_2000                     -0.0085      0.034     -0.255      0.799      -0.074       0.057
yr_2001                      0.0564      0.033      1.708      0.088      -0.008       0.121
yr_2002                      0.0164      0.032      0.504      0.614      -0.047       0.080
yr_2003                   3.934e-05      0.033      0.001      0.999      -0.064       0.064
yr_2004                      0.0614      0.032      1.893      0.058      -0.002       0.125
yr_2005                      0.0482      0.032      1.499      0.134      -0.015       0.111
yr_2006                      0.0972      0.032      3.040      0.002       0.035       0.160
yr_2007                      0.1107      0.032      3.476      0.001       0.048       0.173
yr_2008                      0.0523      0.032      1.633      0.103      -0.011       0.115
yr_2009                      0.0320      0.032      0.985      0.325      -0.032       0.096
yr_2010                      0.0268      0.032      0.827      0.408      -0.037       0.090
yr_2011                      0.0299      0.032      0.941      0.347      -0.032       0.092
yr_2012                      0.0152      0.032      0.480      0.631      -0.047       0.077
yr_2013                      0.0075      0.032      0.236      0.813      -0.055       0.070
yr_2014                      0.0398      0.032      1.236      0.217      -0.023       0.103
yr_2015                     -0.0311      0.032     -0.973      0.331      -0.094       0.032
yr_2016                     -0.0354      0.032     -1.098      0.272      -0.099       0.028
yr_2017                      0.0213      0.033      0.655      0.512      -0.042       0.085
yr_2018                      0.0147      0.033      0.451      0.652      -0.049       0.079
mo_2                         0.0077      0.019      0.397      0.691      -0.030       0.046
mo_3                        -0.0041      0.019     -0.222      0.824      -0.040       0.032
mo_4                         0.0006      0.019      0.032      0.974      -0.036       0.037
mo_5                        -0.0125      0.020     -0.632      0.528      -0.051       0.026
mo_6                        -0.0254      0.019     -1.304      0.192      -0.063       0.013
mo_7                        -0.0232      0.019     -1.225      0.221      -0.060       0.014
mo_8                        -0.0251      0.018     -1.377      0.169      -0.061       0.011
mo_9                        -0.0275      0.019     -1.483      0.138      -0.064       0.009
mo_10                       -0.0069      0.018     -0.376      0.707      -0.043       0.029
mo_11                       -0.0242      0.019     -1.293      0.196      -0.061       0.013
mo_12                       -0.0261      0.018     -1.441      0.150      -0.062       0.009
genre_Action                -0.0553      0.011     -5.218      0.000      -0.076      -0.035
genre_Adventure             -0.0059      0.011     -0.526      0.599      -0.028       0.016
genre_Animation             -0.0280      0.018     -1.558      0.119      -0.063       0.007
genre_Biography             -0.0923      0.014     -6.492      0.000      -0.120      -0.064
genre_Comedy                -0.0032      0.010     -0.338      0.735      -0.022       0.015
genre_Crime                 -0.0889      0.010     -8.677      0.000      -0.109      -0.069
genre_Drama                  0.0138      0.010      1.449      0.147      -0.005       0.032
genre_Family                 0.0711      0.015      4.879      0.000       0.043       0.100
genre_Fantasy                0.0040      0.013      0.319      0.750      -0.021       0.029
genre_History                0.0178      0.020      0.874      0.382      -0.022       0.058
genre_Horror                -0.0340      0.015     -2.332      0.020      -0.063      -0.005
genre_Music                  0.1118      0.019      5.849      0.000       0.074       0.149
genre_Musical                0.3185      0.043      7.377      0.000       0.234       0.403
genre_Mystery               -0.0588      0.013     -4.673      0.000      -0.083      -0.034
genre_News                4.622e-18   1.06e-17      0.434      0.664   -1.63e-17    2.55e-17
genre_Romance               -0.0186      0.010     -1.802      0.072      -0.039       0.002
genre_Sci_Fi                -0.0128      0.014     -0.942      0.346      -0.039       0.014
genre_Short              -1.979e-18   2.39e-18     -0.829      0.407   -6.66e-18     2.7e-18
genre_Sport                 -0.0378      0.021     -1.823      0.068      -0.078       0.003
genre_Thriller              -0.0741      0.011     -6.959      0.000      -0.095      -0.053
genre_War                    0.0106      0.029      0.364      0.716      -0.047       0.068
genre_Western               -0.0476      0.051     -0.925      0.355      -0.148       0.053
==============================================================================
Omnibus:                     1646.778   Durbin-Watson:                   2.006
Prob(Omnibus):                  0.000   Jarque-Bera (JB):            13333.401
Skew:                           1.748   Prob(JB):                         0.00
Kurtosis:                      11.218   Cond. No.                     1.02e+16
==============================================================================

Notes:
[1] Standard Errors assume that the covariance matrix of the errors is correctly specified.
[2] The smallest eigenvalue is 6.39e-27. This might indicate that there are
strong multicollinearity problems or that the design matrix is singular.