                            OLS Regression Results                            
==============================================================================
Dep. Variable:              sd_pooled   R-squared:                       0.561
Model:                            OLS   Adj. R-squared:                  0.554
Method:                 Least Squares   F-statistic:                     78.70
Date:                Tue, 31 Mar 2026   Prob (F-statistic):               0.00
Time:                        19:17:31   Log-Likelihood:                 527.24
No. Observations:                4012   AIC:                            -924.5
Df Residuals:                    3947   BIC:                            -515.2
Df Model:                          64                                         
Covariance Type:            nonrobust                                         
============================================================================================
                               coef    std err          t      P>|t|      [0.025      0.975]
--------------------------------------------------------------------------------------------
const                        3.3857      0.048     69.918      0.000       3.291       3.481
FLead                        0.0456      0.008      5.670      0.000       0.030       0.061
mean_pooled                 -0.2327      0.004    -52.811      0.000      -0.241      -0.224
kim_violence_gore            0.0069      0.002      3.224      0.001       0.003       0.011
kim_sex_nudity               0.0126      0.002      6.277      0.000       0.009       0.017
kim_language                -0.0143      0.002     -7.624      0.000      -0.018      -0.011
major                       -0.0401      0.008     -4.986      0.000      -0.056      -0.024
log_bom_opening_theaters     0.0058      0.002      3.304      0.001       0.002       0.009
genres_count                -0.0076      0.007     -1.118      0.263      -0.021       0.006
yr_1993                     -0.0023      0.034     -0.067      0.947      -0.070       0.065
yr_1994                      0.0008      0.035      0.022      0.983      -0.068       0.070
yr_1995                      0.0480      0.035      1.383      0.167      -0.020       0.116
yr_1996                      0.0123      0.034      0.362      0.718      -0.054       0.079
yr_1997                      0.0175      0.035      0.504      0.614      -0.051       0.086
yr_1998                      0.0606      0.033      1.808      0.071      -0.005       0.126
yr_1999                      0.0632      0.033      1.938      0.053      -0.001       0.127
yr_2000                     -0.0064      0.034     -0.191      0.849      -0.072       0.059
yr_2001                      0.0615      0.033      1.863      0.062      -0.003       0.126
yr_2002                      0.0202      0.032      0.621      0.534      -0.043       0.084
yr_2003                      0.0032      0.033      0.097      0.923      -0.061       0.067
yr_2004                      0.0652      0.032      2.007      0.045       0.002       0.129
yr_2005                      0.0537      0.032      1.668      0.095      -0.009       0.117
yr_2006                      0.1044      0.032      3.267      0.001       0.042       0.167
yr_2007                      0.1164      0.032      3.655      0.000       0.054       0.179
yr_2008                      0.0584      0.032      1.822      0.069      -0.004       0.121
yr_2009                      0.0376      0.032      1.158      0.247      -0.026       0.101
yr_2010                      0.0334      0.032      1.033      0.302      -0.030       0.097
yr_2011                      0.0347      0.032      1.092      0.275      -0.028       0.097
yr_2012                      0.0201      0.032      0.634      0.526      -0.042       0.082
yr_2013                      0.0121      0.032      0.380      0.704      -0.050       0.075
yr_2014                      0.0426      0.032      1.321      0.187      -0.021       0.106
yr_2015                     -0.0281      0.032     -0.878      0.380      -0.091       0.035
yr_2016                     -0.0318      0.032     -0.985      0.324      -0.095       0.031
yr_2017                      0.0226      0.033      0.694      0.487      -0.041       0.087
yr_2018                      0.0181      0.033      0.555      0.579      -0.046       0.082
mo_2                         0.0073      0.019      0.373      0.709      -0.031       0.045
mo_3                        -0.0047      0.019     -0.251      0.802      -0.041       0.032
mo_4                         0.0009      0.019      0.047      0.963      -0.036       0.038
mo_5                        -0.0136      0.020     -0.687      0.492      -0.052       0.025
mo_6                        -0.0261      0.019     -1.337      0.181      -0.064       0.012
mo_7                        -0.0241      0.019     -1.275      0.202      -0.061       0.013
mo_8                        -0.0260      0.018     -1.424      0.154      -0.062       0.010
mo_9                        -0.0294      0.019     -1.580      0.114      -0.066       0.007
mo_10                       -0.0066      0.018     -0.362      0.717      -0.042       0.029
mo_11                       -0.0245      0.019     -1.304      0.192      -0.061       0.012
mo_12                       -0.0262      0.018     -1.446      0.148      -0.062       0.009
genre_Action                -0.0494      0.010     -4.711      0.000      -0.070      -0.029
genre_Adventure             -0.0048      0.011     -0.429      0.668      -0.027       0.017
genre_Animation             -0.0329      0.018     -1.833      0.067      -0.068       0.002
genre_Biography             -0.0950      0.014     -6.680      0.000      -0.123      -0.067
genre_Comedy                -0.0121      0.009     -1.318      0.188      -0.030       0.006
genre_Crime                 -0.0855      0.010     -8.372      0.000      -0.106      -0.065
genre_Drama                  0.0109      0.009      1.146      0.252      -0.008       0.029
genre_Family                 0.0667      0.015      4.591      0.000       0.038       0.095
genre_Fantasy                0.0048      0.013      0.380      0.704      -0.020       0.030
genre_History                0.0203      0.020      0.996      0.319      -0.020       0.060
genre_Horror                -0.0198      0.014     -1.409      0.159      -0.047       0.008
genre_Music                  0.1038      0.019      5.458      0.000       0.067       0.141
genre_Musical                0.3126      0.043      7.232      0.000       0.228       0.397
genre_Mystery               -0.0590      0.013     -4.686      0.000      -0.084      -0.034
genre_News               -6.415e-18   5.31e-18     -1.207      0.227   -1.68e-17       4e-18
genre_Romance               -0.0262      0.010     -2.597      0.009      -0.046      -0.006
genre_Sci_Fi                -0.0118      0.014     -0.869      0.385      -0.038       0.015
genre_Short               5.021e-18   3.02e-18      1.661      0.097   -9.04e-19    1.09e-17
genre_Sport                 -0.0410      0.021     -1.980      0.048      -0.082      -0.000
genre_Thriller              -0.0735      0.011     -6.891      0.000      -0.094      -0.053
genre_War                    0.0218      0.029      0.752      0.452      -0.035       0.079
genre_Western               -0.0374      0.051     -0.727      0.467      -0.138       0.063
==============================================================================
Omnibus:                     1657.704   Durbin-Watson:                   2.007
Prob(Omnibus):                  0.000   Jarque-Bera (JB):            13603.123
Skew:                           1.758   Prob(JB):                         0.00
Kurtosis:                      11.307   Cond. No.                     1.02e+16
==============================================================================

Notes:
[1] Standard Errors assume that the covariance matrix of the errors is correctly specified.
[2] The smallest eigenvalue is 6.39e-27. This might indicate that there are
strong multicollinearity problems or that the design matrix is singular.