                            OLS Regression Results                            
==============================================================================
Dep. Variable:              sd_pooled   R-squared:                       0.562
Model:                            OLS   Adj. R-squared:                  0.555
Method:                 Least Squares   F-statistic:                     79.20
Date:                Tue, 31 Mar 2026   Prob (F-statistic):               0.00
Time:                        18:23:35   Log-Likelihood:                 534.43
No. Observations:                4012   AIC:                            -938.9
Df Residuals:                    3947   BIC:                            -529.5
Df Model:                          64                                         
Covariance Type:            nonrobust                                         
============================================================================================
                               coef    std err          t      P>|t|      [0.025      0.975]
--------------------------------------------------------------------------------------------
const                        3.3787      0.048     69.865      0.000       3.284       3.473
FLead                        0.0469      0.008      5.841      0.000       0.031       0.063
mean_pooled                 -0.2335      0.004    -53.040      0.000      -0.242      -0.225
kim_violence_gore            0.0121      0.003      4.751      0.000       0.007       0.017
kim_sex_nudity               0.0118      0.002      5.833      0.000       0.008       0.016
kim_language                -0.0150      0.002     -8.030      0.000      -0.019      -0.011
major                       -0.0396      0.008     -4.932      0.000      -0.055      -0.024
log_bom_opening_theaters     0.0056      0.002      3.150      0.002       0.002       0.009
genres_count                -0.0096      0.007     -1.412      0.158      -0.023       0.004
yr_1993                     -0.0056      0.034     -0.162      0.871      -0.073       0.062
yr_1994                     -0.0021      0.035     -0.061      0.951      -0.071       0.067
yr_1995                      0.0449      0.035      1.296      0.195      -0.023       0.113
yr_1996                      0.0100      0.034      0.294      0.769      -0.057       0.077
yr_1997                      0.0141      0.035      0.407      0.684      -0.054       0.082
yr_1998                      0.0594      0.033      1.777      0.076      -0.006       0.125
yr_1999                      0.0618      0.033      1.897      0.058      -0.002       0.126
yr_2000                     -0.0079      0.034     -0.235      0.814      -0.074       0.058
yr_2001                      0.0566      0.033      1.717      0.086      -0.008       0.121
yr_2002                      0.0168      0.032      0.518      0.605      -0.047       0.080
yr_2003                     -0.0001      0.033     -0.003      0.997      -0.064       0.064
yr_2004                      0.0617      0.032      1.902      0.057      -0.002       0.125
yr_2005                      0.0484      0.032      1.506      0.132      -0.015       0.111
yr_2006                      0.0973      0.032      3.045      0.002       0.035       0.160
yr_2007                      0.1109      0.032      3.484      0.000       0.048       0.173
yr_2008                      0.0529      0.032      1.651      0.099      -0.010       0.116
yr_2009                      0.0320      0.032      0.985      0.324      -0.032       0.096
yr_2010                      0.0269      0.032      0.833      0.405      -0.036       0.090
yr_2011                      0.0302      0.032      0.950      0.342      -0.032       0.093
yr_2012                      0.0154      0.032      0.487      0.627      -0.047       0.077
yr_2013                      0.0075      0.032      0.234      0.815      -0.055       0.070
yr_2014                      0.0400      0.032      1.242      0.214      -0.023       0.103
yr_2015                     -0.0315      0.032     -0.985      0.324      -0.094       0.031
yr_2016                     -0.0346      0.032     -1.075      0.283      -0.098       0.029
yr_2017                      0.0222      0.033      0.684      0.494      -0.042       0.086
yr_2018                      0.0161      0.033      0.494      0.622      -0.048       0.080
mo_2                         0.0074      0.019      0.380      0.704      -0.031       0.046
mo_3                        -0.0049      0.019     -0.266      0.790      -0.041       0.031
mo_4                         0.0004      0.019      0.024      0.981      -0.036       0.037
mo_5                        -0.0130      0.020     -0.661      0.509      -0.052       0.026
mo_6                        -0.0257      0.019     -1.324      0.186      -0.064       0.012
mo_7                        -0.0237      0.019     -1.255      0.210      -0.061       0.013
mo_8                        -0.0255      0.018     -1.398      0.162      -0.061       0.010
mo_9                        -0.0275      0.019     -1.480      0.139      -0.064       0.009
mo_10                       -0.0072      0.018     -0.394      0.693      -0.043       0.029
mo_11                       -0.0247      0.019     -1.317      0.188      -0.061       0.012
mo_12                       -0.0266      0.018     -1.469      0.142      -0.062       0.009
genre_Action                -0.0556      0.011     -5.246      0.000      -0.076      -0.035
genre_Adventure             -0.0055      0.011     -0.488      0.626      -0.028       0.017
genre_Animation             -0.0281      0.018     -1.566      0.118      -0.063       0.007
genre_Biography             -0.0920      0.014     -6.468      0.000      -0.120      -0.064
genre_Comedy                -0.0033      0.010     -0.351      0.726      -0.022       0.015
genre_Crime                 -0.0886      0.010     -8.657      0.000      -0.109      -0.069
genre_Drama                  0.0138      0.010      1.450      0.147      -0.005       0.032
genre_Family                 0.0714      0.015      4.902      0.000       0.043       0.100
genre_Fantasy                0.0041      0.013      0.325      0.745      -0.021       0.029
genre_History                0.0188      0.020      0.920      0.358      -0.021       0.059
genre_Horror                -0.0342      0.015     -2.348      0.019      -0.063      -0.006
genre_Music                  0.1115      0.019      5.835      0.000       0.074       0.149
genre_Musical                0.3184      0.043      7.375      0.000       0.234       0.403
genre_Mystery               -0.0588      0.013     -4.676      0.000      -0.083      -0.034
genre_News                7.939e-18   8.81e-18      0.901      0.368   -9.34e-18    2.52e-17
genre_Romance               -0.0190      0.010     -1.842      0.066      -0.039       0.001
genre_Sci_Fi                -0.0130      0.014     -0.961      0.337      -0.040       0.014
genre_Short              -1.112e-18      3e-18     -0.371      0.711   -6.99e-18    4.77e-18
genre_Sport                 -0.0376      0.021     -1.813      0.070      -0.078       0.003
genre_Thriller              -0.0742      0.011     -6.975      0.000      -0.095      -0.053
genre_War                    0.0097      0.029      0.332      0.740      -0.047       0.067
genre_Western               -0.0471      0.051     -0.916      0.360      -0.148       0.054
==============================================================================
Omnibus:                     1645.697   Durbin-Watson:                   2.007
Prob(Omnibus):                  0.000   Jarque-Bera (JB):            13315.070
Skew:                           1.747   Prob(JB):                         0.00
Kurtosis:                      11.212   Cond. No.                     1.02e+16
==============================================================================

Notes:
[1] Standard Errors assume that the covariance matrix of the errors is correctly specified.
[2] The smallest eigenvalue is 6.39e-27. This might indicate that there are
strong multicollinearity problems or that the design matrix is singular.