                            OLS Regression Results                            
==============================================================================
Dep. Variable:              sd_pooled   R-squared:                       0.562
Model:                            OLS   Adj. R-squared:                  0.555
Method:                 Least Squares   F-statistic:                     79.08
Date:                Tue, 31 Mar 2026   Prob (F-statistic):               0.00
Time:                        18:24:52   Log-Likelihood:                 532.70
No. Observations:                4012   AIC:                            -935.4
Df Residuals:                    3947   BIC:                            -526.1
Df Model:                          64                                         
Covariance Type:            nonrobust                                         
============================================================================================
                               coef    std err          t      P>|t|      [0.025      0.975]
--------------------------------------------------------------------------------------------
const                        3.3799      0.048     69.832      0.000       3.285       3.475
FLead                        0.0469      0.008      5.830      0.000       0.031       0.063
mean_pooled                 -0.2335      0.004    -52.962      0.000      -0.242      -0.225
kim_violence_gore            0.0123      0.003      4.815      0.000       0.007       0.017
kim_sex_nudity               0.0112      0.002      5.532      0.000       0.007       0.015
kim_language                -0.0148      0.002     -7.924      0.000      -0.019      -0.011
major                       -0.0394      0.008     -4.896      0.000      -0.055      -0.024
log_bom_opening_theaters     0.0055      0.002      3.136      0.002       0.002       0.009
genres_count                -0.0098      0.007     -1.443      0.149      -0.023       0.004
yr_1993                     -0.0061      0.034     -0.178      0.859      -0.074       0.061
yr_1994                     -0.0030      0.035     -0.086      0.932      -0.072       0.066
yr_1995                      0.0435      0.035      1.253      0.210      -0.025       0.111
yr_1996                      0.0085      0.034      0.251      0.802      -0.058       0.075
yr_1997                      0.0126      0.035      0.363      0.717      -0.055       0.081
yr_1998                      0.0589      0.033      1.762      0.078      -0.007       0.125
yr_1999                      0.0604      0.033      1.852      0.064      -0.004       0.124
yr_2000                     -0.0094      0.034     -0.280      0.780      -0.075       0.056
yr_2001                      0.0559      0.033      1.693      0.090      -0.009       0.121
yr_2002                      0.0162      0.032      0.499      0.618      -0.047       0.080
yr_2003                     -0.0001      0.033     -0.004      0.996      -0.064       0.064
yr_2004                      0.0613      0.032      1.890      0.059      -0.002       0.125
yr_2005                      0.0479      0.032      1.487      0.137      -0.015       0.111
yr_2006                      0.0961      0.032      3.005      0.003       0.033       0.159
yr_2007                      0.1109      0.032      3.482      0.001       0.048       0.173
yr_2008                      0.0525      0.032      1.637      0.102      -0.010       0.115
yr_2009                      0.0319      0.032      0.983      0.326      -0.032       0.096
yr_2010                      0.0263      0.032      0.812      0.417      -0.037       0.090
yr_2011                      0.0297      0.032      0.933      0.351      -0.033       0.092
yr_2012                      0.0146      0.032      0.462      0.644      -0.047       0.077
yr_2013                      0.0073      0.032      0.228      0.820      -0.055       0.070
yr_2014                      0.0397      0.032      1.232      0.218      -0.023       0.103
yr_2015                     -0.0312      0.032     -0.976      0.329      -0.094       0.031
yr_2016                     -0.0359      0.032     -1.113      0.266      -0.099       0.027
yr_2017                      0.0211      0.033      0.648      0.517      -0.043       0.085
yr_2018                      0.0150      0.033      0.459      0.647      -0.049       0.079
mo_2                         0.0079      0.019      0.407      0.684      -0.030       0.046
mo_3                        -0.0043      0.019     -0.231      0.817      -0.041       0.032
mo_4                         0.0006      0.019      0.032      0.975      -0.036       0.037
mo_5                        -0.0127      0.020     -0.643      0.520      -0.051       0.026
mo_6                        -0.0251      0.019     -1.288      0.198      -0.063       0.013
mo_7                        -0.0232      0.019     -1.229      0.219      -0.060       0.014
mo_8                        -0.0254      0.018     -1.395      0.163      -0.061       0.010
mo_9                        -0.0278      0.019     -1.497      0.134      -0.064       0.009
mo_10                       -0.0070      0.018     -0.381      0.703      -0.043       0.029
mo_11                       -0.0243      0.019     -1.298      0.194      -0.061       0.012
mo_12                       -0.0264      0.018     -1.459      0.145      -0.062       0.009
genre_Action                -0.0556      0.011     -5.243      0.000      -0.076      -0.035
genre_Adventure             -0.0062      0.011     -0.552      0.581      -0.028       0.016
genre_Animation             -0.0280      0.018     -1.558      0.119      -0.063       0.007
genre_Biography             -0.0922      0.014     -6.479      0.000      -0.120      -0.064
genre_Comedy                -0.0030      0.010     -0.310      0.756      -0.022       0.016
genre_Crime                 -0.0890      0.010     -8.690      0.000      -0.109      -0.069
genre_Drama                  0.0137      0.010      1.441      0.150      -0.005       0.032
genre_Family                 0.0708      0.015      4.859      0.000       0.042       0.099
genre_Fantasy                0.0039      0.013      0.311      0.756      -0.021       0.029
genre_History                0.0180      0.020      0.880      0.379      -0.022       0.058
genre_Horror                -0.0343      0.015     -2.349      0.019      -0.063      -0.006
genre_Music                  0.1122      0.019      5.870      0.000       0.075       0.150
genre_Musical                0.3193      0.043      7.394      0.000       0.235       0.404
genre_Mystery               -0.0588      0.013     -4.674      0.000      -0.083      -0.034
genre_News               -5.129e-18   3.42e-18     -1.501      0.133   -1.18e-17    1.57e-18
genre_Romance               -0.0181      0.010     -1.753      0.080      -0.038       0.002
genre_Sci_Fi                -0.0127      0.014     -0.937      0.349      -0.039       0.014
genre_Short               5.329e-18   3.87e-18      1.377      0.169   -2.26e-18    1.29e-17
genre_Sport                 -0.0379      0.021     -1.829      0.067      -0.079       0.003
genre_Thriller              -0.0742      0.011     -6.969      0.000      -0.095      -0.053
genre_War                    0.0100      0.029      0.344      0.731      -0.047       0.067
genre_Western               -0.0477      0.051     -0.926      0.354      -0.149       0.053
==============================================================================
Omnibus:                     1646.462   Durbin-Watson:                   2.006
Prob(Omnibus):                  0.000   Jarque-Bera (JB):            13320.442
Skew:                           1.748   Prob(JB):                         0.00
Kurtosis:                      11.213   Cond. No.                     1.02e+16
==============================================================================

Notes:
[1] Standard Errors assume that the covariance matrix of the errors is correctly specified.
[2] The smallest eigenvalue is 6.39e-27. This might indicate that there are
strong multicollinearity problems or that the design matrix is singular.