                            OLS Regression Results                            
==============================================================================
Dep. Variable:              sd_pooled   R-squared:                       0.562
Model:                            OLS   Adj. R-squared:                  0.555
Method:                 Least Squares   F-statistic:                     79.14
Date:                Sun, 29 Mar 2026   Prob (F-statistic):               0.00
Time:                        15:28:09   Log-Likelihood:                 533.51
No. Observations:                4012   AIC:                            -937.0
Df Residuals:                    3947   BIC:                            -527.7
Df Model:                          64                                         
Covariance Type:            nonrobust                                         
============================================================================================
                               coef    std err          t      P>|t|      [0.025      0.975]
--------------------------------------------------------------------------------------------
const                        3.3799      0.048     69.879      0.000       3.285       3.475
FLead                        0.0468      0.008      5.821      0.000       0.031       0.063
mean_pooled                 -0.2336      0.004    -53.029      0.000      -0.242      -0.225
kim_violence_gore            0.0121      0.003      4.756      0.000       0.007       0.017
kim_sex_nudity               0.0115      0.002      5.674      0.000       0.008       0.015
kim_language                -0.0149      0.002     -7.981      0.000      -0.019      -0.011
major                       -0.0395      0.008     -4.909      0.000      -0.055      -0.024
log_bom_opening_theaters     0.0055      0.002      3.140      0.002       0.002       0.009
genres_count                -0.0095      0.007     -1.406      0.160      -0.023       0.004
yr_1993                     -0.0061      0.034     -0.178      0.859      -0.074       0.061
yr_1994                     -0.0035      0.035     -0.099      0.921      -0.072       0.065
yr_1995                      0.0438      0.035      1.264      0.206      -0.024       0.112
yr_1996                      0.0087      0.034      0.256      0.798      -0.058       0.075
yr_1997                      0.0125      0.035      0.359      0.719      -0.056       0.080
yr_1998                      0.0591      0.033      1.766      0.077      -0.006       0.125
yr_1999                      0.0601      0.033      1.845      0.065      -0.004       0.124
yr_2000                     -0.0086      0.034     -0.256      0.798      -0.074       0.057
yr_2001                      0.0558      0.033      1.692      0.091      -0.009       0.121
yr_2002                      0.0160      0.032      0.493      0.622      -0.048       0.080
yr_2003                     -0.0003      0.033     -0.010      0.992      -0.064       0.064
yr_2004                      0.0608      0.032      1.873      0.061      -0.003       0.124
yr_2005                      0.0478      0.032      1.485      0.138      -0.015       0.111
yr_2006                      0.0966      0.032      3.023      0.003       0.034       0.159
yr_2007                      0.1110      0.032      3.486      0.000       0.049       0.173
yr_2008                      0.0521      0.032      1.624      0.105      -0.011       0.115
yr_2009                      0.0318      0.032      0.979      0.328      -0.032       0.095
yr_2010                      0.0263      0.032      0.814      0.416      -0.037       0.090
yr_2011                      0.0296      0.032      0.932      0.352      -0.033       0.092
yr_2012                      0.0147      0.032      0.465      0.642      -0.047       0.077
yr_2013                      0.0069      0.032      0.218      0.828      -0.056       0.069
yr_2014                      0.0395      0.032      1.228      0.220      -0.024       0.103
yr_2015                     -0.0310      0.032     -0.971      0.332      -0.094       0.032
yr_2016                     -0.0359      0.032     -1.113      0.266      -0.099       0.027
yr_2017                      0.0207      0.033      0.638      0.524      -0.043       0.085
yr_2018                      0.0151      0.033      0.461      0.645      -0.049       0.079
mo_2                         0.0079      0.019      0.405      0.686      -0.030       0.046
mo_3                        -0.0040      0.019     -0.214      0.831      -0.040       0.032
mo_4                         0.0008      0.019      0.040      0.968      -0.036       0.037
mo_5                        -0.0124      0.020     -0.630      0.529      -0.051       0.026
mo_6                        -0.0248      0.019     -1.276      0.202      -0.063       0.013
mo_7                        -0.0233      0.019     -1.231      0.218      -0.060       0.014
mo_8                        -0.0250      0.018     -1.372      0.170      -0.061       0.011
mo_9                        -0.0274      0.019     -1.478      0.140      -0.064       0.009
mo_10                       -0.0068      0.018     -0.374      0.708      -0.043       0.029
mo_11                       -0.0238      0.019     -1.272      0.204      -0.061       0.013
mo_12                       -0.0261      0.018     -1.439      0.150      -0.062       0.009
genre_Action                -0.0553      0.011     -5.213      0.000      -0.076      -0.035
genre_Adventure             -0.0061      0.011     -0.545      0.586      -0.028       0.016
genre_Animation             -0.0280      0.018     -1.560      0.119      -0.063       0.007
genre_Biography             -0.0921      0.014     -6.473      0.000      -0.120      -0.064
genre_Comedy                -0.0033      0.010     -0.343      0.732      -0.022       0.015
genre_Crime                 -0.0889      0.010     -8.677      0.000      -0.109      -0.069
genre_Drama                  0.0135      0.010      1.421      0.155      -0.005       0.032
genre_Family                 0.0710      0.015      4.874      0.000       0.042       0.100
genre_Fantasy                0.0039      0.013      0.305      0.761      -0.021       0.029
genre_History                0.0179      0.020      0.875      0.382      -0.022       0.058
genre_Horror                -0.0341      0.015     -2.336      0.020      -0.063      -0.005
genre_Music                  0.1118      0.019      5.847      0.000       0.074       0.149
genre_Musical                0.3184      0.043      7.374      0.000       0.234       0.403
genre_Mystery               -0.0587      0.013     -4.664      0.000      -0.083      -0.034
genre_News                1.963e-18   4.06e-18      0.484      0.628   -5.99e-18    9.92e-18
genre_Romance               -0.0185      0.010     -1.796      0.073      -0.039       0.002
genre_Sci_Fi                -0.0131      0.014     -0.964      0.335      -0.040       0.014
genre_Short              -1.349e-18   2.15e-18     -0.629      0.529   -5.55e-18    2.86e-18
genre_Sport                 -0.0374      0.021     -1.805      0.071      -0.078       0.003
genre_Thriller              -0.0742      0.011     -6.970      0.000      -0.095      -0.053
genre_War                    0.0112      0.029      0.383      0.701      -0.046       0.068
genre_Western               -0.0475      0.051     -0.923      0.356      -0.148       0.053
==============================================================================
Omnibus:                     1646.711   Durbin-Watson:                   2.005
Prob(Omnibus):                  0.000   Jarque-Bera (JB):            13339.272
Skew:                           1.748   Prob(JB):                         0.00
Kurtosis:                      11.220   Cond. No.                     1.02e+16
==============================================================================

Notes:
[1] Standard Errors assume that the covariance matrix of the errors is correctly specified.
[2] The smallest eigenvalue is 6.39e-27. This might indicate that there are
strong multicollinearity problems or that the design matrix is singular.