                            OLS Regression Results                            
==============================================================================
Dep. Variable:              sd_pooled   R-squared:                       0.562
Model:                            OLS   Adj. R-squared:                  0.555
Method:                 Least Squares   F-statistic:                     79.13
Date:                Tue, 31 Mar 2026   Prob (F-statistic):               0.00
Time:                        21:35:03   Log-Likelihood:                 533.45
No. Observations:                4012   AIC:                            -936.9
Df Residuals:                    3947   BIC:                            -527.6
Df Model:                          64                                         
Covariance Type:            nonrobust                                         
============================================================================================
                               coef    std err          t      P>|t|      [0.025      0.975]
--------------------------------------------------------------------------------------------
const                        3.3811      0.048     70.102      0.000       3.287       3.476
FLead                        0.0471      0.008      5.853      0.000       0.031       0.063
mean_pooled                 -0.2336      0.004    -53.099      0.000      -0.242      -0.225
kim_violence_gore            0.0121      0.003      4.742      0.000       0.007       0.017
kim_sex_nudity               0.0115      0.002      5.691      0.000       0.008       0.016
kim_language                -0.0149      0.002     -7.961      0.000      -0.019      -0.011
major                       -0.0394      0.008     -4.909      0.000      -0.055      -0.024
log_bom_opening_theaters     0.0054      0.002      3.127      0.002       0.002       0.009
genres_count                -0.0095      0.007     -1.398      0.162      -0.023       0.004
yr_1993                     -0.0064      0.034     -0.187      0.852      -0.074       0.061
yr_1994                     -0.0034      0.035     -0.096      0.924      -0.072       0.066
yr_1995                      0.0437      0.035      1.259      0.208      -0.024       0.112
yr_1996                      0.0080      0.034      0.235      0.814      -0.059       0.075
yr_1997                      0.0133      0.035      0.383      0.702      -0.055       0.081
yr_1998                      0.0587      0.033      1.757      0.079      -0.007       0.124
yr_1999                      0.0596      0.033      1.831      0.067      -0.004       0.124
yr_2000                     -0.0083      0.034     -0.248      0.804      -0.074       0.057
yr_2001                      0.0554      0.033      1.679      0.093      -0.009       0.120
yr_2002                      0.0157      0.032      0.483      0.629      -0.048       0.079
yr_2003                     -0.0003      0.033     -0.009      0.993      -0.064       0.064
yr_2004                      0.0608      0.032      1.873      0.061      -0.003       0.124
yr_2005                      0.0479      0.032      1.489      0.137      -0.015       0.111
yr_2006                      0.0963      0.032      3.014      0.003       0.034       0.159
yr_2007                      0.1103      0.032      3.463      0.001       0.048       0.173
yr_2008                      0.0518      0.032      1.614      0.107      -0.011       0.115
yr_2009                      0.0315      0.032      0.970      0.332      -0.032       0.095
yr_2010                      0.0262      0.032      0.808      0.419      -0.037       0.090
yr_2011                      0.0292      0.032      0.920      0.358      -0.033       0.092
yr_2012                      0.0141      0.032      0.446      0.656      -0.048       0.076
yr_2013                      0.0069      0.032      0.216      0.829      -0.056       0.069
yr_2014                      0.0397      0.032      1.233      0.218      -0.023       0.103
yr_2015                     -0.0316      0.032     -0.989      0.323      -0.094       0.031
yr_2016                     -0.0360      0.032     -1.118      0.264      -0.099       0.027
yr_2017                      0.0210      0.033      0.645      0.519      -0.043       0.085
yr_2018                      0.0149      0.033      0.456      0.648      -0.049       0.079
mo_2                         0.0082      0.019      0.422      0.673      -0.030       0.046
mo_3                        -0.0037      0.019     -0.197      0.844      -0.040       0.033
mo_4                         0.0009      0.019      0.048      0.962      -0.036       0.038
mo_5                        -0.0120      0.020     -0.610      0.542      -0.051       0.027
mo_6                        -0.0250      0.019     -1.286      0.198      -0.063       0.013
mo_7                        -0.0230      0.019     -1.215      0.224      -0.060       0.014
mo_8                        -0.0249      0.018     -1.363      0.173      -0.061       0.011
mo_9                        -0.0273      0.019     -1.470      0.142      -0.064       0.009
mo_10                       -0.0066      0.018     -0.361      0.718      -0.042       0.029
mo_11                       -0.0239      0.019     -1.272      0.204      -0.061       0.013
mo_12                       -0.0261      0.018     -1.441      0.150      -0.062       0.009
genre_Action                -0.0552      0.011     -5.202      0.000      -0.076      -0.034
genre_Adventure             -0.0060      0.011     -0.538      0.591      -0.028       0.016
genre_Animation             -0.0278      0.018     -1.550      0.121      -0.063       0.007
genre_Biography             -0.0925      0.014     -6.510      0.000      -0.120      -0.065
genre_Comedy                -0.0033      0.010     -0.346      0.729      -0.022       0.015
genre_Crime                 -0.0889      0.010     -8.683      0.000      -0.109      -0.069
genre_Drama                  0.0134      0.009      1.407      0.160      -0.005       0.032
genre_Family                 0.0709      0.015      4.870      0.000       0.042       0.099
genre_Fantasy                0.0041      0.013      0.327      0.744      -0.021       0.029
genre_History                0.0180      0.020      0.880      0.379      -0.022       0.058
genre_Horror                -0.0342      0.015     -2.341      0.019      -0.063      -0.006
genre_Music                  0.1118      0.019      5.850      0.000       0.074       0.149
genre_Musical                0.3181      0.043      7.367      0.000       0.233       0.403
genre_Mystery               -0.0589      0.013     -4.683      0.000      -0.084      -0.034
genre_News               -1.845e-18    6.4e-18     -0.288      0.773   -1.44e-17    1.07e-17
genre_Romance               -0.0189      0.010     -1.833      0.067      -0.039       0.001
genre_Sci_Fi                -0.0129      0.014     -0.948      0.343      -0.039       0.014
genre_Short              -3.334e-18   1.88e-18     -1.778      0.076   -7.01e-18    3.43e-19
genre_Sport                 -0.0374      0.021     -1.807      0.071      -0.078       0.003
genre_Thriller              -0.0741      0.011     -6.957      0.000      -0.095      -0.053
genre_War                    0.0109      0.029      0.374      0.708      -0.046       0.068
genre_Western               -0.0466      0.051     -0.905      0.365      -0.147       0.054
==============================================================================
Omnibus:                     1647.394   Durbin-Watson:                   2.006
Prob(Omnibus):                  0.000   Jarque-Bera (JB):            13351.309
Skew:                           1.749   Prob(JB):                         0.00
Kurtosis:                      11.224   Cond. No.                     1.02e+16
==============================================================================

Notes:
[1] Standard Errors assume that the covariance matrix of the errors is correctly specified.
[2] The smallest eigenvalue is 6.35e-27. This might indicate that there are
strong multicollinearity problems or that the design matrix is singular.