                            OLS Regression Results                            
==============================================================================
Dep. Variable:              sd_pooled   R-squared:                       0.562
Model:                            OLS   Adj. R-squared:                  0.555
Method:                 Least Squares   F-statistic:                     79.01
Date:                Sun, 29 Mar 2026   Prob (F-statistic):               0.00
Time:                        15:43:05   Log-Likelihood:                 531.78
No. Observations:                4012   AIC:                            -933.6
Df Residuals:                    3947   BIC:                            -524.3
Df Model:                          64                                         
Covariance Type:            nonrobust                                         
============================================================================================
                               coef    std err          t      P>|t|      [0.025      0.975]
--------------------------------------------------------------------------------------------
const                        3.3913      0.048     70.529      0.000       3.297       3.486
FLead                        0.0463      0.008      5.762      0.000       0.031       0.062
mean_pooled                 -0.2347      0.004    -53.754      0.000      -0.243      -0.226
kim_violence_gore            0.0125      0.003      4.897      0.000       0.007       0.017
kim_sex_nudity               0.0113      0.002      5.593      0.000       0.007       0.015
kim_language                -0.0151      0.002     -8.035      0.000      -0.019      -0.011
major                       -0.0360      0.008     -4.611      0.000      -0.051      -0.021
log_bom_opening_theaters     0.0048      0.002      2.547      0.011       0.001       0.009
genres_count                -0.0095      0.007     -1.394      0.163      -0.023       0.004
yr_1993                     -0.0060      0.034     -0.173      0.862      -0.074       0.062
yr_1994                     -0.0045      0.035     -0.127      0.899      -0.073       0.065
yr_1995                      0.0433      0.035      1.249      0.212      -0.025       0.111
yr_1996                      0.0076      0.034      0.223      0.824      -0.059       0.074
yr_1997                      0.0126      0.035      0.363      0.716      -0.055       0.081
yr_1998                      0.0588      0.033      1.756      0.079      -0.007       0.124
yr_1999                      0.0588      0.033      1.805      0.071      -0.005       0.123
yr_2000                     -0.0084      0.034     -0.250      0.802      -0.074       0.057
yr_2001                      0.0548      0.033      1.660      0.097      -0.010       0.119
yr_2002                      0.0157      0.032      0.485      0.628      -0.048       0.079
yr_2003                     -0.0009      0.033     -0.027      0.978      -0.065       0.063
yr_2004                      0.0614      0.032      1.892      0.059      -0.002       0.125
yr_2005                      0.0475      0.032      1.475      0.140      -0.016       0.111
yr_2006                      0.0962      0.032      3.007      0.003       0.033       0.159
yr_2007                      0.1108      0.032      3.480      0.001       0.048       0.173
yr_2008                      0.0525      0.032      1.636      0.102      -0.010       0.115
yr_2009                      0.0317      0.032      0.975      0.330      -0.032       0.095
yr_2010                      0.0256      0.032      0.790      0.430      -0.038       0.089
yr_2011                      0.0288      0.032      0.904      0.366      -0.034       0.091
yr_2012                      0.0134      0.032      0.423      0.673      -0.049       0.075
yr_2013                      0.0061      0.032      0.192      0.848      -0.056       0.069
yr_2014                      0.0390      0.032      1.212      0.226      -0.024       0.102
yr_2015                     -0.0324      0.032     -1.012      0.312      -0.095       0.030
yr_2016                     -0.0357      0.032     -1.106      0.269      -0.099       0.028
yr_2017                      0.0206      0.033      0.633      0.527      -0.043       0.084
yr_2018                      0.0155      0.033      0.475      0.635      -0.049       0.080
mo_2                         0.0087      0.019      0.446      0.655      -0.029       0.047
mo_3                        -0.0041      0.019     -0.222      0.824      -0.040       0.032
mo_4                         0.0002      0.019      0.011      0.991      -0.036       0.037
mo_5                        -0.0128      0.020     -0.651      0.515      -0.052       0.026
mo_6                        -0.0260      0.019     -1.334      0.182      -0.064       0.012
mo_7                        -0.0240      0.019     -1.268      0.205      -0.061       0.013
mo_8                        -0.0252      0.018     -1.380      0.168      -0.061       0.011
mo_9                        -0.0278      0.019     -1.496      0.135      -0.064       0.009
mo_10                       -0.0075      0.018     -0.412      0.680      -0.043       0.028
mo_11                       -0.0245      0.019     -1.305      0.192      -0.061       0.012
mo_12                       -0.0289      0.018     -1.601      0.109      -0.064       0.006
genre_Action                -0.0548      0.011     -5.164      0.000      -0.076      -0.034
genre_Adventure             -0.0056      0.011     -0.497      0.619      -0.028       0.016
genre_Animation             -0.0269      0.018     -1.499      0.134      -0.062       0.008
genre_Biography             -0.0942      0.014     -6.639      0.000      -0.122      -0.066
genre_Comedy                -0.0034      0.010     -0.352      0.725      -0.022       0.015
genre_Crime                 -0.0887      0.010     -8.652      0.000      -0.109      -0.069
genre_Drama                  0.0121      0.009      1.280      0.201      -0.006       0.031
genre_Family                 0.0719      0.015      4.934      0.000       0.043       0.100
genre_Fantasy                0.0042      0.013      0.330      0.741      -0.021       0.029
genre_History                0.0182      0.020      0.893      0.372      -0.022       0.058
genre_Horror                -0.0343      0.015     -2.345      0.019      -0.063      -0.006
genre_Music                  0.1113      0.019      5.817      0.000       0.074       0.149
genre_Musical                0.3198      0.043      7.403      0.000       0.235       0.404
genre_Mystery               -0.0589      0.013     -4.678      0.000      -0.084      -0.034
genre_News               -1.306e-17   5.93e-18     -2.203      0.028   -2.47e-17   -1.44e-18
genre_Romance               -0.0185      0.010     -1.798      0.072      -0.039       0.002
genre_Sci_Fi                -0.0123      0.014     -0.904      0.366      -0.039       0.014
genre_Short               5.181e-18   5.12e-18      1.011      0.312   -4.86e-18    1.52e-17
genre_Sport                 -0.0354      0.021     -1.711      0.087      -0.076       0.005
genre_Thriller              -0.0737      0.011     -6.917      0.000      -0.095      -0.053
genre_War                    0.0070      0.029      0.240      0.810      -0.050       0.064
genre_Western               -0.0474      0.051     -0.920      0.358      -0.148       0.054
==============================================================================
Omnibus:                     1658.589   Durbin-Watson:                   2.007
Prob(Omnibus):                  0.000   Jarque-Bera (JB):            13597.842
Skew:                           1.759   Prob(JB):                         0.00
Kurtosis:                      11.304   Cond. No.                     1.02e+16
==============================================================================

Notes:
[1] Standard Errors assume that the covariance matrix of the errors is correctly specified.
[2] The smallest eigenvalue is 6.35e-27. This might indicate that there are
strong multicollinearity problems or that the design matrix is singular.