                            OLS Regression Results                            
==============================================================================
Dep. Variable:              sd_pooled   R-squared:                       0.561
Model:                            OLS   Adj. R-squared:                  0.554
Method:                 Least Squares   F-statistic:                     78.93
Date:                Tue, 31 Mar 2026   Prob (F-statistic):               0.00
Time:                        19:53:27   Log-Likelihood:                 530.53
No. Observations:                4012   AIC:                            -931.1
Df Residuals:                    3947   BIC:                            -521.7
Df Model:                          64                                         
Covariance Type:            nonrobust                                         
============================================================================================
                               coef    std err          t      P>|t|      [0.025      0.975]
--------------------------------------------------------------------------------------------
const                        3.3980      0.048     70.372      0.000       3.303       3.493
FLead                        0.0463      0.008      5.755      0.000       0.031       0.062
mean_pooled                 -0.2344      0.004    -53.031      0.000      -0.243      -0.226
kim_violence_gore            0.0123      0.003      4.831      0.000       0.007       0.017
kim_sex_nudity               0.0112      0.002      5.544      0.000       0.007       0.015
kim_language                -0.0148      0.002     -7.916      0.000      -0.019      -0.011
major                       -0.0361      0.008     -4.489      0.000      -0.052      -0.020
log_bom_opening_theaters     0.0034      0.002      2.004      0.045    7.37e-05       0.007
genres_count                -0.0088      0.007     -1.301      0.193      -0.022       0.004
yr_1993                     -0.0065      0.034     -0.189      0.850      -0.074       0.061
yr_1994                     -0.0049      0.035     -0.140      0.888      -0.074       0.064
yr_1995                      0.0427      0.035      1.230      0.219      -0.025       0.111
yr_1996                      0.0079      0.034      0.232      0.816      -0.059       0.075
yr_1997                      0.0130      0.035      0.376      0.707      -0.055       0.081
yr_1998                      0.0587      0.033      1.755      0.079      -0.007       0.124
yr_1999                      0.0598      0.033      1.833      0.067      -0.004       0.124
yr_2000                     -0.0097      0.034     -0.290      0.772      -0.076       0.056
yr_2001                      0.0559      0.033      1.693      0.090      -0.009       0.121
yr_2002                      0.0158      0.032      0.486      0.627      -0.048       0.079
yr_2003                     -0.0007      0.033     -0.021      0.984      -0.065       0.063
yr_2004                      0.0613      0.032      1.889      0.059      -0.002       0.125
yr_2005                      0.0474      0.032      1.473      0.141      -0.016       0.111
yr_2006                      0.0962      0.032      3.007      0.003       0.033       0.159
yr_2007                      0.1112      0.032      3.490      0.000       0.049       0.174
yr_2008                      0.0526      0.032      1.640      0.101      -0.010       0.116
yr_2009                      0.0323      0.032      0.995      0.320      -0.031       0.096
yr_2010                      0.0259      0.032      0.800      0.424      -0.038       0.089
yr_2011                      0.0288      0.032      0.904      0.366      -0.034       0.091
yr_2012                      0.0133      0.032      0.420      0.675      -0.049       0.075
yr_2013                      0.0049      0.032      0.154      0.877      -0.058       0.067
yr_2014                      0.0383      0.032      1.187      0.235      -0.025       0.101
yr_2015                     -0.0325      0.032     -1.015      0.310      -0.095       0.030
yr_2016                     -0.0356      0.032     -1.103      0.270      -0.099       0.028
yr_2017                      0.0206      0.033      0.632      0.527      -0.043       0.084
yr_2018                      0.0150      0.033      0.460      0.646      -0.049       0.079
mo_2                         0.0080      0.019      0.409      0.682      -0.030       0.046
mo_3                        -0.0047      0.019     -0.252      0.801      -0.041       0.032
mo_4                         0.0002      0.019      0.011      0.991      -0.036       0.037
mo_5                        -0.0140      0.020     -0.711      0.477      -0.053       0.025
mo_6                        -0.0268      0.019     -1.379      0.168      -0.065       0.011
mo_7                        -0.0248      0.019     -1.312      0.189      -0.062       0.012
mo_8                        -0.0256      0.018     -1.405      0.160      -0.061       0.010
mo_9                        -0.0281      0.019     -1.511      0.131      -0.064       0.008
mo_10                       -0.0081      0.018     -0.443      0.658      -0.044       0.028
mo_11                       -0.0248      0.019     -1.323      0.186      -0.062       0.012
mo_12                       -0.0304      0.018     -1.684      0.092      -0.066       0.005
genre_Action                -0.0546      0.011     -5.148      0.000      -0.075      -0.034
genre_Adventure             -0.0055      0.011     -0.493      0.622      -0.028       0.017
genre_Animation             -0.0272      0.018     -1.511      0.131      -0.062       0.008
genre_Biography             -0.0949      0.014     -6.689      0.000      -0.123      -0.067
genre_Comedy                -0.0031      0.010     -0.327      0.744      -0.022       0.016
genre_Crime                 -0.0888      0.010     -8.666      0.000      -0.109      -0.069
genre_Drama                  0.0109      0.009      1.158      0.247      -0.008       0.029
genre_Family                 0.0718      0.015      4.926      0.000       0.043       0.100
genre_Fantasy                0.0047      0.013      0.370      0.711      -0.020       0.029
genre_History                0.0170      0.020      0.834      0.404      -0.023       0.057
genre_Horror                -0.0336      0.015     -2.297      0.022      -0.062      -0.005
genre_Music                  0.1119      0.019      5.851      0.000       0.074       0.149
genre_Musical                0.3202      0.043      7.411      0.000       0.236       0.405
genre_Mystery               -0.0585      0.013     -4.648      0.000      -0.083      -0.034
genre_News                1.919e-17   8.07e-18      2.379      0.017    3.37e-18     3.5e-17
genre_Romance               -0.0184      0.010     -1.784      0.074      -0.039       0.002
genre_Sci_Fi                -0.0125      0.014     -0.922      0.357      -0.039       0.014
genre_Short               2.858e-18   4.86e-18      0.588      0.556   -6.67e-18    1.24e-17
genre_Sport                 -0.0350      0.021     -1.689      0.091      -0.076       0.006
genre_Thriller              -0.0741      0.011     -6.951      0.000      -0.095      -0.053
genre_War                    0.0076      0.029      0.262      0.793      -0.050       0.065
genre_Western               -0.0469      0.051     -0.910      0.363      -0.148       0.054
==============================================================================
Omnibus:                     1667.511   Durbin-Watson:                   2.007
Prob(Omnibus):                  0.000   Jarque-Bera (JB):            13765.341
Skew:                           1.769   Prob(JB):                         0.00
Kurtosis:                      11.357   Cond. No.                     1.02e+16
==============================================================================

Notes:
[1] Standard Errors assume that the covariance matrix of the errors is correctly specified.
[2] The smallest eigenvalue is 6.35e-27. This might indicate that there are
strong multicollinearity problems or that the design matrix is singular.