                            OLS Regression Results                            
==============================================================================
Dep. Variable:              sd_pooled   R-squared:                       0.561
Model:                            OLS   Adj. R-squared:                  0.554
Method:                 Least Squares   F-statistic:                     78.74
Date:                Sun, 29 Mar 2026   Prob (F-statistic):               0.00
Time:                        15:55:34   Log-Likelihood:                 527.88
No. Observations:                4012   AIC:                            -925.8
Df Residuals:                    3947   BIC:                            -516.5
Df Model:                          64                                         
Covariance Type:            nonrobust                                         
============================================================================================
                               coef    std err          t      P>|t|      [0.025      0.975]
--------------------------------------------------------------------------------------------
const                        3.3869      0.048     69.869      0.000       3.292       3.482
FLead                        0.0484      0.008      6.029      0.000       0.033       0.064
mean_pooled                 -0.2343      0.004    -53.172      0.000      -0.243      -0.226
kim_violence_gore            0.0114      0.003      4.503      0.000       0.006       0.016
kim_sex_nudity               0.0107      0.002      5.321      0.000       0.007       0.015
kim_language                -0.0139      0.002     -7.245      0.000      -0.018      -0.010
major                       -0.0387      0.008     -4.815      0.000      -0.055      -0.023
log_bom_opening_theaters     0.0053      0.002      3.006      0.003       0.002       0.009
genres_count                -0.0094      0.007     -1.386      0.166      -0.023       0.004
yr_1993                     -0.0067      0.034     -0.195      0.845      -0.074       0.061
yr_1994                     -0.0034      0.035     -0.097      0.923      -0.072       0.066
yr_1995                      0.0430      0.035      1.238      0.216      -0.025       0.111
yr_1996                      0.0045      0.034      0.133      0.894      -0.062       0.071
yr_1997                      0.0097      0.035      0.280      0.779      -0.058       0.078
yr_1998                      0.0565      0.033      1.687      0.092      -0.009       0.122
yr_1999                      0.0582      0.033      1.784      0.074      -0.006       0.122
yr_2000                     -0.0122      0.034     -0.364      0.716      -0.078       0.054
yr_2001                      0.0544      0.033      1.647      0.100      -0.010       0.119
yr_2002                      0.0144      0.032      0.442      0.658      -0.049       0.078
yr_2003                     -0.0012      0.033     -0.036      0.971      -0.065       0.063
yr_2004                      0.0609      0.032      1.875      0.061      -0.003       0.125
yr_2005                      0.0474      0.032      1.470      0.142      -0.016       0.111
yr_2006                      0.0968      0.032      3.024      0.003       0.034       0.160
yr_2007                      0.1097      0.032      3.440      0.001       0.047       0.172
yr_2008                      0.0498      0.032      1.552      0.121      -0.013       0.113
yr_2009                      0.0313      0.033      0.963      0.336      -0.032       0.095
yr_2010                      0.0252      0.032      0.778      0.437      -0.038       0.089
yr_2011                      0.0273      0.032      0.857      0.391      -0.035       0.090
yr_2012                      0.0126      0.032      0.396      0.692      -0.050       0.075
yr_2013                      0.0036      0.032      0.112      0.911      -0.059       0.066
yr_2014                      0.0352      0.032      1.092      0.275      -0.028       0.098
yr_2015                     -0.0361      0.032     -1.128      0.259      -0.099       0.027
yr_2016                     -0.0388      0.032     -1.203      0.229      -0.102       0.024
yr_2017                      0.0153      0.033      0.470      0.639      -0.049       0.079
yr_2018                      0.0112      0.033      0.342      0.732      -0.053       0.075
mo_2                         0.0095      0.019      0.489      0.625      -0.029       0.048
mo_3                        -0.0038      0.019     -0.203      0.839      -0.040       0.033
mo_4                         0.0023      0.019      0.123      0.902      -0.034       0.039
mo_5                        -0.0106      0.020     -0.538      0.590      -0.049       0.028
mo_6                        -0.0243      0.019     -1.249      0.212      -0.063       0.014
mo_7                        -0.0228      0.019     -1.203      0.229      -0.060       0.014
mo_8                        -0.0250      0.018     -1.372      0.170      -0.061       0.011
mo_9                        -0.0277      0.019     -1.492      0.136      -0.064       0.009
mo_10                       -0.0078      0.018     -0.427      0.670      -0.044       0.028
mo_11                       -0.0226      0.019     -1.201      0.230      -0.059       0.014
mo_12                       -0.0249      0.018     -1.374      0.170      -0.061       0.011
genre_Action                -0.0550      0.011     -5.177      0.000      -0.076      -0.034
genre_Adventure             -0.0051      0.011     -0.450      0.653      -0.027       0.017
genre_Animation             -0.0258      0.018     -1.436      0.151      -0.061       0.009
genre_Biography             -0.0913      0.014     -6.407      0.000      -0.119      -0.063
genre_Comedy                -0.0058      0.010     -0.610      0.542      -0.024       0.013
genre_Crime                 -0.0914      0.010     -8.938      0.000      -0.111      -0.071
genre_Drama                  0.0126      0.010      1.321      0.187      -0.006       0.031
genre_Family                 0.0720      0.015      4.938      0.000       0.043       0.101
genre_Fantasy                0.0059      0.013      0.463      0.643      -0.019       0.031
genre_History                0.0191      0.020      0.934      0.351      -0.021       0.059
genre_Horror                -0.0355      0.015     -2.428      0.015      -0.064      -0.007
genre_Music                  0.1094      0.019      5.716      0.000       0.072       0.147
genre_Musical                0.3233      0.043      7.480      0.000       0.239       0.408
genre_Mystery               -0.0575      0.013     -4.561      0.000      -0.082      -0.033
genre_News               -1.128e-17   4.59e-18     -2.456      0.014   -2.03e-17   -2.28e-18
genre_Romance               -0.0180      0.010     -1.744      0.081      -0.038       0.002
genre_Sci_Fi                -0.0124      0.014     -0.914      0.361      -0.039       0.014
genre_Short              -6.496e-18   4.27e-18     -1.520      0.129   -1.49e-17    1.88e-18
genre_Sport                 -0.0386      0.021     -1.861      0.063      -0.079       0.002
genre_Thriller              -0.0750      0.011     -7.031      0.000      -0.096      -0.054
genre_War                    0.0047      0.029      0.159      0.873      -0.053       0.062
genre_Western               -0.0449      0.052     -0.872      0.383      -0.146       0.056
==============================================================================
Omnibus:                     1661.373   Durbin-Watson:                   2.008
Prob(Omnibus):                  0.000   Jarque-Bera (JB):            13624.942
Skew:                           1.763   Prob(JB):                         0.00
Kurtosis:                      11.311   Cond. No.                     1.02e+16
==============================================================================

Notes:
[1] Standard Errors assume that the covariance matrix of the errors is correctly specified.
[2] The smallest eigenvalue is 6.33e-27. This might indicate that there are
strong multicollinearity problems or that the design matrix is singular.