                            OLS Regression Results                            
==============================================================================
Dep. Variable:              sd_pooled   R-squared:                       0.562
Model:                            OLS   Adj. R-squared:                  0.555
Method:                 Least Squares   F-statistic:                     79.13
Date:                Tue, 31 Mar 2026   Prob (F-statistic):               0.00
Time:                        20:41:33   Log-Likelihood:                 533.41
No. Observations:                4012   AIC:                            -936.8
Df Residuals:                    3947   BIC:                            -527.5
Df Model:                          64                                         
Covariance Type:            nonrobust                                         
============================================================================================
                               coef    std err          t      P>|t|      [0.025      0.975]
--------------------------------------------------------------------------------------------
const                        3.3806      0.048     69.894      0.000       3.286       3.475
FLead                        0.0468      0.008      5.822      0.000       0.031       0.063
mean_pooled                 -0.2335      0.004    -53.005      0.000      -0.242      -0.225
kim_violence_gore            0.0119      0.003      4.752      0.000       0.007       0.017
kim_sex_nudity               0.0117      0.002      5.770      0.000       0.008       0.016
kim_language                -0.0149      0.002     -7.951      0.000      -0.019      -0.011
major                       -0.0398      0.008     -4.950      0.000      -0.056      -0.024
log_bom_opening_theaters     0.0056      0.002      3.168      0.002       0.002       0.009
genres_count                -0.0095      0.007     -1.404      0.160      -0.023       0.004
yr_1993                     -0.0057      0.034     -0.165      0.869      -0.073       0.062
yr_1994                     -0.0027      0.035     -0.078      0.938      -0.072       0.066
yr_1995                      0.0441      0.035      1.272      0.204      -0.024       0.112
yr_1996                      0.0099      0.034      0.290      0.772      -0.057       0.077
yr_1997                      0.0137      0.035      0.396      0.692      -0.054       0.082
yr_1998                      0.0590      0.033      1.765      0.078      -0.007       0.125
yr_1999                      0.0608      0.033      1.868      0.062      -0.003       0.125
yr_2000                     -0.0066      0.034     -0.195      0.845      -0.072       0.059
yr_2001                      0.0563      0.033      1.707      0.088      -0.008       0.121
yr_2002                      0.0164      0.032      0.505      0.614      -0.047       0.080
yr_2003                      0.0002      0.033      0.005      0.996      -0.064       0.064
yr_2004                      0.0610      0.032      1.880      0.060      -0.003       0.125
yr_2005                      0.0480      0.032      1.491      0.136      -0.015       0.111
yr_2006                      0.0972      0.032      3.042      0.002       0.035       0.160
yr_2007                      0.1108      0.032      3.481      0.001       0.048       0.173
yr_2008                      0.0520      0.032      1.623      0.105      -0.011       0.115
yr_2009                      0.0320      0.032      0.985      0.325      -0.032       0.096
yr_2010                      0.0266      0.032      0.822      0.411      -0.037       0.090
yr_2011                      0.0304      0.032      0.955      0.340      -0.032       0.093
yr_2012                      0.0158      0.032      0.500      0.617      -0.046       0.078
yr_2013                      0.0078      0.032      0.246      0.806      -0.055       0.070
yr_2014                      0.0399      0.032      1.240      0.215      -0.023       0.103
yr_2015                     -0.0316      0.032     -0.988      0.323      -0.094       0.031
yr_2016                     -0.0356      0.032     -1.103      0.270      -0.099       0.028
yr_2017                      0.0207      0.033      0.636      0.525      -0.043       0.084
yr_2018                      0.0150      0.033      0.460      0.646      -0.049       0.079
mo_2                         0.0067      0.019      0.342      0.732      -0.031       0.045
mo_3                        -0.0054      0.019     -0.290      0.772      -0.042       0.031
mo_4                      8.585e-05      0.019      0.005      0.996      -0.037       0.037
mo_5                        -0.0136      0.020     -0.689      0.491      -0.052       0.025
mo_6                        -0.0260      0.019     -1.338      0.181      -0.064       0.012
mo_7                        -0.0242      0.019     -1.278      0.201      -0.061       0.013
mo_8                        -0.0258      0.018     -1.416      0.157      -0.062       0.010
mo_9                        -0.0282      0.019     -1.520      0.129      -0.065       0.008
mo_10                       -0.0080      0.018     -0.436      0.663      -0.044       0.028
mo_11                       -0.0252      0.019     -1.343      0.179      -0.062       0.012
mo_12                       -0.0270      0.018     -1.490      0.136      -0.063       0.009
genre_Action                -0.0548      0.011     -5.176      0.000      -0.076      -0.034
genre_Adventure             -0.0060      0.011     -0.538      0.590      -0.028       0.016
genre_Animation             -0.0279      0.018     -1.554      0.120      -0.063       0.007
genre_Biography             -0.0925      0.014     -6.507      0.000      -0.120      -0.065
genre_Comedy                -0.0040      0.009     -0.427      0.669      -0.023       0.015
genre_Crime                 -0.0887      0.010     -8.665      0.000      -0.109      -0.069
genre_Drama                  0.0135      0.010      1.419      0.156      -0.005       0.032
genre_Family                 0.0713      0.015      4.892      0.000       0.043       0.100
genre_Fantasy                0.0041      0.013      0.321      0.748      -0.021       0.029
genre_History                0.0191      0.020      0.937      0.349      -0.021       0.059
genre_Horror                -0.0313      0.014     -2.174      0.030      -0.060      -0.003
genre_Music                  0.1110      0.019      5.812      0.000       0.074       0.148
genre_Musical                0.3183      0.043      7.372      0.000       0.234       0.403
genre_Mystery               -0.0594      0.013     -4.720      0.000      -0.084      -0.035
genre_News                9.114e-18   4.78e-18      1.907      0.057   -2.54e-19    1.85e-17
genre_Romance               -0.0190      0.010     -1.853      0.064      -0.039       0.001
genre_Sci_Fi                -0.0132      0.014     -0.973      0.331      -0.040       0.013
genre_Short              -3.394e-19   5.33e-18     -0.064      0.949   -1.08e-17    1.01e-17
genre_Sport                 -0.0379      0.021     -1.830      0.067      -0.079       0.003
genre_Thriller              -0.0747      0.011     -7.016      0.000      -0.096      -0.054
genre_War                    0.0105      0.029      0.360      0.719      -0.047       0.068
genre_Western               -0.0476      0.051     -0.926      0.355      -0.149       0.053
==============================================================================
Omnibus:                     1645.891   Durbin-Watson:                   2.007
Prob(Omnibus):                  0.000   Jarque-Bera (JB):            13312.506
Skew:                           1.748   Prob(JB):                         0.00
Kurtosis:                      11.211   Cond. No.                     1.02e+16
==============================================================================

Notes:
[1] Standard Errors assume that the covariance matrix of the errors is correctly specified.
[2] The smallest eigenvalue is 6.37e-27. This might indicate that there are
strong multicollinearity problems or that the design matrix is singular.