                            OLS Regression Results                            
==============================================================================
Dep. Variable:              sd_pooled   R-squared:                       0.562
Model:                            OLS   Adj. R-squared:                  0.555
Method:                 Least Squares   F-statistic:                     79.04
Date:                Tue, 31 Mar 2026   Prob (F-statistic):               0.00
Time:                        20:16:51   Log-Likelihood:                 532.15
No. Observations:                4012   AIC:                            -934.3
Df Residuals:                    3947   BIC:                            -525.0
Df Model:                          64                                         
Covariance Type:            nonrobust                                         
============================================================================================
                               coef    std err          t      P>|t|      [0.025      0.975]
--------------------------------------------------------------------------------------------
const                        3.3894      0.048     70.530      0.000       3.295       3.484
FLead                        0.0475      0.008      5.899      0.000       0.032       0.063
mean_pooled                 -0.2338      0.004    -52.899      0.000      -0.242      -0.225
kim_violence_gore            0.0120      0.003      4.703      0.000       0.007       0.017
kim_sex_nudity               0.0114      0.002      5.628      0.000       0.007       0.015
kim_language                -0.0149      0.002     -7.952      0.000      -0.019      -0.011
major                       -0.0377      0.008     -4.729      0.000      -0.053      -0.022
log_bom_opening_theaters     0.0046      0.002      2.687      0.007       0.001       0.008
genres_count                -0.0094      0.007     -1.386      0.166      -0.023       0.004
yr_1993                     -0.0081      0.034     -0.236      0.813      -0.076       0.059
yr_1994                     -0.0050      0.035     -0.141      0.888      -0.074       0.064
yr_1995                      0.0422      0.035      1.216      0.224      -0.026       0.110
yr_1996                      0.0058      0.034      0.171      0.864      -0.061       0.073
yr_1997                      0.0119      0.035      0.342      0.732      -0.056       0.080
yr_1998                      0.0587      0.033      1.756      0.079      -0.007       0.124
yr_1999                      0.0582      0.033      1.786      0.074      -0.006       0.122
yr_2000                     -0.0101      0.034     -0.301      0.763      -0.076       0.056
yr_2001                      0.0541      0.033      1.639      0.101      -0.011       0.119
yr_2002                      0.0145      0.032      0.448      0.654      -0.049       0.078
yr_2003                     -0.0019      0.033     -0.057      0.955      -0.066       0.062
yr_2004                      0.0589      0.032      1.814      0.070      -0.005       0.123
yr_2005                      0.0459      0.032      1.426      0.154      -0.017       0.109
yr_2006                      0.0950      0.032      2.971      0.003       0.032       0.158
yr_2007                      0.1092      0.032      3.429      0.001       0.047       0.172
yr_2008                      0.0509      0.032      1.587      0.113      -0.012       0.114
yr_2009                      0.0297      0.032      0.914      0.361      -0.034       0.093
yr_2010                      0.0243      0.032      0.750      0.453      -0.039       0.088
yr_2011                      0.0271      0.032      0.853      0.394      -0.035       0.089
yr_2012                      0.0120      0.032      0.378      0.705      -0.050       0.074
yr_2013                      0.0045      0.032      0.143      0.887      -0.058       0.067
yr_2014                      0.0371      0.032      1.151      0.250      -0.026       0.100
yr_2015                     -0.0326      0.032     -1.019      0.308      -0.095       0.030
yr_2016                     -0.0375      0.032     -1.163      0.245      -0.101       0.026
yr_2017                      0.0198      0.033      0.609      0.543      -0.044       0.084
yr_2018                      0.0143      0.033      0.438      0.661      -0.050       0.078
mo_2                         0.0092      0.019      0.474      0.635      -0.029       0.047
mo_3                        -0.0046      0.019     -0.246      0.806      -0.041       0.032
mo_4                         0.0007      0.019      0.036      0.971      -0.036       0.037
mo_5                        -0.0133      0.020     -0.676      0.499      -0.052       0.025
mo_6                        -0.0254      0.019     -1.306      0.192      -0.064       0.013
mo_7                        -0.0241      0.019     -1.276      0.202      -0.061       0.013
mo_8                        -0.0251      0.018     -1.379      0.168      -0.061       0.011
mo_9                        -0.0277      0.019     -1.492      0.136      -0.064       0.009
mo_10                       -0.0072      0.018     -0.393      0.694      -0.043       0.029
mo_11                       -0.0251      0.019     -1.336      0.182      -0.062       0.012
mo_12                       -0.0296      0.018     -1.639      0.101      -0.065       0.006
genre_Action                -0.0546      0.011     -5.146      0.000      -0.075      -0.034
genre_Adventure             -0.0056      0.011     -0.502      0.616      -0.028       0.016
genre_Animation             -0.0271      0.018     -1.507      0.132      -0.062       0.008
genre_Biography             -0.0949      0.014     -6.692      0.000      -0.123      -0.067
genre_Comedy                -0.0039      0.010     -0.414      0.679      -0.023       0.015
genre_Crime                 -0.0887      0.010     -8.655      0.000      -0.109      -0.069
genre_Drama                  0.0116      0.009      1.230      0.219      -0.007       0.030
genre_Family                 0.0723      0.015      4.965      0.000       0.044       0.101
genre_Fantasy                0.0043      0.013      0.337      0.736      -0.021       0.029
genre_History                0.0166      0.020      0.814      0.416      -0.023       0.057
genre_Horror                -0.0337      0.015     -2.310      0.021      -0.062      -0.005
genre_Music                  0.1135      0.019      5.932      0.000       0.076       0.151
genre_Musical                0.3223      0.043      7.461      0.000       0.238       0.407
genre_Mystery               -0.0592      0.013     -4.706      0.000      -0.084      -0.035
genre_News               -3.129e-17   1.29e-17     -2.418      0.016   -5.67e-17   -5.92e-18
genre_Romance               -0.0181      0.010     -1.752      0.080      -0.038       0.002
genre_Sci_Fi                -0.0124      0.014     -0.916      0.360      -0.039       0.014
genre_Short              -4.425e-18   3.16e-18     -1.399      0.162   -1.06e-17    1.78e-18
genre_Sport                 -0.0352      0.021     -1.701      0.089      -0.076       0.005
genre_Thriller              -0.0743      0.011     -6.972      0.000      -0.095      -0.053
genre_War                    0.0045      0.029      0.155      0.877      -0.053       0.062
genre_Western               -0.0468      0.051     -0.910      0.363      -0.148       0.054
==============================================================================
Omnibus:                     1656.642   Durbin-Watson:                   2.006
Prob(Omnibus):                  0.000   Jarque-Bera (JB):            13518.888
Skew:                           1.759   Prob(JB):                         0.00
Kurtosis:                      11.277   Cond. No.                     1.02e+16
==============================================================================

Notes:
[1] Standard Errors assume that the covariance matrix of the errors is correctly specified.
[2] The smallest eigenvalue is 6.4e-27. This might indicate that there are
strong multicollinearity problems or that the design matrix is singular.