                            OLS Regression Results                            
==============================================================================
Dep. Variable:              sd_pooled   R-squared:                       0.562
Model:                            OLS   Adj. R-squared:                  0.550
Method:                 Least Squares   F-statistic:                     46.91
Date:                Sun, 29 Mar 2026   Prob (F-statistic):               0.00
Time:                        15:46:14   Log-Likelihood:                 298.89
No. Observations:                2408   AIC:                            -467.8
Df Residuals:                    2343   BIC:                            -91.65
Df Model:                          64                                         
Covariance Type:            nonrobust                                         
============================================================================================
                               coef    std err          t      P>|t|      [0.025      0.975]
--------------------------------------------------------------------------------------------
const                        3.3159      0.063     53.024      0.000       3.193       3.439
FLead                        0.0452      0.010      4.312      0.000       0.025       0.066
mean_pooled                 -0.2298      0.006    -39.574      0.000      -0.241      -0.218
kim_violence_gore            0.0144      0.003      4.338      0.000       0.008       0.021
kim_sex_nudity               0.0128      0.003      4.858      0.000       0.008       0.018
kim_language                -0.0164      0.002     -6.721      0.000      -0.021      -0.012
major                       -0.0409      0.010     -3.898      0.000      -0.062      -0.020
log_bom_opening_theaters     0.0081      0.002      3.540      0.000       0.004       0.013
genres_count                -0.0087      0.009     -1.012      0.312      -0.025       0.008
yr_1993                     -0.0214      0.045     -0.478      0.633      -0.110       0.067
yr_1994                      0.0053      0.046      0.115      0.908      -0.084       0.095
yr_1995                      0.0603      0.044      1.356      0.175      -0.027       0.148
yr_1996                      0.0178      0.044      0.406      0.685      -0.068       0.104
yr_1997                      0.0119      0.045      0.263      0.793      -0.077       0.100
yr_1998                      0.0997      0.044      2.271      0.023       0.014       0.186
yr_1999                      0.0725      0.042      1.714      0.087      -0.010       0.155
yr_2000                     -0.0155      0.044     -0.351      0.726      -0.102       0.071
yr_2001                      0.0559      0.042      1.331      0.183      -0.026       0.138
yr_2002                     -0.0048      0.042     -0.113      0.910      -0.087       0.078
yr_2003                     -0.0086      0.042     -0.205      0.837      -0.091       0.074
yr_2004                      0.0531      0.043      1.248      0.212      -0.030       0.136
yr_2005                      0.0363      0.042      0.862      0.389      -0.046       0.119
yr_2006                      0.0887      0.042      2.135      0.033       0.007       0.170
yr_2007                      0.1126      0.041      2.742      0.006       0.032       0.193
yr_2008                      0.0577      0.041      1.406      0.160      -0.023       0.138
yr_2009                      0.0235      0.042      0.559      0.576      -0.059       0.106
yr_2010                      0.0327      0.042      0.781      0.435      -0.049       0.115
yr_2011                      0.0266      0.041      0.648      0.517      -0.054       0.107
yr_2012                      0.0187      0.041      0.461      0.645      -0.061       0.098
yr_2013                      0.0123      0.041      0.302      0.762      -0.068       0.092
yr_2014                      0.0590      0.042      1.416      0.157      -0.023       0.141
yr_2015                     -0.0108      0.041     -0.264      0.792      -0.091       0.070
yr_2016                     -0.0394      0.042     -0.946      0.344      -0.121       0.042
yr_2017                      0.0443      0.042      1.057      0.290      -0.038       0.126
yr_2018                      0.0182      0.042      0.431      0.666      -0.065       0.101
mo_2                         0.0208      0.025      0.837      0.403      -0.028       0.070
mo_3                         0.0169      0.023      0.723      0.470      -0.029       0.063
mo_4                         0.0053      0.023      0.228      0.820      -0.040       0.051
mo_5                        -0.0006      0.025     -0.025      0.980      -0.050       0.049
mo_6                         0.0007      0.025      0.026      0.979      -0.048       0.050
mo_7                        -0.0185      0.024     -0.773      0.440      -0.066       0.028
mo_8                        -0.0064      0.023     -0.277      0.782      -0.052       0.039
mo_9                         0.0087      0.024      0.366      0.714      -0.038       0.055
mo_10                        0.0097      0.023      0.415      0.678      -0.036       0.056
mo_11                       -0.0165      0.024     -0.687      0.492      -0.064       0.031
mo_12                       -0.0174      0.023     -0.762      0.446      -0.062       0.027
genre_Action                -0.0622      0.014     -4.324      0.000      -0.090      -0.034
genre_Adventure              0.0011      0.015      0.073      0.942      -0.029       0.031
genre_Animation             -0.0316      0.026     -1.217      0.224      -0.082       0.019
genre_Biography             -0.0950      0.019     -4.924      0.000      -0.133      -0.057
genre_Comedy                -0.0061      0.013     -0.485      0.628      -0.031       0.019
genre_Crime                 -0.1092      0.014     -7.847      0.000      -0.137      -0.082
genre_Drama                  0.0194      0.013      1.516      0.130      -0.006       0.044
genre_Family                 0.0591      0.020      2.979      0.003       0.020       0.098
genre_Fantasy                0.0056      0.017      0.327      0.743      -0.028       0.039
genre_History                0.0094      0.028      0.342      0.732      -0.045       0.064
genre_Horror                -0.0264      0.019     -1.392      0.164      -0.064       0.011
genre_Music                  0.1312      0.025      5.158      0.000       0.081       0.181
genre_Musical                0.3637      0.063      5.729      0.000       0.239       0.488
genre_Mystery               -0.0581      0.018     -3.314      0.001      -0.092      -0.024
genre_News               -7.656e-18   5.39e-18     -1.421      0.155   -1.82e-17    2.91e-18
genre_Romance               -0.0199      0.013     -1.475      0.140      -0.046       0.007
genre_Sci_Fi                -0.0356      0.019     -1.874      0.061      -0.073       0.002
genre_Short              -7.063e-18   1.79e-18     -3.949      0.000   -1.06e-17   -3.56e-18
genre_Sport                 -0.0583      0.028     -2.097      0.036      -0.113      -0.004
genre_Thriller              -0.0816      0.014     -5.766      0.000      -0.109      -0.054
genre_War                    0.0081      0.042      0.192      0.848      -0.075       0.091
genre_Western               -0.0223      0.061     -0.368      0.713      -0.141       0.097
==============================================================================
Omnibus:                     1046.240   Durbin-Watson:                   2.017
Prob(Omnibus):                  0.000   Jarque-Bera (JB):             9687.105
Skew:                           1.809   Prob(JB):                         0.00
Kurtosis:                      12.135   Cond. No.                     1.02e+16
==============================================================================

Notes:
[1] Standard Errors assume that the covariance matrix of the errors is correctly specified.
[2] The smallest eigenvalue is 3.82e-27. This might indicate that there are
strong multicollinearity problems or that the design matrix is singular.