                            OLS Regression Results                            
==============================================================================
Dep. Variable:              sd_pooled   R-squared:                       0.567
Model:                            OLS   Adj. R-squared:                  0.555
Method:                 Least Squares   F-statistic:                     47.91
Date:                Sun, 29 Mar 2026   Prob (F-statistic):               0.00
Time:                        15:47:00   Log-Likelihood:                 303.37
No. Observations:                2408   AIC:                            -476.7
Df Residuals:                    2343   BIC:                            -100.6
Df Model:                          64                                         
Covariance Type:            nonrobust                                         
============================================================================================
                               coef    std err          t      P>|t|      [0.025      0.975]
--------------------------------------------------------------------------------------------
const                        3.4219      0.061     55.797      0.000       3.302       3.542
FLead                        0.0510      0.010      4.888      0.000       0.031       0.071
mean_pooled                 -0.2368      0.006    -41.252      0.000      -0.248      -0.226
kim_violence_gore            0.0160      0.003      4.781      0.000       0.009       0.023
kim_sex_nudity               0.0111      0.003      4.190      0.000       0.006       0.016
kim_language                -0.0146      0.002     -6.001      0.000      -0.019      -0.010
major                       -0.0410      0.011     -3.884      0.000      -0.062      -0.020
log_bom_opening_theaters     0.0052      0.002      2.245      0.025       0.001       0.010
genres_count                -0.0178      0.009     -2.082      0.037      -0.035      -0.001
yr_1993                     -0.0177      0.044     -0.398      0.691      -0.105       0.069
yr_1994                     -0.0136      0.043     -0.312      0.755      -0.099       0.072
yr_1995                      0.0583      0.044      1.314      0.189      -0.029       0.145
yr_1996                      0.0020      0.042      0.048      0.962      -0.081       0.085
yr_1997                      0.0333      0.046      0.719      0.472      -0.058       0.124
yr_1998                      0.0488      0.043      1.122      0.262      -0.037       0.134
yr_1999                      0.0592      0.041      1.429      0.153      -0.022       0.141
yr_2000                     -0.0267      0.042     -0.629      0.530      -0.110       0.057
yr_2001                      0.0454      0.041      1.100      0.272      -0.036       0.126
yr_2002                      0.0123      0.041      0.302      0.762      -0.068       0.092
yr_2003                     -0.0246      0.042     -0.590      0.555      -0.106       0.057
yr_2004                      0.0406      0.041      0.991      0.322      -0.040       0.121
yr_2005                      0.0282      0.041      0.680      0.496      -0.053       0.109
yr_2006                      0.0630      0.041      1.555      0.120      -0.016       0.143
yr_2007                      0.0849      0.040      2.109      0.035       0.006       0.164
yr_2008                      0.0198      0.041      0.488      0.626      -0.060       0.099
yr_2009                      0.0004      0.041      0.009      0.993      -0.080       0.080
yr_2010                      0.0059      0.040      0.145      0.885      -0.073       0.085
yr_2011                      0.0027      0.040      0.067      0.947      -0.076       0.082
yr_2012                      0.0005      0.040      0.013      0.989      -0.078       0.079
yr_2013                     -0.0163      0.040     -0.408      0.683      -0.095       0.062
yr_2014                      0.0419      0.041      1.024      0.306      -0.038       0.122
yr_2015                     -0.0319      0.040     -0.796      0.426      -0.111       0.047
yr_2016                     -0.0598      0.041     -1.447      0.148      -0.141       0.021
yr_2017                     -0.0017      0.041     -0.041      0.967      -0.082       0.078
yr_2018                      0.0022      0.042      0.053      0.958      -0.080       0.084
mo_2                         0.0225      0.025      0.901      0.368      -0.027       0.072
mo_3                         0.0079      0.024      0.330      0.741      -0.039       0.055
mo_4                        -0.0173      0.024     -0.726      0.468      -0.064       0.029
mo_5                        -0.0050      0.025     -0.197      0.844      -0.055       0.045
mo_6                        -0.0285      0.025     -1.117      0.264      -0.078       0.022
mo_7                        -0.0203      0.025     -0.821      0.412      -0.069       0.028
mo_8                        -0.0326      0.023     -1.399      0.162      -0.078       0.013
mo_9                        -0.0275      0.024     -1.147      0.252      -0.075       0.020
mo_10                       -0.0204      0.023     -0.868      0.386      -0.066       0.026
mo_11                       -0.0386      0.024     -1.596      0.111      -0.086       0.009
mo_12                       -0.0309      0.023     -1.316      0.188      -0.077       0.015
genre_Action                -0.0591      0.015     -4.036      0.000      -0.088      -0.030
genre_Adventure             -0.0032      0.016     -0.202      0.840      -0.034       0.028
genre_Animation             -0.0255      0.025     -1.002      0.316      -0.075       0.024
genre_Biography             -0.0657      0.019     -3.505      0.000      -0.103      -0.029
genre_Comedy                -0.0102      0.013     -0.799      0.424      -0.035       0.015
genre_Crime                 -0.1007      0.014     -7.366      0.000      -0.128      -0.074
genre_Drama                  0.0160      0.013      1.257      0.209      -0.009       0.041
genre_Family                 0.0901      0.020      4.452      0.000       0.050       0.130
genre_Fantasy               -0.0065      0.017     -0.374      0.709      -0.041       0.028
genre_History                0.0286      0.028      1.006      0.315      -0.027       0.084
genre_Horror                -0.0462      0.020     -2.369      0.018      -0.084      -0.008
genre_Music                  0.1178      0.024      4.821      0.000       0.070       0.166
genre_Musical                0.3038      0.058      5.197      0.000       0.189       0.418
genre_Mystery               -0.0556      0.017     -3.278      0.001      -0.089      -0.022
genre_News                1.084e-17   5.64e-18      1.921      0.055   -2.26e-19    2.19e-17
genre_Romance               -0.0174      0.013     -1.290      0.197      -0.044       0.009
genre_Sci_Fi                -0.0161      0.019     -0.860      0.390      -0.053       0.021
genre_Short              -1.348e-18    3.8e-18     -0.355      0.723   -8.79e-18     6.1e-18
genre_Sport                 -0.0689      0.027     -2.519      0.012      -0.122      -0.015
genre_Thriller              -0.0792      0.014     -5.518      0.000      -0.107      -0.051
genre_War                    0.0181      0.037      0.489      0.625      -0.055       0.091
genre_Western               -0.0379      0.070     -0.542      0.588      -0.175       0.099
==============================================================================
Omnibus:                     1109.068   Durbin-Watson:                   1.982
Prob(Omnibus):                  0.000   Jarque-Bera (JB):            11684.693
Skew:                           1.902   Prob(JB):                         0.00
Kurtosis:                      13.099   Cond. No.                     1.02e+16
==============================================================================

Notes:
[1] Standard Errors assume that the covariance matrix of the errors is correctly specified.
[2] The smallest eigenvalue is 3.84e-27. This might indicate that there are
strong multicollinearity problems or that the design matrix is singular.