                            OLS Regression Results                            
==============================================================================
Dep. Variable:              sd_pooled   R-squared:                       0.562
Model:                            OLS   Adj. R-squared:                  0.554
Method:                 Least Squares   F-statistic:                     78.99
Date:                Tue, 31 Mar 2026   Prob (F-statistic):               0.00
Time:                        23:48:38   Log-Likelihood:                 531.37
No. Observations:                4012   AIC:                            -932.7
Df Residuals:                    3947   BIC:                            -523.4
Df Model:                          64                                         
Covariance Type:            nonrobust                                         
============================================================================================
                               coef    std err          t      P>|t|      [0.025      0.975]
--------------------------------------------------------------------------------------------
const                        3.3923      0.048     70.271      0.000       3.298       3.487
FLead                        0.0468      0.008      5.820      0.000       0.031       0.063
mean_pooled                 -0.2333      0.004    -51.902      0.000      -0.242      -0.224
kim_violence_gore            0.0123      0.003      4.807      0.000       0.007       0.017
kim_sex_nudity               0.0113      0.002      5.559      0.000       0.007       0.015
kim_language                -0.0149      0.002     -7.971      0.000      -0.019      -0.011
major                       -0.0381      0.008     -4.656      0.000      -0.054      -0.022
log_bom_opening_theaters     0.0037      0.002      2.384      0.017       0.001       0.007
genres_count                -0.0088      0.007     -1.300      0.194      -0.022       0.004
yr_1993                     -0.0083      0.034     -0.240      0.810      -0.076       0.059
yr_1994                     -0.0046      0.035     -0.132      0.895      -0.074       0.064
yr_1995                      0.0409      0.035      1.178      0.239      -0.027       0.109
yr_1996                      0.0071      0.034      0.208      0.835      -0.060       0.074
yr_1997                      0.0128      0.035      0.369      0.712      -0.055       0.081
yr_1998                      0.0579      0.033      1.730      0.084      -0.008       0.123
yr_1999                      0.0590      0.033      1.809      0.071      -0.005       0.123
yr_2000                     -0.0090      0.034     -0.267      0.789      -0.075       0.057
yr_2001                      0.0563      0.033      1.706      0.088      -0.008       0.121
yr_2002                      0.0159      0.032      0.489      0.625      -0.048       0.080
yr_2003                     -0.0002      0.033     -0.007      0.995      -0.064       0.064
yr_2004                      0.0608      0.032      1.874      0.061      -0.003       0.124
yr_2005                      0.0471      0.032      1.464      0.143      -0.016       0.110
yr_2006                      0.0959      0.032      2.998      0.003       0.033       0.159
yr_2007                      0.1100      0.032      3.452      0.001       0.048       0.172
yr_2008                      0.0526      0.032      1.641      0.101      -0.010       0.116
yr_2009                      0.0314      0.032      0.967      0.333      -0.032       0.095
yr_2010                      0.0253      0.032      0.780      0.435      -0.038       0.089
yr_2011                      0.0283      0.032      0.890      0.373      -0.034       0.091
yr_2012                      0.0129      0.032      0.408      0.683      -0.049       0.075
yr_2013                      0.0063      0.032      0.197      0.844      -0.056       0.069
yr_2014                      0.0392      0.032      1.216      0.224      -0.024       0.102
yr_2015                     -0.0315      0.032     -0.983      0.326      -0.094       0.031
yr_2016                     -0.0351      0.032     -1.088      0.277      -0.098       0.028
yr_2017                      0.0206      0.033      0.632      0.527      -0.043       0.084
yr_2018                      0.0141      0.033      0.430      0.667      -0.050       0.078
mo_2                         0.0088      0.019      0.454      0.650      -0.029       0.047
mo_3                        -0.0044      0.019     -0.239      0.811      -0.041       0.032
mo_4                         0.0002      0.019      0.011      0.991      -0.036       0.037
mo_5                        -0.0138      0.020     -0.701      0.483      -0.053       0.025
mo_6                        -0.0259      0.019     -1.329      0.184      -0.064       0.012
mo_7                        -0.0240      0.019     -1.267      0.205      -0.061       0.013
mo_8                        -0.0263      0.018     -1.442      0.149      -0.062       0.009
mo_9                        -0.0278      0.019     -1.500      0.134      -0.064       0.009
mo_10                       -0.0079      0.018     -0.434      0.665      -0.044       0.028
mo_11                       -0.0249      0.019     -1.326      0.185      -0.062       0.012
mo_12                       -0.0293      0.018     -1.624      0.104      -0.065       0.006
genre_Action                -0.0540      0.011     -5.090      0.000      -0.075      -0.033
genre_Adventure             -0.0055      0.011     -0.487      0.626      -0.028       0.017
genre_Animation             -0.0264      0.018     -1.471      0.142      -0.062       0.009
genre_Biography             -0.0942      0.014     -6.634      0.000      -0.122      -0.066
genre_Comedy                -0.0036      0.010     -0.373      0.709      -0.022       0.015
genre_Crime                 -0.0889      0.010     -8.674      0.000      -0.109      -0.069
genre_Drama                  0.0107      0.009      1.133      0.257      -0.008       0.029
genre_Family                 0.0721      0.015      4.949      0.000       0.044       0.101
genre_Fantasy                0.0040      0.013      0.313      0.754      -0.021       0.029
genre_History                0.0176      0.020      0.864      0.388      -0.022       0.058
genre_Horror                -0.0330      0.015     -2.257      0.024      -0.062      -0.004
genre_Music                  0.1113      0.019      5.818      0.000       0.074       0.149
genre_Musical                0.3218      0.043      7.449      0.000       0.237       0.407
genre_Mystery               -0.0587      0.013     -4.661      0.000      -0.083      -0.034
genre_News                3.134e-18   3.15e-18      0.994      0.320   -3.05e-18    9.31e-18
genre_Romance               -0.0189      0.010     -1.834      0.067      -0.039       0.001
genre_Sci_Fi                -0.0133      0.014     -0.977      0.329      -0.040       0.013
genre_Short               2.548e-18   1.98e-18      1.286      0.199   -1.34e-18    6.43e-18
genre_Sport                 -0.0354      0.021     -1.712      0.087      -0.076       0.005
genre_Thriller              -0.0743      0.011     -6.977      0.000      -0.095      -0.053
genre_War                    0.0070      0.029      0.239      0.811      -0.050       0.064
genre_Western               -0.0472      0.051     -0.916      0.360      -0.148       0.054
==============================================================================
Omnibus:                     1661.103   Durbin-Watson:                   2.006
Prob(Omnibus):                  0.000   Jarque-Bera (JB):            13651.859
Skew:                           1.762   Prob(JB):                         0.00
Kurtosis:                      11.322   Cond. No.                     1.02e+16
==============================================================================

Notes:
[1] Standard Errors assume that the covariance matrix of the errors is correctly specified.
[2] The smallest eigenvalue is 6.13e-27. This might indicate that there are
strong multicollinearity problems or that the design matrix is singular.