                            OLS Regression Results                            
==============================================================================
Dep. Variable:              sd_pooled   R-squared:                       0.562
Model:                            OLS   Adj. R-squared:                  0.555
Method:                 Least Squares   F-statistic:                     79.18
Date:                Tue, 31 Mar 2026   Prob (F-statistic):               0.00
Time:                        11:33:29   Log-Likelihood:                 534.18
No. Observations:                4012   AIC:                            -938.4
Df Residuals:                    3947   BIC:                            -529.0
Df Model:                          64                                         
Covariance Type:            nonrobust                                         
============================================================================================
                               coef    std err          t      P>|t|      [0.025      0.975]
--------------------------------------------------------------------------------------------
const                        3.3767      0.048     69.874      0.000       3.282       3.471
FLead                        0.0469      0.008      5.834      0.000       0.031       0.063
mean_pooled                 -0.2333      0.004    -52.955      0.000      -0.242      -0.225
kim_violence_gore            0.0121      0.003      4.740      0.000       0.007       0.017
kim_sex_nudity               0.0115      0.002      5.685      0.000       0.008       0.015
kim_language                -0.0149      0.002     -7.968      0.000      -0.019      -0.011
major                       -0.0402      0.008     -5.003      0.000      -0.056      -0.024
log_bom_opening_theaters     0.0059      0.002      3.348      0.001       0.002       0.009
genres_count                -0.0097      0.007     -1.429      0.153      -0.023       0.004
yr_1993                     -0.0060      0.034     -0.174      0.862      -0.074       0.062
yr_1994                     -0.0029      0.035     -0.083      0.934      -0.072       0.066
yr_1995                      0.0437      0.035      1.260      0.208      -0.024       0.112
yr_1996                      0.0089      0.034      0.262      0.794      -0.058       0.076
yr_1997                      0.0132      0.035      0.381      0.703      -0.055       0.081
yr_1998                      0.0591      0.033      1.769      0.077      -0.006       0.125
yr_1999                      0.0604      0.033      1.854      0.064      -0.003       0.124
yr_2000                     -0.0089      0.034     -0.265      0.791      -0.075       0.057
yr_2001                      0.0558      0.033      1.692      0.091      -0.009       0.121
yr_2002                      0.0161      0.032      0.496      0.620      -0.047       0.080
yr_2003                      0.0001      0.033      0.003      0.997      -0.064       0.064
yr_2004                      0.0608      0.032      1.876      0.061      -0.003       0.124
yr_2005                      0.0474      0.032      1.475      0.140      -0.016       0.110
yr_2006                      0.0967      0.032      3.025      0.003       0.034       0.159
yr_2007                      0.1102      0.032      3.461      0.001       0.048       0.173
yr_2008                      0.0519      0.032      1.621      0.105      -0.011       0.115
yr_2009                      0.0315      0.032      0.971      0.332      -0.032       0.095
yr_2010                      0.0263      0.032      0.813      0.416      -0.037       0.090
yr_2011                      0.0295      0.032      0.928      0.353      -0.033       0.092
yr_2012                      0.0149      0.032      0.471      0.638      -0.047       0.077
yr_2013                      0.0075      0.032      0.234      0.815      -0.055       0.070
yr_2014                      0.0396      0.032      1.230      0.219      -0.024       0.103
yr_2015                     -0.0315      0.032     -0.985      0.325      -0.094       0.031
yr_2016                     -0.0357      0.032     -1.108      0.268      -0.099       0.027
yr_2017                      0.0208      0.033      0.638      0.523      -0.043       0.085
yr_2018                      0.0150      0.033      0.460      0.645      -0.049       0.079
mo_2                         0.0077      0.019      0.398      0.691      -0.030       0.046
mo_3                        -0.0042      0.019     -0.225      0.822      -0.040       0.032
mo_4                         0.0006      0.019      0.034      0.973      -0.036       0.037
mo_5                        -0.0123      0.020     -0.622      0.534      -0.051       0.026
mo_6                        -0.0251      0.019     -1.293      0.196      -0.063       0.013
mo_7                        -0.0232      0.019     -1.228      0.220      -0.060       0.014
mo_8                        -0.0252      0.018     -1.383      0.167      -0.061       0.011
mo_9                        -0.0276      0.019     -1.491      0.136      -0.064       0.009
mo_10                       -0.0069      0.018     -0.379      0.704      -0.043       0.029
mo_11                       -0.0239      0.019     -1.274      0.203      -0.061       0.013
mo_12                       -0.0259      0.018     -1.430      0.153      -0.061       0.010
genre_Action                -0.0553      0.011     -5.214      0.000      -0.076      -0.034
genre_Adventure             -0.0060      0.011     -0.533      0.594      -0.028       0.016
genre_Animation             -0.0282      0.018     -1.572      0.116      -0.063       0.007
genre_Biography             -0.0919      0.014     -6.458      0.000      -0.120      -0.064
genre_Comedy                -0.0032      0.010     -0.341      0.733      -0.022       0.015
genre_Crime                 -0.0892      0.010     -8.708      0.000      -0.109      -0.069
genre_Drama                  0.0139      0.010      1.460      0.144      -0.005       0.033
genre_Family                 0.0712      0.015      4.889      0.000       0.043       0.100
genre_Fantasy                0.0039      0.013      0.310      0.757      -0.021       0.029
genre_History                0.0184      0.020      0.900      0.368      -0.022       0.058
genre_Horror                -0.0341      0.015     -2.339      0.019      -0.063      -0.006
genre_Music                  0.1114      0.019      5.826      0.000       0.074       0.149
genre_Musical                0.3186      0.043      7.379      0.000       0.234       0.403
genre_Mystery               -0.0587      0.013     -4.670      0.000      -0.083      -0.034
genre_News                -1.37e-17   4.66e-18     -2.942      0.003   -2.28e-17   -4.57e-18
genre_Romance               -0.0186      0.010     -1.808      0.071      -0.039       0.002
genre_Sci_Fi                -0.0127      0.014     -0.939      0.348      -0.039       0.014
genre_Short              -3.592e-18   5.29e-18     -0.680      0.497    -1.4e-17    6.77e-18
genre_Sport                 -0.0379      0.021     -1.828      0.068      -0.078       0.003
genre_Thriller              -0.0741      0.011     -6.962      0.000      -0.095      -0.053
genre_War                    0.0107      0.029      0.368      0.713      -0.046       0.068
genre_Western               -0.0477      0.051     -0.928      0.354      -0.149       0.053
==============================================================================
Omnibus:                     1645.609   Durbin-Watson:                   2.006
Prob(Omnibus):                  0.000   Jarque-Bera (JB):            13306.659
Skew:                           1.747   Prob(JB):                         0.00
Kurtosis:                      11.209   Cond. No.                     1.02e+16
==============================================================================

Notes:
[1] Standard Errors assume that the covariance matrix of the errors is correctly specified.
[2] The smallest eigenvalue is 6.39e-27. This might indicate that there are
strong multicollinearity problems or that the design matrix is singular.