                            OLS Regression Results                            
==============================================================================
Dep. Variable:              sd_pooled   R-squared:                       0.561
Model:                            OLS   Adj. R-squared:                  0.554
Method:                 Least Squares   F-statistic:                     78.94
Date:                Sun, 29 Mar 2026   Prob (F-statistic):               0.00
Time:                        15:10:53   Log-Likelihood:                 530.67
No. Observations:                4012   AIC:                            -931.3
Df Residuals:                    3947   BIC:                            -522.0
Df Model:                          64                                         
Covariance Type:            nonrobust                                         
============================================================================================
                               coef    std err          t      P>|t|      [0.025      0.975]
--------------------------------------------------------------------------------------------
const                        3.3764      0.049     69.472      0.000       3.281       3.472
FLead                        0.0467      0.008      5.810      0.000       0.031       0.063
mean_pooled                 -0.2337      0.004    -52.971      0.000      -0.242      -0.225
kim_violence_gore            0.0128      0.003      5.069      0.000       0.008       0.018
kim_sex_nudity               0.0103      0.002      5.156      0.000       0.006       0.014
kim_language                -0.0146      0.002     -7.800      0.000      -0.018      -0.011
major                       -0.0389      0.008     -4.832      0.000      -0.055      -0.023
log_bom_opening_theaters     0.0055      0.002      3.113      0.002       0.002       0.009
genres_count                -0.0101      0.007     -1.496      0.135      -0.023       0.003
yr_1993                     -0.0046      0.034     -0.133      0.894      -0.072       0.063
yr_1994                      0.0007      0.035      0.020      0.984      -0.068       0.070
yr_1995                      0.0462      0.035      1.331      0.183      -0.022       0.114
yr_1996                      0.0115      0.034      0.337      0.736      -0.055       0.078
yr_1997                      0.0143      0.035      0.412      0.681      -0.054       0.082
yr_1998                      0.0604      0.033      1.805      0.071      -0.005       0.126
yr_1999                      0.0631      0.033      1.936      0.053      -0.001       0.127
yr_2000                     -0.0049      0.034     -0.147      0.883      -0.071       0.061
yr_2001                      0.0608      0.033      1.842      0.066      -0.004       0.125
yr_2002                      0.0207      0.032      0.639      0.523      -0.043       0.084
yr_2003                      0.0039      0.033      0.119      0.906      -0.060       0.068
yr_2004                      0.0668      0.032      2.060      0.039       0.003       0.130
yr_2005                      0.0523      0.032      1.625      0.104      -0.011       0.115
yr_2006                      0.1017      0.032      3.185      0.001       0.039       0.164
yr_2007                      0.1159      0.032      3.643      0.000       0.054       0.178
yr_2008                      0.0577      0.032      1.801      0.072      -0.005       0.121
yr_2009                      0.0379      0.032      1.169      0.243      -0.026       0.101
yr_2010                      0.0329      0.032      1.016      0.310      -0.031       0.096
yr_2011                      0.0340      0.032      1.069      0.285      -0.028       0.096
yr_2012                      0.0206      0.032      0.650      0.516      -0.042       0.083
yr_2013                      0.0116      0.032      0.366      0.715      -0.051       0.074
yr_2014                      0.0434      0.032      1.348      0.178      -0.020       0.107
yr_2015                     -0.0281      0.032     -0.877      0.380      -0.091       0.035
yr_2016                     -0.0324      0.032     -1.006      0.314      -0.096       0.031
yr_2017                      0.0249      0.033      0.765      0.444      -0.039       0.089
yr_2018                      0.0180      0.033      0.550      0.582      -0.046       0.082
mo_2                         0.0084      0.019      0.432      0.666      -0.030       0.047
mo_3                        -0.0039      0.019     -0.208      0.835      -0.040       0.032
mo_4                         0.0007      0.019      0.036      0.972      -0.036       0.037
mo_5                        -0.0118      0.020     -0.600      0.549      -0.051       0.027
mo_6                        -0.0250      0.019     -1.286      0.198      -0.063       0.013
mo_7                        -0.0230      0.019     -1.214      0.225      -0.060       0.014
mo_8                        -0.0248      0.018     -1.360      0.174      -0.061       0.011
mo_9                        -0.0278      0.019     -1.499      0.134      -0.064       0.009
mo_10                       -0.0069      0.018     -0.377      0.706      -0.043       0.029
mo_11                       -0.0231      0.019     -1.232      0.218      -0.060       0.014
mo_12                       -0.0260      0.018     -1.434      0.152      -0.062       0.010
genre_Action                -0.0565      0.011     -5.329      0.000      -0.077      -0.036
genre_Adventure             -0.0065      0.011     -0.580      0.562      -0.029       0.016
genre_Animation             -0.0297      0.018     -1.654      0.098      -0.065       0.006
genre_Biography             -0.0916      0.014     -6.435      0.000      -0.120      -0.064
genre_Comedy                -0.0016      0.010     -0.164      0.870      -0.020       0.017
genre_Crime                 -0.0891      0.010     -8.695      0.000      -0.109      -0.069
genre_Drama                  0.0144      0.010      1.514      0.130      -0.004       0.033
genre_Family                 0.0699      0.015      4.798      0.000       0.041       0.098
genre_Fantasy                0.0040      0.013      0.319      0.749      -0.021       0.029
genre_History                0.0178      0.020      0.873      0.383      -0.022       0.058
genre_Horror                -0.0363      0.015     -2.491      0.013      -0.065      -0.008
genre_Music                  0.1136      0.019      5.941      0.000       0.076       0.151
genre_Musical                0.3194      0.043      7.391      0.000       0.235       0.404
genre_Mystery               -0.0584      0.013     -4.638      0.000      -0.083      -0.034
genre_News                9.706e-18   7.31e-18      1.328      0.184   -4.63e-18     2.4e-17
genre_Romance               -0.0164      0.010     -1.592      0.111      -0.036       0.004
genre_Sci_Fi                -0.0132      0.014     -0.972      0.331      -0.040       0.013
genre_Short               2.531e-18   5.17e-18      0.489      0.625   -7.61e-18    1.27e-17
genre_Sport                 -0.0374      0.021     -1.805      0.071      -0.078       0.003
genre_Thriller              -0.0740      0.011     -6.944      0.000      -0.095      -0.053
genre_War                    0.0078      0.029      0.269      0.788      -0.049       0.065
genre_Western               -0.0464      0.052     -0.901      0.368      -0.147       0.055
==============================================================================
Omnibus:                     1645.372   Durbin-Watson:                   2.007
Prob(Omnibus):                  0.000   Jarque-Bera (JB):            13284.868
Skew:                           1.748   Prob(JB):                         0.00
Kurtosis:                      11.201   Cond. No.                     1.02e+16
==============================================================================

Notes:
[1] Standard Errors assume that the covariance matrix of the errors is correctly specified.
[2] The smallest eigenvalue is 6.39e-27. This might indicate that there are
strong multicollinearity problems or that the design matrix is singular.