                            OLS Regression Results                            
==============================================================================
Dep. Variable:              sd_pooled   R-squared:                       0.561
Model:                            OLS   Adj. R-squared:                  0.554
Method:                 Least Squares   F-statistic:                     78.84
Date:                Sun, 29 Mar 2026   Prob (F-statistic):               0.00
Time:                        15:10:56   Log-Likelihood:                 529.24
No. Observations:                4012   AIC:                            -928.5
Df Residuals:                    3947   BIC:                            -519.2
Df Model:                          64                                         
Covariance Type:            nonrobust                                         
============================================================================================
                               coef    std err          t      P>|t|      [0.025      0.975]
--------------------------------------------------------------------------------------------
const                        3.3815      0.049     69.684      0.000       3.286       3.477
FLead                        0.0466      0.008      5.780      0.000       0.031       0.062
mean_pooled                 -0.2341      0.004    -53.130      0.000      -0.243      -0.225
kim_violence_gore            0.0129      0.003      5.109      0.000       0.008       0.018
kim_sex_nudity               0.0097      0.002      4.873      0.000       0.006       0.014
kim_language                -0.0144      0.002     -7.684      0.000      -0.018      -0.011
major                       -0.0393      0.008     -4.888      0.000      -0.055      -0.024
log_bom_opening_theaters     0.0056      0.002      3.168      0.002       0.002       0.009
genres_count                -0.0105      0.007     -1.549      0.122      -0.024       0.003
yr_1993                     -0.0065      0.034     -0.189      0.850      -0.074       0.061
yr_1994                     -0.0018      0.035     -0.051      0.960      -0.071       0.067
yr_1995                      0.0444      0.035      1.279      0.201      -0.024       0.113
yr_1996                      0.0081      0.034      0.237      0.813      -0.059       0.075
yr_1997                      0.0126      0.035      0.364      0.716      -0.055       0.081
yr_1998                      0.0595      0.033      1.776      0.076      -0.006       0.125
yr_1999                      0.0614      0.033      1.883      0.060      -0.003       0.125
yr_2000                     -0.0058      0.034     -0.174      0.862      -0.072       0.060
yr_2001                      0.0586      0.033      1.776      0.076      -0.006       0.123
yr_2002                      0.0174      0.032      0.535      0.592      -0.046       0.081
yr_2003                      0.0026      0.033      0.078      0.938      -0.061       0.067
yr_2004                      0.0657      0.032      2.024      0.043       0.002       0.129
yr_2005                      0.0499      0.032      1.551      0.121      -0.013       0.113
yr_2006                      0.1005      0.032      3.144      0.002       0.038       0.163
yr_2007                      0.1138      0.032      3.573      0.000       0.051       0.176
yr_2008                      0.0559      0.032      1.743      0.081      -0.007       0.119
yr_2009                      0.0351      0.032      1.081      0.280      -0.029       0.099
yr_2010                      0.0296      0.032      0.913      0.361      -0.034       0.093
yr_2011                      0.0318      0.032      1.000      0.317      -0.031       0.094
yr_2012                      0.0176      0.032      0.554      0.579      -0.045       0.080
yr_2013                      0.0080      0.032      0.252      0.801      -0.054       0.071
yr_2014                      0.0411      0.032      1.274      0.203      -0.022       0.104
yr_2015                     -0.0295      0.032     -0.923      0.356      -0.092       0.033
yr_2016                     -0.0337      0.032     -1.046      0.296      -0.097       0.030
yr_2017                      0.0223      0.033      0.684      0.494      -0.042       0.086
yr_2018                      0.0164      0.033      0.501      0.616      -0.048       0.080
mo_2                         0.0088      0.019      0.453      0.651      -0.029       0.047
mo_3                        -0.0030      0.019     -0.163      0.870      -0.039       0.033
mo_4                         0.0020      0.019      0.106      0.915      -0.035       0.039
mo_5                        -0.0107      0.020     -0.540      0.589      -0.049       0.028
mo_6                        -0.0240      0.019     -1.235      0.217      -0.062       0.014
mo_7                        -0.0218      0.019     -1.152      0.249      -0.059       0.015
mo_8                        -0.0234      0.018     -1.283      0.200      -0.059       0.012
mo_9                        -0.0263      0.019     -1.416      0.157      -0.063       0.010
mo_10                       -0.0061      0.018     -0.337      0.736      -0.042       0.030
mo_11                       -0.0229      0.019     -1.221      0.222      -0.060       0.014
mo_12                       -0.0254      0.018     -1.399      0.162      -0.061       0.010
genre_Action                -0.0569      0.011     -5.362      0.000      -0.078      -0.036
genre_Adventure             -0.0065      0.011     -0.574      0.566      -0.029       0.016
genre_Animation             -0.0289      0.018     -1.606      0.108      -0.064       0.006
genre_Biography             -0.0907      0.014     -6.370      0.000      -0.119      -0.063
genre_Comedy                -0.0015      0.010     -0.154      0.878      -0.020       0.017
genre_Crime                 -0.0885      0.010     -8.633      0.000      -0.109      -0.068
genre_Drama                  0.0142      0.010      1.493      0.135      -0.004       0.033
genre_Family                 0.0684      0.015      4.701      0.000       0.040       0.097
genre_Fantasy                0.0045      0.013      0.356      0.722      -0.020       0.029
genre_History                0.0185      0.020      0.908      0.364      -0.022       0.059
genre_Horror                -0.0365      0.015     -2.502      0.012      -0.065      -0.008
genre_Music                  0.1128      0.019      5.897      0.000       0.075       0.150
genre_Musical                0.3219      0.043      7.449      0.000       0.237       0.407
genre_Mystery               -0.0586      0.013     -4.651      0.000      -0.083      -0.034
genre_News               -7.998e-18   4.51e-18     -1.771      0.077   -1.68e-17    8.54e-19
genre_Romance               -0.0150      0.010     -1.460      0.144      -0.035       0.005
genre_Sci_Fi                -0.0132      0.014     -0.970      0.332      -0.040       0.013
genre_Short                2.61e-18   3.16e-18      0.825      0.409   -3.59e-18    8.81e-18
genre_Sport                 -0.0392      0.021     -1.889      0.059      -0.080       0.001
genre_Thriller              -0.0744      0.011     -6.980      0.000      -0.095      -0.053
genre_War                    0.0080      0.029      0.274      0.784      -0.049       0.065
genre_Western               -0.0492      0.052     -0.956      0.339      -0.150       0.052
==============================================================================
Omnibus:                     1643.448   Durbin-Watson:                   2.006
Prob(Omnibus):                  0.000   Jarque-Bera (JB):            13218.604
Skew:                           1.746   Prob(JB):                         0.00
Kurtosis:                      11.178   Cond. No.                     1.02e+16
==============================================================================

Notes:
[1] Standard Errors assume that the covariance matrix of the errors is correctly specified.
[2] The smallest eigenvalue is 6.4e-27. This might indicate that there are
strong multicollinearity problems or that the design matrix is singular.