                            OLS Regression Results                            
==============================================================================
Dep. Variable:              sd_pooled   R-squared:                       0.561
Model:                            OLS   Adj. R-squared:                  0.554
Method:                 Least Squares   F-statistic:                     78.85
Date:                Tue, 31 Mar 2026   Prob (F-statistic):               0.00
Time:                        14:15:49   Log-Likelihood:                 529.40
No. Observations:                4012   AIC:                            -928.8
Df Residuals:                    3947   BIC:                            -519.5
Df Model:                          64                                         
Covariance Type:            nonrobust                                         
============================================================================================
                               coef    std err          t      P>|t|      [0.025      0.975]
--------------------------------------------------------------------------------------------
const                        3.3836      0.048     69.834      0.000       3.289       3.479
FLead                        0.0466      0.008      5.789      0.000       0.031       0.062
mean_pooled                 -0.2342      0.004    -53.181      0.000      -0.243      -0.226
kim_violence_gore            0.0130      0.003      5.159      0.000       0.008       0.018
kim_sex_nudity               0.0094      0.002      4.905      0.000       0.006       0.013
kim_language                -0.0144      0.002     -7.681      0.000      -0.018      -0.011
major                       -0.0387      0.008     -4.803      0.000      -0.054      -0.023
log_bom_opening_theaters     0.0055      0.002      3.098      0.002       0.002       0.009
genres_count                -0.0105      0.007     -1.556      0.120      -0.024       0.003
yr_1993                     -0.0075      0.034     -0.218      0.827      -0.075       0.060
yr_1994                     -0.0020      0.035     -0.057      0.955      -0.071       0.067
yr_1995                      0.0428      0.035      1.234      0.217      -0.025       0.111
yr_1996                      0.0064      0.034      0.189      0.850      -0.060       0.073
yr_1997                      0.0101      0.035      0.290      0.772      -0.058       0.078
yr_1998                      0.0580      0.033      1.731      0.083      -0.008       0.124
yr_1999                      0.0614      0.033      1.882      0.060      -0.003       0.125
yr_2000                     -0.0061      0.034     -0.181      0.856      -0.072       0.060
yr_2001                      0.0588      0.033      1.782      0.075      -0.006       0.124
yr_2002                      0.0189      0.032      0.584      0.560      -0.045       0.083
yr_2003                      0.0025      0.033      0.077      0.939      -0.062       0.067
yr_2004                      0.0644      0.032      1.984      0.047       0.001       0.128
yr_2005                      0.0527      0.032      1.639      0.101      -0.010       0.116
yr_2006                      0.1023      0.032      3.201      0.001       0.040       0.165
yr_2007                      0.1156      0.032      3.631      0.000       0.053       0.178
yr_2008                      0.0549      0.032      1.711      0.087      -0.008       0.118
yr_2009                      0.0378      0.032      1.166      0.244      -0.026       0.101
yr_2010                      0.0294      0.032      0.906      0.365      -0.034       0.093
yr_2011                      0.0323      0.032      1.016      0.310      -0.030       0.095
yr_2012                      0.0179      0.032      0.566      0.572      -0.044       0.080
yr_2013                      0.0110      0.032      0.346      0.729      -0.051       0.073
yr_2014                      0.0431      0.032      1.338      0.181      -0.020       0.106
yr_2015                     -0.0285      0.032     -0.890      0.373      -0.091       0.034
yr_2016                     -0.0344      0.032     -1.068      0.286      -0.098       0.029
yr_2017                      0.0221      0.033      0.680      0.497      -0.042       0.086
yr_2018                      0.0163      0.033      0.499      0.618      -0.048       0.080
mo_2                         0.0083      0.019      0.425      0.671      -0.030       0.046
mo_3                        -0.0045      0.019     -0.241      0.810      -0.041       0.032
mo_4                         0.0014      0.019      0.073      0.942      -0.035       0.038
mo_5                        -0.0131      0.020     -0.665      0.506      -0.052       0.026
mo_6                        -0.0252      0.019     -1.296      0.195      -0.063       0.013
mo_7                        -0.0215      0.019     -1.134      0.257      -0.059       0.016
mo_8                        -0.0257      0.018     -1.408      0.159      -0.061       0.010
mo_9                        -0.0277      0.019     -1.493      0.136      -0.064       0.009
mo_10                       -0.0080      0.018     -0.438      0.661      -0.044       0.028
mo_11                       -0.0235      0.019     -1.249      0.212      -0.060       0.013
mo_12                       -0.0269      0.018     -1.482      0.139      -0.062       0.009
genre_Action                -0.0573      0.011     -5.408      0.000      -0.078      -0.037
genre_Adventure             -0.0071      0.011     -0.630      0.529      -0.029       0.015
genre_Animation             -0.0288      0.018     -1.602      0.109      -0.064       0.006
genre_Biography             -0.0905      0.014     -6.358      0.000      -0.118      -0.063
genre_Comedy                -0.0010      0.010     -0.103      0.918      -0.020       0.018
genre_Crime                 -0.0887      0.010     -8.646      0.000      -0.109      -0.069
genre_Drama                  0.0146      0.010      1.532      0.125      -0.004       0.033
genre_Family                 0.0689      0.015      4.731      0.000       0.040       0.097
genre_Fantasy                0.0058      0.013      0.457      0.648      -0.019       0.031
genre_History                0.0173      0.020      0.844      0.398      -0.023       0.057
genre_Horror                -0.0373      0.015     -2.560      0.011      -0.066      -0.009
genre_Music                  0.1149      0.019      6.010      0.000       0.077       0.152
genre_Musical                0.3217      0.043      7.445      0.000       0.237       0.406
genre_Mystery               -0.0586      0.013     -4.654      0.000      -0.083      -0.034
genre_News                4.527e-18   3.33e-18      1.359      0.174      -2e-18    1.11e-17
genre_Romance               -0.0140      0.010     -1.372      0.170      -0.034       0.006
genre_Sci_Fi                -0.0131      0.014     -0.963      0.336      -0.040       0.014
genre_Short               2.159e-18   3.24e-18      0.666      0.505   -4.19e-18    8.51e-18
genre_Sport                 -0.0372      0.021     -1.794      0.073      -0.078       0.003
genre_Thriller              -0.0737      0.011     -6.913      0.000      -0.095      -0.053
genre_War                    0.0069      0.029      0.238      0.812      -0.050       0.064
genre_Western               -0.0533      0.051     -1.035      0.301      -0.154       0.048
==============================================================================
Omnibus:                     1642.771   Durbin-Watson:                   2.005
Prob(Omnibus):                  0.000   Jarque-Bera (JB):            13170.907
Skew:                           1.747   Prob(JB):                         0.00
Kurtosis:                      11.160   Cond. No.                     1.02e+16
==============================================================================

Notes:
[1] Standard Errors assume that the covariance matrix of the errors is correctly specified.
[2] The smallest eigenvalue is 6.38e-27. This might indicate that there are
strong multicollinearity problems or that the design matrix is singular.