                            OLS Regression Results                            
==============================================================================
Dep. Variable:              sd_pooled   R-squared:                       0.558
Model:                            OLS   Adj. R-squared:                  0.551
Method:                 Least Squares   F-statistic:                     78.01
Date:                Tue, 31 Mar 2026   Prob (F-statistic):               0.00
Time:                        20:08:14   Log-Likelihood:                 517.38
No. Observations:                4012   AIC:                            -904.8
Df Residuals:                    3947   BIC:                            -495.4
Df Model:                          64                                         
Covariance Type:            nonrobust                                         
============================================================================================
                               coef    std err          t      P>|t|      [0.025      0.975]
--------------------------------------------------------------------------------------------
const                        3.3777      0.049     69.538      0.000       3.282       3.473
FLead                        0.0483      0.008      5.977      0.000       0.032       0.064
mean_pooled                 -0.2346      0.004    -53.046      0.000      -0.243      -0.226
kim_violence_gore            0.0110      0.003      4.282      0.000       0.006       0.016
kim_sex_nudity               0.0100      0.002      4.880      0.000       0.006       0.014
kim_language                -0.0100      0.002     -5.622      0.000      -0.014      -0.007
major                       -0.0389      0.008     -4.815      0.000      -0.055      -0.023
log_bom_opening_theaters     0.0057      0.002      3.236      0.001       0.002       0.009
genres_count                -0.0071      0.007     -1.052      0.293      -0.020       0.006
yr_1993                     -0.0077      0.035     -0.223      0.823      -0.076       0.060
yr_1994                     -0.0029      0.035     -0.082      0.935      -0.072       0.066
yr_1995                      0.0373      0.035      1.072      0.284      -0.031       0.106
yr_1996                      0.0003      0.034      0.009      0.993      -0.067       0.067
yr_1997                      0.0038      0.035      0.110      0.913      -0.064       0.072
yr_1998                      0.0509      0.034      1.516      0.130      -0.015       0.117
yr_1999                      0.0513      0.033      1.569      0.117      -0.013       0.115
yr_2000                     -0.0159      0.034     -0.471      0.638      -0.082       0.050
yr_2001                      0.0525      0.033      1.586      0.113      -0.012       0.117
yr_2002                      0.0100      0.033      0.308      0.758      -0.054       0.074
yr_2003                     -0.0058      0.033     -0.176      0.860      -0.070       0.058
yr_2004                      0.0593      0.033      1.819      0.069      -0.005       0.123
yr_2005                      0.0465      0.032      1.438      0.150      -0.017       0.110
yr_2006                      0.0945      0.032      2.945      0.003       0.032       0.157
yr_2007                      0.1086      0.032      3.397      0.001       0.046       0.171
yr_2008                      0.0507      0.032      1.575      0.115      -0.012       0.114
yr_2009                      0.0288      0.033      0.884      0.377      -0.035       0.093
yr_2010                      0.0225      0.032      0.691      0.490      -0.041       0.086
yr_2011                      0.0274      0.032      0.857      0.391      -0.035       0.090
yr_2012                      0.0084      0.032      0.264      0.792      -0.054       0.071
yr_2013                     -0.0005      0.032     -0.017      0.986      -0.063       0.062
yr_2014                      0.0300      0.032      0.930      0.352      -0.033       0.093
yr_2015                     -0.0410      0.032     -1.279      0.201      -0.104       0.022
yr_2016                     -0.0432      0.032     -1.336      0.181      -0.107       0.020
yr_2017                      0.0127      0.033      0.390      0.697      -0.051       0.077
yr_2018                      0.0051      0.033      0.154      0.877      -0.059       0.069
mo_2                         0.0107      0.020      0.547      0.584      -0.028       0.049
mo_3                        -0.0063      0.019     -0.337      0.736      -0.043       0.030
mo_4                         0.0014      0.019      0.073      0.942      -0.035       0.038
mo_5                        -0.0103      0.020     -0.520      0.603      -0.049       0.029
mo_6                        -0.0253      0.020     -1.294      0.196      -0.064       0.013
mo_7                        -0.0238      0.019     -1.252      0.211      -0.061       0.013
mo_8                        -0.0257      0.018     -1.403      0.161      -0.062       0.010
mo_9                        -0.0286      0.019     -1.533      0.125      -0.065       0.008
mo_10                       -0.0098      0.018     -0.536      0.592      -0.046       0.026
mo_11                       -0.0230      0.019     -1.219      0.223      -0.060       0.014
mo_12                       -0.0251      0.018     -1.379      0.168      -0.061       0.011
genre_Action                -0.0571      0.011     -5.369      0.000      -0.078      -0.036
genre_Adventure             -0.0004      0.011     -0.035      0.972      -0.022       0.022
genre_Animation             -0.0177      0.018     -0.986      0.324      -0.053       0.017
genre_Biography             -0.0922      0.014     -6.454      0.000      -0.120      -0.064
genre_Comedy                -0.0111      0.009     -1.176      0.240      -0.030       0.007
genre_Crime                 -0.0980      0.010     -9.648      0.000      -0.118      -0.078
genre_Drama                  0.0097      0.010      1.017      0.309      -0.009       0.028
genre_Family                 0.0773      0.015      5.304      0.000       0.049       0.106
genre_Fantasy                0.0097      0.013      0.763      0.445      -0.015       0.034
genre_History                0.0260      0.020      1.272      0.203      -0.014       0.066
genre_Horror                -0.0387      0.015     -2.643      0.008      -0.067      -0.010
genre_Music                  0.1053      0.019      5.495      0.000       0.068       0.143
genre_Musical                0.3334      0.043      7.698      0.000       0.249       0.418
genre_Mystery               -0.0588      0.013     -4.657      0.000      -0.084      -0.034
genre_News                7.272e-18      1e-17      0.725      0.468   -1.24e-17    2.69e-17
genre_Romance               -0.0178      0.010     -1.719      0.086      -0.038       0.002
genre_Sci_Fi                -0.0142      0.014     -1.046      0.296      -0.041       0.012
genre_Short              -9.048e-19   5.81e-17     -0.016      0.988   -1.15e-16    1.13e-16
genre_Sport                 -0.0411      0.021     -1.977      0.048      -0.082      -0.000
genre_Thriller              -0.0808      0.011     -7.603      0.000      -0.102      -0.060
genre_War                    0.0069      0.029      0.235      0.814      -0.051       0.064
genre_Western               -0.0474      0.052     -0.917      0.359      -0.149       0.054
==============================================================================
Omnibus:                     1675.768   Durbin-Watson:                   2.001
Prob(Omnibus):                  0.000   Jarque-Bera (JB):            13965.651
Skew:                           1.776   Prob(JB):                         0.00
Kurtosis:                      11.422   Cond. No.                     1.02e+16
==============================================================================

Notes:
[1] Standard Errors assume that the covariance matrix of the errors is correctly specified.
[2] The smallest eigenvalue is 6.41e-27. This might indicate that there are
strong multicollinearity problems or that the design matrix is singular.