                            OLS Regression Results                            
==============================================================================
Dep. Variable:              sd_pooled   R-squared:                       0.558
Model:                            OLS   Adj. R-squared:                  0.551
Method:                 Least Squares   F-statistic:                     77.81
Date:                Tue, 31 Mar 2026   Prob (F-statistic):               0.00
Time:                        20:11:35   Log-Likelihood:                 514.50
No. Observations:                4012   AIC:                            -899.0
Df Residuals:                    3947   BIC:                            -489.7
Df Model:                          64                                         
Covariance Type:            nonrobust                                         
============================================================================================
                               coef    std err          t      P>|t|      [0.025      0.975]
--------------------------------------------------------------------------------------------
const                        3.3776      0.049     69.484      0.000       3.282       3.473
FLead                        0.0500      0.008      6.205      0.000       0.034       0.066
mean_pooled                 -0.2342      0.004    -52.707      0.000      -0.243      -0.225
kim_violence_gore            0.0104      0.003      4.072      0.000       0.005       0.015
kim_sex_nudity               0.0093      0.002      4.567      0.000       0.005       0.013
kim_language                -0.0089      0.002     -5.090      0.000      -0.012      -0.005
major                       -0.0388      0.008     -4.800      0.000      -0.055      -0.023
log_bom_opening_theaters     0.0056      0.002      3.175      0.002       0.002       0.009
genres_count                -0.0083      0.007     -1.216      0.224      -0.022       0.005
yr_1993                     -0.0090      0.035     -0.261      0.794      -0.077       0.059
yr_1994                     -0.0035      0.035     -0.099      0.921      -0.073       0.066
yr_1995                      0.0364      0.035      1.046      0.296      -0.032       0.105
yr_1996                     -0.0005      0.034     -0.015      0.988      -0.067       0.066
yr_1997                      0.0044      0.035      0.127      0.899      -0.064       0.073
yr_1998                      0.0499      0.034      1.488      0.137      -0.016       0.116
yr_1999                      0.0490      0.033      1.498      0.134      -0.015       0.113
yr_2000                     -0.0191      0.034     -0.568      0.570      -0.085       0.047
yr_2001                      0.0487      0.033      1.470      0.142      -0.016       0.114
yr_2002                      0.0070      0.033      0.215      0.830      -0.057       0.071
yr_2003                     -0.0067      0.033     -0.205      0.838      -0.071       0.058
yr_2004                      0.0626      0.033      1.922      0.055      -0.001       0.127
yr_2005                      0.0439      0.032      1.358      0.175      -0.019       0.107
yr_2006                      0.0952      0.032      2.965      0.003       0.032       0.158
yr_2007                      0.1078      0.032      3.370      0.001       0.045       0.171
yr_2008                      0.0471      0.032      1.463      0.144      -0.016       0.110
yr_2009                      0.0277      0.033      0.849      0.396      -0.036       0.092
yr_2010                      0.0190      0.033      0.583      0.560      -0.045       0.083
yr_2011                      0.0243      0.032      0.761      0.446      -0.038       0.087
yr_2012                      0.0074      0.032      0.232      0.817      -0.055       0.070
yr_2013                     -0.0001      0.032     -0.004      0.997      -0.063       0.063
yr_2014                      0.0283      0.032      0.875      0.382      -0.035       0.092
yr_2015                     -0.0418      0.032     -1.303      0.193      -0.105       0.021
yr_2016                     -0.0445      0.032     -1.375      0.169      -0.108       0.019
yr_2017                      0.0118      0.033      0.361      0.718      -0.052       0.076
yr_2018                      0.0013      0.033      0.038      0.969      -0.063       0.065
mo_2                         0.0105      0.020      0.536      0.592      -0.028       0.049
mo_3                        -0.0035      0.019     -0.189      0.850      -0.040       0.033
mo_4                         0.0031      0.019      0.164      0.869      -0.034       0.040
mo_5                        -0.0089      0.020     -0.451      0.652      -0.048       0.030
mo_6                        -0.0248      0.020     -1.271      0.204      -0.063       0.013
mo_7                        -0.0234      0.019     -1.232      0.218      -0.061       0.014
mo_8                        -0.0248      0.018     -1.355      0.176      -0.061       0.011
mo_9                        -0.0289      0.019     -1.548      0.122      -0.065       0.008
mo_10                       -0.0097      0.018     -0.528      0.598      -0.046       0.026
mo_11                       -0.0206      0.019     -1.093      0.275      -0.058       0.016
mo_12                       -0.0256      0.018     -1.406      0.160      -0.061       0.010
genre_Action                -0.0556      0.011     -5.220      0.000      -0.077      -0.035
genre_Adventure             -0.0012      0.011     -0.102      0.918      -0.023       0.021
genre_Animation             -0.0180      0.018     -0.999      0.318      -0.053       0.017
genre_Biography             -0.0934      0.014     -6.536      0.000      -0.121      -0.065
genre_Comedy                -0.0125      0.009     -1.318      0.188      -0.031       0.006
genre_Crime                 -0.0989      0.010     -9.727      0.000      -0.119      -0.079
genre_Drama                  0.0094      0.010      0.983      0.326      -0.009       0.028
genre_Family                 0.0807      0.015      5.546      0.000       0.052       0.109
genre_Fantasy                0.0092      0.013      0.727      0.467      -0.016       0.034
genre_History                0.0268      0.020      1.310      0.190      -0.013       0.067
genre_Horror                -0.0378      0.015     -2.577      0.010      -0.067      -0.009
genre_Music                  0.1057      0.019      5.510      0.000       0.068       0.143
genre_Musical                0.3283      0.043      7.572      0.000       0.243       0.413
genre_Mystery               -0.0588      0.013     -4.654      0.000      -0.084      -0.034
genre_News               -1.468e-17   1.09e-17     -1.351      0.177    -3.6e-17    6.62e-18
genre_Romance               -0.0163      0.010     -1.573      0.116      -0.037       0.004
genre_Sci_Fi                -0.0158      0.014     -1.157      0.247      -0.042       0.011
genre_Short               6.945e-18   1.47e-17      0.473      0.636   -2.18e-17    3.57e-17
genre_Sport                 -0.0412      0.021     -1.979      0.048      -0.082      -0.000
genre_Thriller              -0.0803      0.011     -7.535      0.000      -0.101      -0.059
genre_War                    0.0080      0.029      0.275      0.783      -0.049       0.065
genre_Western               -0.0469      0.052     -0.907      0.365      -0.148       0.054
==============================================================================
Omnibus:                     1671.819   Durbin-Watson:                   2.008
Prob(Omnibus):                  0.000   Jarque-Bera (JB):            13779.148
Skew:                           1.775   Prob(JB):                         0.00
Kurtosis:                      11.356   Cond. No.                     1.02e+16
==============================================================================

Notes:
[1] Standard Errors assume that the covariance matrix of the errors is correctly specified.
[2] The smallest eigenvalue is 6.34e-27. This might indicate that there are
strong multicollinearity problems or that the design matrix is singular.