                            OLS Regression Results                            
==============================================================================
Dep. Variable:              sd_pooled   R-squared:                       0.558
Model:                            OLS   Adj. R-squared:                  0.550
Method:                 Least Squares   F-statistic:                     77.71
Date:                Tue, 31 Mar 2026   Prob (F-statistic):               0.00
Time:                        20:11:12   Log-Likelihood:                 513.06
No. Observations:                4012   AIC:                            -896.1
Df Residuals:                    3947   BIC:                            -486.8
Df Model:                          64                                         
Covariance Type:            nonrobust                                         
============================================================================================
                               coef    std err          t      P>|t|      [0.025      0.975]
--------------------------------------------------------------------------------------------
const                        3.3751      0.049     69.413      0.000       3.280       3.470
FLead                        0.0494      0.008      6.112      0.000       0.034       0.065
mean_pooled                 -0.2346      0.004    -52.870      0.000      -0.243      -0.226
kim_violence_gore            0.0101      0.003      3.976      0.000       0.005       0.015
kim_sex_nudity               0.0090      0.002      4.455      0.000       0.005       0.013
kim_language                -0.0084      0.002     -4.800      0.000      -0.012      -0.005
major                       -0.0404      0.008     -4.988      0.000      -0.056      -0.025
log_bom_opening_theaters     0.0058      0.002      3.273      0.001       0.002       0.009
genres_count                -0.0064      0.007     -0.944      0.345      -0.020       0.007
yr_1993                     -0.0043      0.035     -0.124      0.901      -0.072       0.064
yr_1994                     -0.0017      0.035     -0.048      0.962      -0.071       0.068
yr_1995                      0.0372      0.035      1.068      0.286      -0.031       0.106
yr_1996                      0.0004      0.034      0.013      0.990      -0.067       0.067
yr_1997                      0.0062      0.035      0.178      0.859      -0.062       0.075
yr_1998                      0.0506      0.034      1.508      0.132      -0.015       0.116
yr_1999                      0.0523      0.033      1.600      0.110      -0.012       0.117
yr_2000                     -0.0142      0.034     -0.419      0.675      -0.080       0.052
yr_2001                      0.0522      0.033      1.573      0.116      -0.013       0.117
yr_2002                      0.0102      0.033      0.313      0.754      -0.054       0.074
yr_2003                     -0.0028      0.033     -0.086      0.931      -0.067       0.062
yr_2004                      0.0638      0.033      1.957      0.050      -0.000       0.128
yr_2005                      0.0472      0.032      1.459      0.145      -0.016       0.111
yr_2006                      0.0957      0.032      2.979      0.003       0.033       0.159
yr_2007                      0.1096      0.032      3.424      0.001       0.047       0.172
yr_2008                      0.0502      0.032      1.558      0.119      -0.013       0.113
yr_2009                      0.0310      0.033      0.951      0.342      -0.033       0.095
yr_2010                      0.0242      0.033      0.745      0.456      -0.040       0.088
yr_2011                      0.0268      0.032      0.840      0.401      -0.036       0.090
yr_2012                      0.0088      0.032      0.277      0.782      -0.054       0.071
yr_2013                      0.0011      0.032      0.034      0.973      -0.062       0.064
yr_2014                      0.0314      0.032      0.970      0.332      -0.032       0.095
yr_2015                     -0.0406      0.032     -1.263      0.207      -0.104       0.022
yr_2016                     -0.0439      0.032     -1.355      0.175      -0.107       0.020
yr_2017                      0.0139      0.033      0.426      0.670      -0.050       0.078
yr_2018                      0.0057      0.033      0.175      0.861      -0.059       0.070
mo_2                         0.0098      0.020      0.499      0.618      -0.029       0.048
mo_3                        -0.0048      0.019     -0.257      0.797      -0.041       0.032
mo_4                         0.0020      0.019      0.106      0.916      -0.035       0.039
mo_5                        -0.0096      0.020     -0.483      0.629      -0.048       0.029
mo_6                        -0.0258      0.020     -1.319      0.187      -0.064       0.013
mo_7                        -0.0228      0.019     -1.200      0.230      -0.060       0.014
mo_8                        -0.0264      0.018     -1.439      0.150      -0.062       0.010
mo_9                        -0.0294      0.019     -1.576      0.115      -0.066       0.007
mo_10                       -0.0092      0.018     -0.504      0.615      -0.045       0.027
mo_11                       -0.0213      0.019     -1.128      0.259      -0.058       0.016
mo_12                       -0.0247      0.018     -1.358      0.175      -0.060       0.011
genre_Action                -0.0568      0.011     -5.331      0.000      -0.078      -0.036
genre_Adventure             -0.0010      0.011     -0.089      0.929      -0.023       0.021
genre_Animation             -0.0177      0.018     -0.984      0.325      -0.053       0.018
genre_Biography             -0.0917      0.014     -6.406      0.000      -0.120      -0.064
genre_Comedy                -0.0122      0.009     -1.287      0.198      -0.031       0.006
genre_Crime                 -0.1013      0.010    -10.007      0.000      -0.121      -0.081
genre_Drama                  0.0092      0.010      0.963      0.336      -0.010       0.028
genre_Family                 0.0772      0.015      5.280      0.000       0.049       0.106
genre_Fantasy                0.0107      0.013      0.848      0.396      -0.014       0.036
genre_History                0.0285      0.020      1.394      0.163      -0.012       0.069
genre_Horror                -0.0384      0.015     -2.619      0.009      -0.067      -0.010
genre_Music                  0.1048      0.019      5.465      0.000       0.067       0.142
genre_Musical                0.3325      0.043      7.669      0.000       0.247       0.418
genre_Mystery               -0.0587      0.013     -4.647      0.000      -0.084      -0.034
genre_News               -5.651e-19   9.56e-18     -0.059      0.953   -1.93e-17    1.82e-17
genre_Romance               -0.0179      0.010     -1.727      0.084      -0.038       0.002
genre_Sci_Fi                -0.0143      0.014     -1.051      0.293      -0.041       0.012
genre_Short              -8.893e-19   1.65e-17     -0.054      0.957   -3.32e-17    3.14e-17
genre_Sport                 -0.0407      0.021     -1.953      0.051      -0.081       0.000
genre_Thriller              -0.0810      0.011     -7.613      0.000      -0.102      -0.060
genre_War                    0.0040      0.029      0.137      0.891      -0.053       0.061
genre_Western               -0.0416      0.052     -0.804      0.421      -0.143       0.060
==============================================================================
Omnibus:                     1679.459   Durbin-Watson:                   2.006
Prob(Omnibus):                  0.000   Jarque-Bera (JB):            13920.827
Skew:                           1.783   Prob(JB):                         0.00
Kurtosis:                      11.400   Cond. No.                     1.02e+16
==============================================================================

Notes:
[1] Standard Errors assume that the covariance matrix of the errors is correctly specified.
[2] The smallest eigenvalue is 6.38e-27. This might indicate that there are
strong multicollinearity problems or that the design matrix is singular.