                            OLS Regression Results                            
==============================================================================
Dep. Variable:              sd_pooled   R-squared:                       0.562
Model:                            OLS   Adj. R-squared:                  0.554
Method:                 Least Squares   F-statistic:                     78.99
Date:                Sun, 29 Mar 2026   Prob (F-statistic):               0.00
Time:                        15:29:30   Log-Likelihood:                 531.36
No. Observations:                4012   AIC:                            -932.7
Df Residuals:                    3947   BIC:                            -523.4
Df Model:                          64                                         
Covariance Type:            nonrobust                                         
============================================================================================
                               coef    std err          t      P>|t|      [0.025      0.975]
--------------------------------------------------------------------------------------------
const                        3.3788      0.048     69.803      0.000       3.284       3.474
FLead                        0.0471      0.008      5.865      0.000       0.031       0.063
mean_pooled                 -0.2336      0.004    -52.987      0.000      -0.242      -0.225
kim_violence_gore            0.0120      0.003      4.696      0.000       0.007       0.017
kim_sex_nudity               0.0112      0.002      5.548      0.000       0.007       0.015
kim_language                -0.0144      0.002     -7.709      0.000      -0.018      -0.011
major                       -0.0393      0.008     -4.885      0.000      -0.055      -0.024
log_bom_opening_theaters     0.0056      0.002      3.144      0.002       0.002       0.009
genres_count                -0.0093      0.007     -1.369      0.171      -0.023       0.004
yr_1993                     -0.0058      0.034     -0.168      0.867      -0.073       0.062
yr_1994                     -0.0027      0.035     -0.077      0.939      -0.072       0.066
yr_1995                      0.0436      0.035      1.257      0.209      -0.024       0.112
yr_1996                      0.0088      0.034      0.259      0.795      -0.058       0.076
yr_1997                      0.0125      0.035      0.360      0.719      -0.056       0.081
yr_1998                      0.0591      0.033      1.767      0.077      -0.006       0.125
yr_1999                      0.0603      0.033      1.850      0.064      -0.004       0.124
yr_2000                     -0.0082      0.034     -0.244      0.807      -0.074       0.058
yr_2001                      0.0561      0.033      1.700      0.089      -0.009       0.121
yr_2002                      0.0158      0.032      0.487      0.627      -0.048       0.079
yr_2003                      0.0004      0.033      0.013      0.989      -0.064       0.064
yr_2004                      0.0616      0.032      1.898      0.058      -0.002       0.125
yr_2005                      0.0482      0.032      1.498      0.134      -0.015       0.111
yr_2006                      0.0972      0.032      3.038      0.002       0.034       0.160
yr_2007                      0.1109      0.032      3.482      0.001       0.048       0.173
yr_2008                      0.0525      0.032      1.637      0.102      -0.010       0.115
yr_2009                      0.0321      0.032      0.989      0.323      -0.032       0.096
yr_2010                      0.0268      0.032      0.828      0.408      -0.037       0.090
yr_2011                      0.0297      0.032      0.934      0.350      -0.033       0.092
yr_2012                      0.0147      0.032      0.464      0.643      -0.047       0.077
yr_2013                      0.0065      0.032      0.205      0.838      -0.056       0.069
yr_2014                      0.0395      0.032      1.227      0.220      -0.024       0.103
yr_2015                     -0.0318      0.032     -0.993      0.321      -0.095       0.031
yr_2016                     -0.0353      0.032     -1.094      0.274      -0.099       0.028
yr_2017                      0.0212      0.033      0.652      0.515      -0.043       0.085
yr_2018                      0.0147      0.033      0.450      0.653      -0.049       0.079
mo_2                         0.0080      0.019      0.411      0.681      -0.030       0.046
mo_3                        -0.0042      0.019     -0.227      0.820      -0.041       0.032
mo_4                         0.0005      0.019      0.028      0.978      -0.036       0.037
mo_5                        -0.0122      0.020     -0.617      0.538      -0.051       0.027
mo_6                        -0.0256      0.019     -1.314      0.189      -0.064       0.013
mo_7                        -0.0235      0.019     -1.241      0.215      -0.061       0.014
mo_8                        -0.0254      0.018     -1.390      0.164      -0.061       0.010
mo_9                        -0.0281      0.019     -1.515      0.130      -0.065       0.008
mo_10                       -0.0073      0.018     -0.400      0.689      -0.043       0.028
mo_11                       -0.0242      0.019     -1.288      0.198      -0.061       0.013
mo_12                       -0.0265      0.018     -1.464      0.143      -0.062       0.009
genre_Action                -0.0557      0.011     -5.254      0.000      -0.077      -0.035
genre_Adventure             -0.0055      0.011     -0.489      0.625      -0.028       0.017
genre_Animation             -0.0270      0.018     -1.501      0.133      -0.062       0.008
genre_Biography             -0.0919      0.014     -6.453      0.000      -0.120      -0.064
genre_Comedy                -0.0040      0.010     -0.421      0.674      -0.023       0.015
genre_Crime                 -0.0898      0.010     -8.768      0.000      -0.110      -0.070
genre_Drama                  0.0133      0.010      1.398      0.162      -0.005       0.032
genre_Family                 0.0724      0.015      4.972      0.000       0.044       0.101
genre_Fantasy                0.0048      0.013      0.376      0.707      -0.020       0.030
genre_History                0.0185      0.020      0.908      0.364      -0.022       0.059
genre_Horror                -0.0344      0.015     -2.352      0.019      -0.063      -0.006
genre_Music                  0.1112      0.019      5.811      0.000       0.074       0.149
genre_Musical                0.3190      0.043      7.384      0.000       0.234       0.404
genre_Mystery               -0.0589      0.013     -4.680      0.000      -0.084      -0.034
genre_News                7.897e-18   4.28e-18      1.846      0.065   -4.88e-19    1.63e-17
genre_Romance               -0.0186      0.010     -1.808      0.071      -0.039       0.002
genre_Sci_Fi                -0.0130      0.014     -0.961      0.336      -0.040       0.014
genre_Short               1.337e-18   3.02e-18      0.443      0.658   -4.59e-18    7.26e-18
genre_Sport                 -0.0379      0.021     -1.830      0.067      -0.079       0.003
genre_Thriller              -0.0745      0.011     -6.991      0.000      -0.095      -0.054
genre_War                    0.0102      0.029      0.350      0.726      -0.047       0.067
genre_Western               -0.0475      0.051     -0.922      0.357      -0.148       0.053
==============================================================================
Omnibus:                     1650.146   Durbin-Watson:                   2.006
Prob(Omnibus):                  0.000   Jarque-Bera (JB):            13382.894
Skew:                           1.752   Prob(JB):                         0.00
Kurtosis:                      11.233   Cond. No.                     1.02e+16
==============================================================================

Notes:
[1] Standard Errors assume that the covariance matrix of the errors is correctly specified.
[2] The smallest eigenvalue is 6.39e-27. This might indicate that there are
strong multicollinearity problems or that the design matrix is singular.