                            OLS Regression Results                            
==============================================================================
Dep. Variable:              sd_pooled   R-squared:                       0.562
Model:                            OLS   Adj. R-squared:                  0.555
Method:                 Least Squares   F-statistic:                     79.03
Date:                Sun, 29 Mar 2026   Prob (F-statistic):               0.00
Time:                        15:51:59   Log-Likelihood:                 531.99
No. Observations:                4012   AIC:                            -934.0
Df Residuals:                    3947   BIC:                            -524.7
Df Model:                          64                                         
Covariance Type:            nonrobust                                         
============================================================================================
                               coef    std err          t      P>|t|      [0.025      0.975]
--------------------------------------------------------------------------------------------
const                        3.3815      0.048     69.880      0.000       3.287       3.476
FLead                        0.0469      0.008      5.840      0.000       0.031       0.063
mean_pooled                 -0.2338      0.004    -53.094      0.000      -0.242      -0.225
kim_violence_gore            0.0124      0.003      4.874      0.000       0.007       0.017
kim_sex_nudity               0.0110      0.002      5.402      0.000       0.007       0.015
kim_language                -0.0148      0.002     -7.878      0.000      -0.018      -0.011
major                       -0.0395      0.008     -4.918      0.000      -0.055      -0.024
log_bom_opening_theaters     0.0056      0.002      3.144      0.002       0.002       0.009
genres_count                -0.0099      0.007     -1.460      0.144      -0.023       0.003
yr_1993                     -0.0059      0.034     -0.171      0.864      -0.073       0.062
yr_1994                     -0.0029      0.035     -0.083      0.934      -0.072       0.066
yr_1995                      0.0434      0.035      1.249      0.212      -0.025       0.111
yr_1996                      0.0081      0.034      0.239      0.811      -0.059       0.075
yr_1997                      0.0125      0.035      0.360      0.719      -0.056       0.080
yr_1998                      0.0589      0.033      1.761      0.078      -0.007       0.125
yr_1999                      0.0608      0.033      1.866      0.062      -0.003       0.125
yr_2000                     -0.0086      0.034     -0.256      0.798      -0.074       0.057
yr_2001                      0.0563      0.033      1.706      0.088      -0.008       0.121
yr_2002                      0.0163      0.032      0.503      0.615      -0.047       0.080
yr_2003                  -9.529e-05      0.033     -0.003      0.998      -0.064       0.064
yr_2004                      0.0614      0.032      1.893      0.058      -0.002       0.125
yr_2005                      0.0483      0.032      1.499      0.134      -0.015       0.111
yr_2006                      0.0973      0.032      3.041      0.002       0.035       0.160
yr_2007                      0.1107      0.032      3.475      0.001       0.048       0.173
yr_2008                      0.0526      0.032      1.640      0.101      -0.010       0.115
yr_2009                      0.0323      0.032      0.995      0.320      -0.031       0.096
yr_2010                      0.0272      0.032      0.841      0.400      -0.036       0.091
yr_2011                      0.0309      0.032      0.973      0.331      -0.031       0.093
yr_2012                      0.0149      0.032      0.469      0.639      -0.047       0.077
yr_2013                      0.0074      0.032      0.233      0.815      -0.055       0.070
yr_2014                      0.0397      0.032      1.232      0.218      -0.023       0.103
yr_2015                     -0.0311      0.032     -0.971      0.332      -0.094       0.032
yr_2016                     -0.0357      0.032     -1.107      0.268      -0.099       0.028
yr_2017                      0.0209      0.033      0.642      0.521      -0.043       0.085
yr_2018                      0.0148      0.033      0.454      0.650      -0.049       0.079
mo_2                         0.0081      0.019      0.415      0.678      -0.030       0.046
mo_3                        -0.0043      0.019     -0.233      0.816      -0.041       0.032
mo_4                         0.0008      0.019      0.043      0.966      -0.036       0.037
mo_5                        -0.0121      0.020     -0.616      0.538      -0.051       0.027
mo_6                        -0.0252      0.019     -1.293      0.196      -0.063       0.013
mo_7                        -0.0235      0.019     -1.241      0.215      -0.061       0.014
mo_8                        -0.0253      0.018     -1.385      0.166      -0.061       0.010
mo_9                        -0.0273      0.019     -1.472      0.141      -0.064       0.009
mo_10                       -0.0071      0.018     -0.389      0.697      -0.043       0.029
mo_11                       -0.0240      0.019     -1.278      0.201      -0.061       0.013
mo_12                       -0.0260      0.018     -1.433      0.152      -0.062       0.010
genre_Action                -0.0560      0.011     -5.282      0.000      -0.077      -0.035
genre_Adventure             -0.0058      0.011     -0.519      0.604      -0.028       0.016
genre_Animation             -0.0283      0.018     -1.578      0.115      -0.064       0.007
genre_Biography             -0.0918      0.014     -6.453      0.000      -0.120      -0.064
genre_Comedy                -0.0026      0.010     -0.274      0.784      -0.021       0.016
genre_Crime                 -0.0888      0.010     -8.664      0.000      -0.109      -0.069
genre_Drama                  0.0140      0.010      1.467      0.142      -0.005       0.033
genre_Family                 0.0707      0.015      4.853      0.000       0.042       0.099
genre_Fantasy                0.0042      0.013      0.332      0.740      -0.021       0.029
genre_History                0.0181      0.020      0.887      0.375      -0.022       0.058
genre_Horror                -0.0349      0.015     -2.393      0.017      -0.064      -0.006
genre_Music                  0.1117      0.019      5.841      0.000       0.074       0.149
genre_Musical                0.3190      0.043      7.384      0.000       0.234       0.404
genre_Mystery               -0.0586      0.013     -4.657      0.000      -0.083      -0.034
genre_News                 3.21e-19   4.23e-18      0.076      0.940   -7.98e-18    8.62e-18
genre_Romance               -0.0177      0.010     -1.718      0.086      -0.038       0.002
genre_Sci_Fi                -0.0129      0.014     -0.955      0.340      -0.040       0.014
genre_Short                1.39e-18   7.32e-18      0.190      0.849    -1.3e-17    1.57e-17
genre_Sport                 -0.0378      0.021     -1.825      0.068      -0.078       0.003
genre_Thriller              -0.0739      0.011     -6.941      0.000      -0.095      -0.053
genre_War                    0.0102      0.029      0.349      0.727      -0.047       0.067
genre_Western               -0.0484      0.051     -0.940      0.348      -0.149       0.053
==============================================================================
Omnibus:                     1647.370   Durbin-Watson:                   2.005
Prob(Omnibus):                  0.000   Jarque-Bera (JB):            13310.565
Skew:                           1.750   Prob(JB):                         0.00
Kurtosis:                      11.208   Cond. No.                     1.02e+16
==============================================================================

Notes:
[1] Standard Errors assume that the covariance matrix of the errors is correctly specified.
[2] The smallest eigenvalue is 6.38e-27. This might indicate that there are
strong multicollinearity problems or that the design matrix is singular.