                            OLS Regression Results                            
==============================================================================
Dep. Variable:              sd_pooled   R-squared:                       0.562
Model:                            OLS   Adj. R-squared:                  0.555
Method:                 Least Squares   F-statistic:                     79.05
Date:                Tue, 31 Mar 2026   Prob (F-statistic):               0.00
Time:                        19:29:41   Log-Likelihood:                 532.31
No. Observations:                4012   AIC:                            -934.6
Df Residuals:                    3947   BIC:                            -525.3
Df Model:                          64                                         
Covariance Type:            nonrobust                                         
============================================================================================
                               coef    std err          t      P>|t|      [0.025      0.975]
--------------------------------------------------------------------------------------------
const                        3.3845      0.049     69.745      0.000       3.289       3.480
FLead                        0.0473      0.008      5.880      0.000       0.032       0.063
mean_pooled                 -0.2337      0.004    -52.915      0.000      -0.242      -0.225
kim_violence_gore            0.0122      0.003      4.798      0.000       0.007       0.017
kim_sex_nudity               0.0114      0.002      5.626      0.000       0.007       0.015
kim_language                -0.0148      0.002     -7.908      0.000      -0.018      -0.011
major                       -0.0380      0.008     -4.754      0.000      -0.054      -0.022
log_bom_opening_theaters     0.0047      0.002      2.746      0.006       0.001       0.008
genres_count                -0.0094      0.007     -1.390      0.165      -0.023       0.004
yr_1993                     -0.0063      0.034     -0.182      0.856      -0.074       0.061
yr_1994                     -0.0033      0.035     -0.093      0.926      -0.072       0.066
yr_1995                      0.0427      0.035      1.230      0.219      -0.025       0.111
yr_1996                      0.0090      0.034      0.264      0.791      -0.058       0.076
yr_1997                      0.0129      0.035      0.371      0.710      -0.055       0.081
yr_1998                      0.0591      0.033      1.767      0.077      -0.006       0.125
yr_1999                      0.0602      0.033      1.847      0.065      -0.004       0.124
yr_2000                     -0.0089      0.034     -0.264      0.792      -0.075       0.057
yr_2001                      0.0561      0.033      1.699      0.089      -0.009       0.121
yr_2002                      0.0156      0.032      0.482      0.630      -0.048       0.079
yr_2003                  -6.493e-05      0.033     -0.002      0.998      -0.064       0.064
yr_2004                      0.0620      0.032      1.910      0.056      -0.002       0.126
yr_2005                      0.0484      0.032      1.504      0.133      -0.015       0.112
yr_2006                      0.0972      0.032      3.040      0.002       0.035       0.160
yr_2007                      0.1115      0.032      3.500      0.000       0.049       0.174
yr_2008                      0.0523      0.032      1.629      0.103      -0.011       0.115
yr_2009                      0.0322      0.032      0.993      0.321      -0.031       0.096
yr_2010                      0.0263      0.032      0.812      0.417      -0.037       0.090
yr_2011                      0.0299      0.032      0.940      0.347      -0.032       0.092
yr_2012                      0.0139      0.032      0.438      0.662      -0.048       0.076
yr_2013                      0.0068      0.032      0.213      0.831      -0.056       0.069
yr_2014                      0.0395      0.032      1.225      0.220      -0.024       0.103
yr_2015                     -0.0312      0.032     -0.977      0.329      -0.094       0.031
yr_2016                     -0.0351      0.032     -1.089      0.276      -0.098       0.028
yr_2017                      0.0212      0.033      0.651      0.515      -0.043       0.085
yr_2018                      0.0148      0.033      0.453      0.650      -0.049       0.079
mo_2                         0.0092      0.019      0.472      0.637      -0.029       0.047
mo_3                        -0.0043      0.019     -0.234      0.815      -0.041       0.032
mo_4                         0.0010      0.019      0.055      0.956      -0.036       0.038
mo_5                        -0.0130      0.020     -0.657      0.511      -0.052       0.026
mo_6                        -0.0254      0.019     -1.303      0.193      -0.064       0.013
mo_7                        -0.0230      0.019     -1.213      0.225      -0.060       0.014
mo_8                        -0.0247      0.018     -1.355      0.176      -0.060       0.011
mo_9                        -0.0278      0.019     -1.500      0.134      -0.064       0.009
mo_10                       -0.0069      0.018     -0.378      0.705      -0.043       0.029
mo_11                       -0.0237      0.019     -1.262      0.207      -0.060       0.013
mo_12                       -0.0274      0.018     -1.515      0.130      -0.063       0.008
genre_Action                -0.0543      0.011     -5.124      0.000      -0.075      -0.034
genre_Adventure             -0.0055      0.011     -0.487      0.626      -0.028       0.017
genre_Animation             -0.0274      0.018     -1.527      0.127      -0.063       0.008
genre_Biography             -0.0943      0.014     -6.648      0.000      -0.122      -0.067
genre_Comedy                -0.0031      0.010     -0.330      0.742      -0.022       0.016
genre_Crime                 -0.0888      0.010     -8.666      0.000      -0.109      -0.069
genre_Drama                  0.0126      0.009      1.327      0.185      -0.006       0.031
genre_Family                 0.0718      0.015      4.927      0.000       0.043       0.100
genre_Fantasy                0.0040      0.013      0.318      0.750      -0.021       0.029
genre_History                0.0182      0.020      0.891      0.373      -0.022       0.058
genre_Horror                -0.0338      0.015     -2.318      0.020      -0.062      -0.005
genre_Music                  0.1110      0.019      5.803      0.000       0.073       0.148
genre_Musical                0.3165      0.043      7.326      0.000       0.232       0.401
genre_Mystery               -0.0588      0.013     -4.673      0.000      -0.083      -0.034
genre_News               -1.573e-17   6.98e-18     -2.254      0.024   -2.94e-17   -2.05e-18
genre_Romance               -0.0185      0.010     -1.793      0.073      -0.039       0.002
genre_Sci_Fi                -0.0123      0.014     -0.904      0.366      -0.039       0.014
genre_Short              -7.042e-18   5.94e-18     -1.186      0.236   -1.87e-17     4.6e-18
genre_Sport                 -0.0357      0.021     -1.726      0.084      -0.076       0.005
genre_Thriller              -0.0736      0.011     -6.906      0.000      -0.094      -0.053
genre_War                    0.0096      0.029      0.328      0.743      -0.048       0.067
genre_Western               -0.0469      0.051     -0.912      0.362      -0.148       0.054
==============================================================================
Omnibus:                     1649.553   Durbin-Watson:                   2.005
Prob(Omnibus):                  0.000   Jarque-Bera (JB):            13369.860
Skew:                           1.752   Prob(JB):                         0.00
Kurtosis:                      11.228   Cond. No.                     1.02e+16
==============================================================================

Notes:
[1] Standard Errors assume that the covariance matrix of the errors is correctly specified.
[2] The smallest eigenvalue is 6.37e-27. This might indicate that there are
strong multicollinearity problems or that the design matrix is singular.