                            OLS Regression Results                            
==============================================================================
Dep. Variable:              sd_pooled   R-squared:                       0.559
Model:                            OLS   Adj. R-squared:                  0.552
Method:                 Least Squares   F-statistic:                     78.30
Date:                Tue, 31 Mar 2026   Prob (F-statistic):               0.00
Time:                        15:39:36   Log-Likelihood:                 521.54
No. Observations:                4012   AIC:                            -913.1
Df Residuals:                    3947   BIC:                            -503.8
Df Model:                          64                                         
Covariance Type:            nonrobust                                         
============================================================================================
                               coef    std err          t      P>|t|      [0.025      0.975]
--------------------------------------------------------------------------------------------
const                        3.3754      0.049     69.567      0.000       3.280       3.471
FLead                        0.0483      0.008      5.991      0.000       0.032       0.064
mean_pooled                 -0.2340      0.004    -52.894      0.000      -0.243      -0.225
kim_violence_gore            0.0107      0.003      4.209      0.000       0.006       0.016
kim_sex_nudity               0.0106      0.002      5.164      0.000       0.007       0.015
kim_language                -0.0113      0.002     -6.314      0.000      -0.015      -0.008
major                       -0.0402      0.008     -4.982      0.000      -0.056      -0.024
log_bom_opening_theaters     0.0061      0.002      3.443      0.001       0.003       0.010
genres_count                -0.0082      0.007     -1.203      0.229      -0.021       0.005
yr_1993                     -0.0097      0.035     -0.280      0.779      -0.077       0.058
yr_1994                     -0.0037      0.035     -0.104      0.917      -0.073       0.066
yr_1995                      0.0361      0.035      1.037      0.300      -0.032       0.104
yr_1996                      0.0014      0.034      0.041      0.968      -0.065       0.068
yr_1997                      0.0062      0.035      0.177      0.859      -0.062       0.074
yr_1998                      0.0509      0.034      1.520      0.129      -0.015       0.117
yr_1999                      0.0515      0.033      1.579      0.114      -0.012       0.116
yr_2000                     -0.0145      0.034     -0.431      0.666      -0.080       0.051
yr_2001                      0.0495      0.033      1.497      0.135      -0.015       0.114
yr_2002                      0.0100      0.033      0.307      0.759      -0.054       0.074
yr_2003                     -0.0036      0.033     -0.111      0.912      -0.068       0.061
yr_2004                      0.0601      0.033      1.849      0.065      -0.004       0.124
yr_2005                      0.0460      0.032      1.426      0.154      -0.017       0.109
yr_2006                      0.0952      0.032      2.969      0.003       0.032       0.158
yr_2007                      0.1076      0.032      3.371      0.001       0.045       0.170
yr_2008                      0.0499      0.032      1.553      0.121      -0.013       0.113
yr_2009                      0.0280      0.033      0.860      0.390      -0.036       0.092
yr_2010                      0.0242      0.032      0.746      0.455      -0.039       0.088
yr_2011                      0.0235      0.032      0.738      0.460      -0.039       0.086
yr_2012                      0.0102      0.032      0.320      0.749      -0.052       0.072
yr_2013                      0.0029      0.032      0.090      0.928      -0.060       0.065
yr_2014                      0.0294      0.032      0.911      0.362      -0.034       0.093
yr_2015                     -0.0382      0.032     -1.192      0.233      -0.101       0.025
yr_2016                     -0.0423      0.032     -1.310      0.190      -0.106       0.021
yr_2017                      0.0134      0.033      0.411      0.681      -0.051       0.077
yr_2018                      0.0055      0.033      0.168      0.867      -0.059       0.070
mo_2                         0.0105      0.020      0.540      0.589      -0.028       0.049
mo_3                        -0.0033      0.019     -0.177      0.859      -0.040       0.033
mo_4                         0.0018      0.019      0.096      0.923      -0.035       0.039
mo_5                        -0.0070      0.020     -0.352      0.725      -0.046       0.032
mo_6                        -0.0240      0.020     -1.231      0.218      -0.062       0.014
mo_7                        -0.0226      0.019     -1.193      0.233      -0.060       0.015
mo_8                        -0.0235      0.018     -1.285      0.199      -0.059       0.012
mo_9                        -0.0260      0.019     -1.399      0.162      -0.063       0.010
mo_10                       -0.0057      0.018     -0.309      0.757      -0.042       0.030
mo_11                       -0.0202      0.019     -1.075      0.282      -0.057       0.017
mo_12                       -0.0241      0.018     -1.324      0.185      -0.060       0.012
genre_Action                -0.0563      0.011     -5.295      0.000      -0.077      -0.035
genre_Adventure             -0.0031      0.011     -0.280      0.780      -0.025       0.019
genre_Animation             -0.0223      0.018     -1.241      0.215      -0.058       0.013
genre_Biography             -0.0928      0.014     -6.501      0.000      -0.121      -0.065
genre_Comedy                -0.0100      0.009     -1.061      0.289      -0.029       0.009
genre_Crime                 -0.0954      0.010     -9.368      0.000      -0.115      -0.075
genre_Drama                  0.0109      0.010      1.145      0.252      -0.008       0.030
genre_Family                 0.0765      0.015      5.250      0.000       0.048       0.105
genre_Fantasy                0.0082      0.013      0.646      0.518      -0.017       0.033
genre_History                0.0268      0.020      1.311      0.190      -0.013       0.067
genre_Horror                -0.0361      0.015     -2.463      0.014      -0.065      -0.007
genre_Music                  0.1063      0.019      5.554      0.000       0.069       0.144
genre_Musical                0.3259      0.043      7.530      0.000       0.241       0.411
genre_Mystery               -0.0585      0.013     -4.634      0.000      -0.083      -0.034
genre_News                3.531e-18   4.11e-18      0.859      0.391   -4.53e-18    1.16e-17
genre_Romance               -0.0180      0.010     -1.743      0.081      -0.038       0.002
genre_Sci_Fi                -0.0132      0.014     -0.969      0.333      -0.040       0.013
genre_Short               6.246e-20   3.58e-18      0.017      0.986   -6.96e-18    7.08e-18
genre_Sport                 -0.0394      0.021     -1.897      0.058      -0.080       0.001
genre_Thriller              -0.0791      0.011     -7.440      0.000      -0.100      -0.058
genre_War                    0.0076      0.029      0.262      0.794      -0.050       0.065
genre_Western               -0.0462      0.052     -0.894      0.371      -0.147       0.055
==============================================================================
Omnibus:                     1692.489   Durbin-Watson:                   1.999
Prob(Omnibus):                  0.000   Jarque-Bera (JB):            14553.293
Skew:                           1.787   Prob(JB):                         0.00
Kurtosis:                      11.619   Cond. No.                     1.02e+16
==============================================================================

Notes:
[1] Standard Errors assume that the covariance matrix of the errors is correctly specified.
[2] The smallest eigenvalue is 6.36e-27. This might indicate that there are
strong multicollinearity problems or that the design matrix is singular.