                            OLS Regression Results                            
==============================================================================
Dep. Variable:              sd_pooled   R-squared:                       0.562
Model:                            OLS   Adj. R-squared:                  0.555
Method:                 Least Squares   F-statistic:                     79.12
Date:                Sun, 29 Mar 2026   Prob (F-statistic):               0.00
Time:                        15:49:50   Log-Likelihood:                 533.26
No. Observations:                4012   AIC:                            -936.5
Df Residuals:                    3947   BIC:                            -527.2
Df Model:                          64                                         
Covariance Type:            nonrobust                                         
============================================================================================
                               coef    std err          t      P>|t|      [0.025      0.975]
--------------------------------------------------------------------------------------------
const                        3.3788      0.048     69.823      0.000       3.284       3.474
FLead                        0.0468      0.008      5.817      0.000       0.031       0.063
mean_pooled                 -0.2334      0.004    -52.995      0.000      -0.242      -0.225
kim_violence_gore            0.0119      0.003      4.720      0.000       0.007       0.017
kim_sex_nudity               0.0116      0.002      5.702      0.000       0.008       0.016
kim_language                -0.0149      0.002     -7.946      0.000      -0.019      -0.011
major                       -0.0396      0.008     -4.933      0.000      -0.055      -0.024
log_bom_opening_theaters     0.0055      0.002      3.132      0.002       0.002       0.009
genres_count                -0.0092      0.007     -1.361      0.174      -0.022       0.004
yr_1993                     -0.0065      0.034     -0.189      0.850      -0.074       0.061
yr_1994                     -0.0034      0.035     -0.096      0.924      -0.072       0.066
yr_1995                      0.0433      0.035      1.248      0.212      -0.025       0.111
yr_1996                      0.0084      0.034      0.247      0.805      -0.058       0.075
yr_1997                      0.0129      0.035      0.373      0.709      -0.055       0.081
yr_1998                      0.0586      0.033      1.751      0.080      -0.007       0.124
yr_1999                      0.0603      0.033      1.851      0.064      -0.004       0.124
yr_2000                     -0.0091      0.034     -0.271      0.787      -0.075       0.057
yr_2001                      0.0570      0.033      1.727      0.084      -0.008       0.122
yr_2002                      0.0157      0.032      0.485      0.628      -0.048       0.079
yr_2003                      0.0004      0.033      0.011      0.991      -0.064       0.064
yr_2004                      0.0609      0.032      1.878      0.060      -0.003       0.125
yr_2005                      0.0476      0.032      1.478      0.139      -0.016       0.111
yr_2006                      0.0964      0.032      3.016      0.003       0.034       0.159
yr_2007                      0.1106      0.032      3.475      0.001       0.048       0.173
yr_2008                      0.0519      0.032      1.620      0.105      -0.011       0.115
yr_2009                      0.0315      0.032      0.971      0.332      -0.032       0.095
yr_2010                      0.0263      0.032      0.812      0.417      -0.037       0.090
yr_2011                      0.0293      0.032      0.920      0.357      -0.033       0.092
yr_2012                      0.0147      0.032      0.464      0.643      -0.047       0.077
yr_2013                      0.0073      0.032      0.230      0.818      -0.055       0.070
yr_2014                      0.0392      0.032      1.215      0.224      -0.024       0.102
yr_2015                     -0.0321      0.032     -1.003      0.316      -0.095       0.031
yr_2016                     -0.0359      0.032     -1.114      0.265      -0.099       0.027
yr_2017                      0.0203      0.033      0.624      0.533      -0.043       0.084
yr_2018                      0.0144      0.033      0.440      0.660      -0.050       0.078
mo_2                         0.0081      0.019      0.416      0.677      -0.030       0.046
mo_3                        -0.0040      0.019     -0.216      0.829      -0.040       0.032
mo_4                         0.0006      0.019      0.032      0.975      -0.036       0.037
mo_5                        -0.0125      0.020     -0.635      0.526      -0.051       0.026
mo_6                        -0.0252      0.019     -1.294      0.196      -0.063       0.013
mo_7                        -0.0230      0.019     -1.216      0.224      -0.060       0.014
mo_8                        -0.0252      0.018     -1.381      0.167      -0.061       0.011
mo_9                        -0.0273      0.019     -1.469      0.142      -0.064       0.009
mo_10                       -0.0066      0.018     -0.365      0.715      -0.042       0.029
mo_11                       -0.0239      0.019     -1.275      0.202      -0.061       0.013
mo_12                       -0.0256      0.018     -1.415      0.157      -0.061       0.010
genre_Action                -0.0550      0.011     -5.187      0.000      -0.076      -0.034
genre_Adventure             -0.0058      0.011     -0.516      0.606      -0.028       0.016
genre_Animation             -0.0285      0.018     -1.590      0.112      -0.064       0.007
genre_Biography             -0.0926      0.014     -6.510      0.000      -0.120      -0.065
genre_Comedy                -0.0037      0.009     -0.385      0.700      -0.022       0.015
genre_Crime                 -0.0889      0.010     -8.680      0.000      -0.109      -0.069
genre_Drama                  0.0134      0.010      1.405      0.160      -0.005       0.032
genre_Family                 0.0710      0.015      4.873      0.000       0.042       0.100
genre_Fantasy                0.0040      0.013      0.318      0.750      -0.021       0.029
genre_History                0.0192      0.020      0.940      0.348      -0.021       0.059
genre_Horror                -0.0321      0.014     -2.218      0.027      -0.060      -0.004
genre_Music                  0.1110      0.019      5.812      0.000       0.074       0.149
genre_Musical                0.3180      0.043      7.364      0.000       0.233       0.403
genre_Mystery               -0.0592      0.013     -4.707      0.000      -0.084      -0.035
genre_News                5.315e-18   5.78e-18      0.919      0.358   -6.02e-18    1.66e-17
genre_Romance               -0.0191      0.010     -1.862      0.063      -0.039       0.001
genre_Sci_Fi                -0.0132      0.014     -0.970      0.332      -0.040       0.013
genre_Short               8.536e-18   6.59e-18      1.295      0.195   -4.39e-18    2.15e-17
genre_Sport                 -0.0379      0.021     -1.827      0.068      -0.078       0.003
genre_Thriller              -0.0743      0.011     -6.974      0.000      -0.095      -0.053
genre_War                    0.0121      0.029      0.417      0.677      -0.045       0.069
genre_Western               -0.0477      0.051     -0.926      0.355      -0.149       0.053
==============================================================================
Omnibus:                     1647.926   Durbin-Watson:                   2.006
Prob(Omnibus):                  0.000   Jarque-Bera (JB):            13357.122
Skew:                           1.750   Prob(JB):                         0.00
Kurtosis:                      11.226   Cond. No.                     1.02e+16
==============================================================================

Notes:
[1] Standard Errors assume that the covariance matrix of the errors is correctly specified.
[2] The smallest eigenvalue is 6.38e-27. This might indicate that there are
strong multicollinearity problems or that the design matrix is singular.