                            OLS Regression Results                            
==============================================================================
Dep. Variable:              sd_pooled   R-squared:                       0.562
Model:                            OLS   Adj. R-squared:                  0.555
Method:                 Least Squares   F-statistic:                     79.06
Date:                Sun, 29 Mar 2026   Prob (F-statistic):               0.00
Time:                        15:50:26   Log-Likelihood:                 532.37
No. Observations:                4012   AIC:                            -934.7
Df Residuals:                    3947   BIC:                            -525.4
Df Model:                          64                                         
Covariance Type:            nonrobust                                         
============================================================================================
                               coef    std err          t      P>|t|      [0.025      0.975]
--------------------------------------------------------------------------------------------
const                        3.3789      0.048     69.800      0.000       3.284       3.474
FLead                        0.0466      0.008      5.794      0.000       0.031       0.062
mean_pooled                 -0.2333      0.004    -52.970      0.000      -0.242      -0.225
kim_violence_gore            0.0114      0.003      4.530      0.000       0.006       0.016
kim_sex_nudity               0.0118      0.002      5.811      0.000       0.008       0.016
kim_language                -0.0149      0.002     -7.936      0.000      -0.019      -0.011
major                       -0.0399      0.008     -4.958      0.000      -0.056      -0.024
log_bom_opening_theaters     0.0056      0.002      3.171      0.002       0.002       0.009
genres_count                -0.0091      0.007     -1.340      0.180      -0.022       0.004
yr_1993                     -0.0054      0.034     -0.157      0.875      -0.073       0.062
yr_1994                     -0.0025      0.035     -0.072      0.942      -0.072       0.066
yr_1995                      0.0451      0.035      1.300      0.194      -0.023       0.113
yr_1996                      0.0093      0.034      0.272      0.785      -0.057       0.076
yr_1997                      0.0136      0.035      0.393      0.694      -0.054       0.082
yr_1998                      0.0594      0.033      1.776      0.076      -0.006       0.125
yr_1999                      0.0610      0.033      1.873      0.061      -0.003       0.125
yr_2000                     -0.0081      0.034     -0.240      0.810      -0.074       0.058
yr_2001                      0.0568      0.033      1.721      0.085      -0.008       0.121
yr_2002                      0.0169      0.032      0.521      0.602      -0.047       0.081
yr_2003                      0.0004      0.033      0.011      0.991      -0.064       0.064
yr_2004                      0.0624      0.032      1.925      0.054      -0.001       0.126
yr_2005                      0.0485      0.032      1.508      0.132      -0.015       0.112
yr_2006                      0.0974      0.032      3.046      0.002       0.035       0.160
yr_2007                      0.1116      0.032      3.504      0.000       0.049       0.174
yr_2008                      0.0529      0.032      1.650      0.099      -0.010       0.116
yr_2009                      0.0332      0.032      1.022      0.307      -0.030       0.097
yr_2010                      0.0275      0.032      0.848      0.396      -0.036       0.091
yr_2011                      0.0308      0.032      0.968      0.333      -0.032       0.093
yr_2012                      0.0154      0.032      0.486      0.627      -0.047       0.077
yr_2013                      0.0077      0.032      0.242      0.809      -0.055       0.070
yr_2014                      0.0400      0.032      1.240      0.215      -0.023       0.103
yr_2015                     -0.0313      0.032     -0.979      0.328      -0.094       0.031
yr_2016                     -0.0350      0.032     -1.087      0.277      -0.098       0.028
yr_2017                      0.0212      0.033      0.651      0.515      -0.043       0.085
yr_2018                      0.0154      0.033      0.471      0.638      -0.049       0.079
mo_2                         0.0077      0.019      0.394      0.693      -0.030       0.046
mo_3                        -0.0041      0.019     -0.224      0.823      -0.040       0.032
mo_4                         0.0009      0.019      0.046      0.963      -0.036       0.038
mo_5                        -0.0122      0.020     -0.619      0.536      -0.051       0.026
mo_6                        -0.0251      0.019     -1.292      0.196      -0.063       0.013
mo_7                        -0.0231      0.019     -1.223      0.221      -0.060       0.014
mo_8                        -0.0250      0.018     -1.372      0.170      -0.061       0.011
mo_9                        -0.0279      0.019     -1.504      0.133      -0.064       0.008
mo_10                       -0.0068      0.018     -0.375      0.708      -0.043       0.029
mo_11                       -0.0240      0.019     -1.278      0.201      -0.061       0.013
mo_12                       -0.0258      0.018     -1.422      0.155      -0.061       0.010
genre_Action                -0.0543      0.011     -5.130      0.000      -0.075      -0.034
genre_Adventure             -0.0061      0.011     -0.545      0.586      -0.028       0.016
genre_Animation             -0.0286      0.018     -1.591      0.112      -0.064       0.007
genre_Biography             -0.0927      0.014     -6.513      0.000      -0.121      -0.065
genre_Comedy                -0.0043      0.010     -0.448      0.654      -0.023       0.014
genre_Crime                 -0.0885      0.010     -8.638      0.000      -0.109      -0.068
genre_Drama                  0.0132      0.010      1.385      0.166      -0.005       0.032
genre_Family                 0.0707      0.015      4.854      0.000       0.042       0.099
genre_Fantasy                0.0042      0.013      0.334      0.739      -0.021       0.029
genre_History                0.0189      0.020      0.924      0.356      -0.021       0.059
genre_Horror                -0.0315      0.015     -2.174      0.030      -0.060      -0.003
genre_Music                  0.1106      0.019      5.788      0.000       0.073       0.148
genre_Musical                0.3177      0.043      7.355      0.000       0.233       0.402
genre_Mystery               -0.0586      0.013     -4.660      0.000      -0.083      -0.034
genre_News                9.422e-19   6.59e-18      0.143      0.886    -1.2e-17    1.39e-17
genre_Romance               -0.0197      0.010     -1.912      0.056      -0.040       0.001
genre_Sci_Fi                -0.0126      0.014     -0.926      0.354      -0.039       0.014
genre_Short              -6.921e-19   8.41e-18     -0.082      0.934   -1.72e-17    1.58e-17
genre_Sport                 -0.0379      0.021     -1.830      0.067      -0.079       0.003
genre_Thriller              -0.0740      0.011     -6.949      0.000      -0.095      -0.053
genre_War                    0.0110      0.029      0.377      0.706      -0.046       0.068
genre_Western               -0.0466      0.051     -0.905      0.365      -0.148       0.054
==============================================================================
Omnibus:                     1649.473   Durbin-Watson:                   2.007
Prob(Omnibus):                  0.000   Jarque-Bera (JB):            13373.042
Skew:                           1.751   Prob(JB):                         0.00
Kurtosis:                      11.230   Cond. No.                     1.02e+16
==============================================================================

Notes:
[1] Standard Errors assume that the covariance matrix of the errors is correctly specified.
[2] The smallest eigenvalue is 6.38e-27. This might indicate that there are
strong multicollinearity problems or that the design matrix is singular.