                            OLS Regression Results                            
==============================================================================
Dep. Variable:              sd_pooled   R-squared:                       0.561
Model:                            OLS   Adj. R-squared:                  0.554
Method:                 Least Squares   F-statistic:                     78.81
Date:                Wed, 01 Apr 2026   Prob (F-statistic):               0.00
Time:                        00:50:07   Log-Likelihood:                 528.81
No. Observations:                4012   AIC:                            -927.6
Df Residuals:                    3947   BIC:                            -518.3
Df Model:                          64                                         
Covariance Type:            nonrobust                                         
============================================================================================
                               coef    std err          t      P>|t|      [0.025      0.975]
--------------------------------------------------------------------------------------------
const                        3.4152      0.049     69.902      0.000       3.319       3.511
FLead                        0.0465      0.008      5.774      0.000       0.031       0.062
mean_pooled                 -0.2352      0.005    -51.917      0.000      -0.244      -0.226
kim_violence_gore            0.0127      0.003      4.963      0.000       0.008       0.018
kim_sex_nudity               0.0111      0.002      5.470      0.000       0.007       0.015
kim_language                -0.0150      0.002     -7.985      0.000      -0.019      -0.011
major                       -0.0325      0.008     -4.024      0.000      -0.048      -0.017
log_bom_opening_theaters     0.0012      0.002      0.793      0.428      -0.002       0.004
genres_count                -0.0083      0.007     -1.230      0.219      -0.022       0.005
yr_1993                     -0.0072      0.034     -0.209      0.835      -0.075       0.060
yr_1994                     -0.0048      0.035     -0.136      0.892      -0.074       0.064
yr_1995                      0.0427      0.035      1.230      0.219      -0.025       0.111
yr_1996                      0.0073      0.034      0.214      0.831      -0.060       0.074
yr_1997                      0.0129      0.035      0.373      0.709      -0.055       0.081
yr_1998                      0.0583      0.033      1.742      0.082      -0.007       0.124
yr_1999                      0.0588      0.033      1.801      0.072      -0.005       0.123
yr_2000                     -0.0088      0.034     -0.261      0.794      -0.075       0.057
yr_2001                      0.0550      0.033      1.666      0.096      -0.010       0.120
yr_2002                      0.0153      0.032      0.471      0.638      -0.048       0.079
yr_2003                     -0.0007      0.033     -0.022      0.983      -0.065       0.063
yr_2004                      0.0614      0.032      1.891      0.059      -0.002       0.125
yr_2005                      0.0467      0.032      1.450      0.147      -0.016       0.110
yr_2006                      0.0962      0.032      3.006      0.003       0.033       0.159
yr_2007                      0.1113      0.032      3.490      0.000       0.049       0.174
yr_2008                      0.0526      0.032      1.639      0.101      -0.010       0.116
yr_2009                      0.0323      0.033      0.993      0.321      -0.031       0.096
yr_2010                      0.0260      0.032      0.801      0.423      -0.038       0.090
yr_2011                      0.0284      0.032      0.891      0.373      -0.034       0.091
yr_2012                      0.0123      0.032      0.388      0.698      -0.050       0.074
yr_2013                      0.0047      0.032      0.146      0.884      -0.058       0.067
yr_2014                      0.0386      0.032      1.196      0.232      -0.025       0.102
yr_2015                     -0.0325      0.032     -1.014      0.311      -0.095       0.030
yr_2016                     -0.0354      0.032     -1.097      0.273      -0.099       0.028
yr_2017                      0.0218      0.033      0.669      0.503      -0.042       0.086
yr_2018                      0.0153      0.033      0.468      0.640      -0.049       0.079
mo_2                         0.0092      0.019      0.471      0.638      -0.029       0.047
mo_3                        -0.0050      0.019     -0.272      0.786      -0.041       0.031
mo_4                         0.0002      0.019      0.012      0.990      -0.037       0.037
mo_5                        -0.0148      0.020     -0.751      0.453      -0.054       0.024
mo_6                        -0.0273      0.019     -1.404      0.160      -0.065       0.011
mo_7                        -0.0254      0.019     -1.342      0.180      -0.062       0.012
mo_8                        -0.0256      0.018     -1.405      0.160      -0.061       0.010
mo_9                        -0.0285      0.019     -1.535      0.125      -0.065       0.008
mo_10                       -0.0083      0.018     -0.457      0.648      -0.044       0.027
mo_11                       -0.0258      0.019     -1.373      0.170      -0.063       0.011
mo_12                       -0.0326      0.018     -1.805      0.071      -0.068       0.003
genre_Action                -0.0540      0.011     -5.093      0.000      -0.075      -0.033
genre_Adventure             -0.0049      0.011     -0.440      0.660      -0.027       0.017
genre_Animation             -0.0275      0.018     -1.529      0.126      -0.063       0.008
genre_Biography             -0.0956      0.014     -6.735      0.000      -0.123      -0.068
genre_Comedy                -0.0030      0.010     -0.311      0.756      -0.022       0.016
genre_Crime                 -0.0882      0.010     -8.600      0.000      -0.108      -0.068
genre_Drama                  0.0091      0.009      0.965      0.334      -0.009       0.028
genre_Family                 0.0723      0.015      4.959      0.000       0.044       0.101
genre_Fantasy                0.0046      0.013      0.363      0.716      -0.020       0.029
genre_History                0.0168      0.020      0.824      0.410      -0.023       0.057
genre_Horror                -0.0330      0.015     -2.259      0.024      -0.062      -0.004
genre_Music                  0.1115      0.019      5.824      0.000       0.074       0.149
genre_Musical                0.3203      0.043      7.409      0.000       0.236       0.405
genre_Mystery               -0.0590      0.013     -4.682      0.000      -0.084      -0.034
genre_News               -6.461e-18   4.27e-18     -1.514      0.130   -1.48e-17    1.91e-18
genre_Romance               -0.0182      0.010     -1.767      0.077      -0.038       0.002
genre_Sci_Fi                -0.0125      0.014     -0.921      0.357      -0.039       0.014
genre_Short               5.179e-18   2.18e-18      2.373      0.018    9.01e-19    9.46e-18
genre_Sport                 -0.0327      0.021     -1.582      0.114      -0.073       0.008
genre_Thriller              -0.0737      0.011     -6.917      0.000      -0.095      -0.053
genre_War                    0.0058      0.029      0.199      0.843      -0.051       0.063
genre_Western               -0.0462      0.052     -0.896      0.370      -0.147       0.055
==============================================================================
Omnibus:                     1675.880   Durbin-Watson:                   2.007
Prob(Omnibus):                  0.000   Jarque-Bera (JB):            13990.938
Skew:                           1.776   Prob(JB):                         0.00
Kurtosis:                      11.431   Cond. No.                     1.02e+16
==============================================================================

Notes:
[1] Standard Errors assume that the covariance matrix of the errors is correctly specified.
[2] The smallest eigenvalue is 6.01e-27. This might indicate that there are
strong multicollinearity problems or that the design matrix is singular.