                            OLS Regression Results                            
==============================================================================
Dep. Variable:              sd_pooled   R-squared:                       0.561
Model:                            OLS   Adj. R-squared:                  0.554
Method:                 Least Squares   F-statistic:                     78.85
Date:                Wed, 01 Apr 2026   Prob (F-statistic):               0.00
Time:                        00:40:16   Log-Likelihood:                 529.36
No. Observations:                4012   AIC:                            -928.7
Df Residuals:                    3947   BIC:                            -519.4
Df Model:                          64                                         
Covariance Type:            nonrobust                                         
============================================================================================
                               coef    std err          t      P>|t|      [0.025      0.975]
--------------------------------------------------------------------------------------------
const                        3.4078      0.048     70.274      0.000       3.313       3.503
FLead                        0.0465      0.008      5.783      0.000       0.031       0.062
mean_pooled                 -0.2346      0.005    -52.033      0.000      -0.243      -0.226
kim_violence_gore            0.0126      0.003      4.949      0.000       0.008       0.018
kim_sex_nudity               0.0112      0.002      5.503      0.000       0.007       0.015
kim_language                -0.0149      0.002     -7.952      0.000      -0.019      -0.011
major                       -0.0339      0.008     -4.229      0.000      -0.050      -0.018
log_bom_opening_theaters     0.0020      0.002      1.310      0.190      -0.001       0.005
genres_count                -0.0084      0.007     -1.240      0.215      -0.022       0.005
yr_1993                     -0.0088      0.034     -0.255      0.799      -0.076       0.059
yr_1994                     -0.0056      0.035     -0.158      0.875      -0.075       0.063
yr_1995                      0.0415      0.035      1.196      0.232      -0.027       0.110
yr_1996                      0.0062      0.034      0.183      0.855      -0.061       0.073
yr_1997                      0.0106      0.035      0.305      0.760      -0.057       0.079
yr_1998                      0.0566      0.033      1.691      0.091      -0.009       0.122
yr_1999                      0.0577      0.033      1.769      0.077      -0.006       0.122
yr_2000                     -0.0103      0.034     -0.308      0.758      -0.076       0.056
yr_2001                      0.0542      0.033      1.641      0.101      -0.011       0.119
yr_2002                      0.0145      0.032      0.446      0.656      -0.049       0.078
yr_2003                     -0.0015      0.033     -0.047      0.963      -0.066       0.063
yr_2004                      0.0600      0.032      1.847      0.065      -0.004       0.124
yr_2005                      0.0452      0.032      1.405      0.160      -0.018       0.108
yr_2006                      0.0953      0.032      2.979      0.003       0.033       0.158
yr_2007                      0.1095      0.032      3.434      0.001       0.047       0.172
yr_2008                      0.0513      0.032      1.596      0.110      -0.012       0.114
yr_2009                      0.0314      0.033      0.967      0.333      -0.032       0.095
yr_2010                      0.0245      0.032      0.755      0.450      -0.039       0.088
yr_2011                      0.0274      0.032      0.860      0.390      -0.035       0.090
yr_2012                      0.0115      0.032      0.362      0.717      -0.051       0.074
yr_2013                      0.0037      0.032      0.116      0.907      -0.059       0.066
yr_2014                      0.0372      0.032      1.153      0.249      -0.026       0.100
yr_2015                     -0.0336      0.032     -1.049      0.294      -0.096       0.029
yr_2016                     -0.0363      0.032     -1.126      0.260      -0.100       0.027
yr_2017                      0.0203      0.033      0.623      0.534      -0.044       0.084
yr_2018                      0.0145      0.033      0.442      0.659      -0.050       0.079
mo_2                         0.0087      0.019      0.449      0.653      -0.029       0.047
mo_3                        -0.0048      0.019     -0.258      0.796      -0.041       0.032
mo_4                         0.0004      0.019      0.022      0.983      -0.036       0.037
mo_5                        -0.0144      0.020     -0.729      0.466      -0.053       0.024
mo_6                        -0.0267      0.019     -1.371      0.171      -0.065       0.011
mo_7                        -0.0250      0.019     -1.323      0.186      -0.062       0.012
mo_8                        -0.0253      0.018     -1.387      0.166      -0.061       0.010
mo_9                        -0.0279      0.019     -1.501      0.134      -0.064       0.009
mo_10                       -0.0079      0.018     -0.434      0.665      -0.044       0.028
mo_11                       -0.0251      0.019     -1.339      0.181      -0.062       0.012
mo_12                       -0.0316      0.018     -1.751      0.080      -0.067       0.004
genre_Action                -0.0539      0.011     -5.083      0.000      -0.075      -0.033
genre_Adventure             -0.0054      0.011     -0.484      0.629      -0.027       0.017
genre_Animation             -0.0277      0.018     -1.539      0.124      -0.063       0.008
genre_Biography             -0.0953      0.014     -6.711      0.000      -0.123      -0.067
genre_Comedy                -0.0029      0.010     -0.299      0.765      -0.022       0.016
genre_Crime                 -0.0887      0.010     -8.652      0.000      -0.109      -0.069
genre_Drama                  0.0098      0.009      1.042      0.297      -0.009       0.028
genre_Family                 0.0717      0.015      4.921      0.000       0.043       0.100
genre_Fantasy                0.0048      0.013      0.376      0.707      -0.020       0.030
genre_History                0.0174      0.020      0.852      0.394      -0.023       0.057
genre_Horror                -0.0334      0.015     -2.286      0.022      -0.062      -0.005
genre_Music                  0.1119      0.019      5.847      0.000       0.074       0.149
genre_Musical                0.3191      0.043      7.382      0.000       0.234       0.404
genre_Mystery               -0.0587      0.013     -4.664      0.000      -0.083      -0.034
genre_News               -5.242e-18   4.62e-18     -1.134      0.257   -1.43e-17    3.82e-18
genre_Romance               -0.0182      0.010     -1.765      0.078      -0.038       0.002
genre_Sci_Fi                -0.0126      0.014     -0.927      0.354      -0.039       0.014
genre_Short              -1.433e-17   5.58e-18     -2.569      0.010   -2.53e-17   -3.39e-18
genre_Sport                 -0.0330      0.021     -1.596      0.111      -0.074       0.008
genre_Thriller              -0.0738      0.011     -6.925      0.000      -0.095      -0.053
genre_War                    0.0064      0.029      0.218      0.827      -0.051       0.064
genre_Western               -0.0459      0.052     -0.892      0.373      -0.147       0.055
==============================================================================
Omnibus:                     1675.753   Durbin-Watson:                   2.008
Prob(Omnibus):                  0.000   Jarque-Bera (JB):            14011.650
Skew:                           1.775   Prob(JB):                         0.00
Kurtosis:                      11.439   Cond. No.                     1.02e+16
==============================================================================

Notes:
[1] Standard Errors assume that the covariance matrix of the errors is correctly specified.
[2] The smallest eigenvalue is 6.06e-27. This might indicate that there are
strong multicollinearity problems or that the design matrix is singular.