                            OLS Regression Results                            
==============================================================================
Dep. Variable:              sd_pooled   R-squared:                       0.561
Model:                            OLS   Adj. R-squared:                  0.554
Method:                 Least Squares   F-statistic:                     78.73
Date:                Tue, 31 Mar 2026   Prob (F-statistic):               0.00
Time:                        19:06:30   Log-Likelihood:                 527.68
No. Observations:                4012   AIC:                            -925.4
Df Residuals:                    3947   BIC:                            -516.1
Df Model:                          64                                         
Covariance Type:            nonrobust                                         
============================================================================================
                               coef    std err          t      P>|t|      [0.025      0.975]
--------------------------------------------------------------------------------------------
const                        3.3724      0.048     69.611      0.000       3.277       3.467
FLead                        0.0485      0.008      6.036      0.000       0.033       0.064
mean_pooled                 -0.2340      0.004    -53.076      0.000      -0.243      -0.225
kim_violence_gore            0.0117      0.003      4.600      0.000       0.007       0.017
kim_sex_nudity               0.0108      0.002      5.330      0.000       0.007       0.015
kim_language                -0.0133      0.002     -7.217      0.000      -0.017      -0.010
major                       -0.0387      0.008     -4.815      0.000      -0.055      -0.023
log_bom_opening_theaters     0.0056      0.002      3.173      0.002       0.002       0.009
genres_count                -0.0088      0.007     -1.293      0.196      -0.022       0.005
yr_1993                      0.0003      0.035      0.008      0.994      -0.067       0.068
yr_1994                      0.0044      0.035      0.126      0.900      -0.065       0.074
yr_1995                      0.0495      0.035      1.422      0.155      -0.019       0.118
yr_1996                      0.0134      0.034      0.393      0.694      -0.053       0.080
yr_1997                      0.0164      0.035      0.472      0.637      -0.052       0.085
yr_1998                      0.0648      0.034      1.932      0.053      -0.001       0.131
yr_1999                      0.0652      0.033      1.994      0.046       0.001       0.129
yr_2000                     -0.0037      0.034     -0.110      0.913      -0.070       0.062
yr_2001                      0.0617      0.033      1.866      0.062      -0.003       0.127
yr_2002                      0.0205      0.033      0.631      0.528      -0.043       0.084
yr_2003                      0.0063      0.033      0.193      0.847      -0.058       0.071
yr_2004                      0.0681      0.032      2.096      0.036       0.004       0.132
yr_2005                      0.0531      0.032      1.648      0.099      -0.010       0.116
yr_2006                      0.1023      0.032      3.196      0.001       0.040       0.165
yr_2007                      0.1180      0.032      3.699      0.000       0.055       0.181
yr_2008                      0.0583      0.032      1.815      0.070      -0.005       0.121
yr_2009                      0.0374      0.033      1.149      0.251      -0.026       0.101
yr_2010                      0.0314      0.032      0.967      0.334      -0.032       0.095
yr_2011                      0.0362      0.032      1.134      0.257      -0.026       0.099
yr_2012                      0.0187      0.032      0.589      0.556      -0.044       0.081
yr_2013                      0.0104      0.032      0.324      0.746      -0.052       0.073
yr_2014                      0.0447      0.032      1.385      0.166      -0.019       0.108
yr_2015                     -0.0282      0.032     -0.878      0.380      -0.091       0.035
yr_2016                     -0.0310      0.032     -0.958      0.338      -0.094       0.032
yr_2017                      0.0233      0.033      0.714      0.475      -0.041       0.087
yr_2018                      0.0176      0.033      0.537      0.591      -0.047       0.082
mo_2                         0.0092      0.019      0.472      0.637      -0.029       0.047
mo_3                        -0.0026      0.019     -0.139      0.890      -0.039       0.034
mo_4                         0.0024      0.019      0.127      0.899      -0.034       0.039
mo_5                        -0.0098      0.020     -0.496      0.620      -0.049       0.029
mo_6                        -0.0241      0.019     -1.236      0.217      -0.062       0.014
mo_7                        -0.0224      0.019     -1.184      0.236      -0.060       0.015
mo_8                        -0.0249      0.018     -1.363      0.173      -0.061       0.011
mo_9                        -0.0266      0.019     -1.430      0.153      -0.063       0.010
mo_10                       -0.0068      0.018     -0.372      0.710      -0.043       0.029
mo_11                       -0.0227      0.019     -1.207      0.227      -0.059       0.014
mo_12                       -0.0254      0.018     -1.399      0.162      -0.061       0.010
genre_Action                -0.0562      0.011     -5.295      0.000      -0.077      -0.035
genre_Adventure             -0.0050      0.011     -0.448      0.654      -0.027       0.017
genre_Animation             -0.0249      0.018     -1.384      0.166      -0.060       0.010
genre_Biography             -0.0932      0.014     -6.539      0.000      -0.121      -0.065
genre_Comedy                -0.0061      0.009     -0.638      0.524      -0.025       0.013
genre_Crime                 -0.0923      0.010     -9.038      0.000      -0.112      -0.072
genre_Drama                  0.0124      0.010      1.305      0.192      -0.006       0.031
genre_Family                 0.0739      0.015      5.075      0.000       0.045       0.102
genre_Fantasy                0.0057      0.013      0.449      0.653      -0.019       0.030
genre_History                0.0257      0.020      1.260      0.208      -0.014       0.066
genre_Horror                -0.0350      0.015     -2.396      0.017      -0.064      -0.006
genre_Music                  0.1090      0.019      5.697      0.000       0.071       0.147
genre_Musical                0.3215      0.043      7.436      0.000       0.237       0.406
genre_Mystery               -0.0591      0.013     -4.690      0.000      -0.084      -0.034
genre_News                5.954e-18   1.91e-17      0.312      0.755   -3.15e-17    4.34e-17
genre_Romance               -0.0174      0.010     -1.688      0.091      -0.038       0.003
genre_Sci_Fi                -0.0115      0.014     -0.850      0.396      -0.038       0.015
genre_Short              -8.719e-18   9.06e-18     -0.962      0.336   -2.65e-17    9.05e-18
genre_Sport                 -0.0392      0.021     -1.888      0.059      -0.080       0.002
genre_Thriller              -0.0769      0.011     -7.228      0.000      -0.098      -0.056
genre_War                    0.0068      0.029      0.232      0.817      -0.050       0.064
genre_Western               -0.0469      0.052     -0.911      0.362      -0.148       0.054
==============================================================================
Omnibus:                     1654.827   Durbin-Watson:                   2.006
Prob(Omnibus):                  0.000   Jarque-Bera (JB):            13455.348
Skew:                           1.757   Prob(JB):                         0.00
Kurtosis:                      11.254   Cond. No.                     1.02e+16
==============================================================================

Notes:
[1] Standard Errors assume that the covariance matrix of the errors is correctly specified.
[2] The smallest eigenvalue is 6.39e-27. This might indicate that there are
strong multicollinearity problems or that the design matrix is singular.