                            OLS Regression Results                            
==============================================================================
Dep. Variable:              sd_pooled   R-squared:                       0.562
Model:                            OLS   Adj. R-squared:                  0.554
Method:                 Least Squares   F-statistic:                     71.14
Date:                Tue, 31 Mar 2026   Prob (F-statistic):               0.00
Time:                        21:52:30   Log-Likelihood:                 483.17
No. Observations:                3611   AIC:                            -836.3
Df Residuals:                    3546   BIC:                            -433.9
Df Model:                          64                                         
Covariance Type:            nonrobust                                         
============================================================================================
                               coef    std err          t      P>|t|      [0.025      0.975]
--------------------------------------------------------------------------------------------
const                        3.3749      0.050     66.936      0.000       3.276       3.474
FLead                        0.0506      0.009      5.943      0.000       0.034       0.067
mean_pooled                 -0.2332      0.005    -50.223      0.000      -0.242      -0.224
kim_violence_gore            0.0121      0.003      4.413      0.000       0.007       0.017
kim_sex_nudity               0.0091      0.002      3.995      0.000       0.005       0.014
kim_language                -0.0156      0.002     -7.755      0.000      -0.020      -0.012
major                       -0.0407      0.008     -4.802      0.000      -0.057      -0.024
log_bom_opening_theaters     0.0058      0.002      3.058      0.002       0.002       0.010
genres_count                -0.0085      0.007     -1.172      0.241      -0.023       0.006
yr_1993                      0.0022      0.035      0.062      0.950      -0.066       0.071
yr_1994                      0.0015      0.036      0.041      0.967      -0.070       0.073
yr_1995                      0.0495      0.035      1.409      0.159      -0.019       0.118
yr_1996                      0.0122      0.035      0.350      0.726      -0.056       0.080
yr_1997                      0.0193      0.035      0.547      0.585      -0.050       0.089
yr_1998                      0.0556      0.034      1.617      0.106      -0.012       0.123
yr_1999                      0.0649      0.034      1.931      0.054      -0.001       0.131
yr_2000                     -0.0033      0.035     -0.093      0.926      -0.071       0.065
yr_2001                      0.0550      0.034      1.613      0.107      -0.012       0.122
yr_2002                      0.0164      0.033      0.490      0.624      -0.049       0.082
yr_2003                      0.0116      0.034      0.344      0.731      -0.054       0.078
yr_2004                      0.0584      0.034      1.743      0.081      -0.007       0.124
yr_2005                      0.0429      0.033      1.293      0.196      -0.022       0.108
yr_2006                      0.1060      0.033      3.200      0.001       0.041       0.171
yr_2007                      0.1124      0.033      3.418      0.001       0.048       0.177
yr_2008                      0.0674      0.033      2.038      0.042       0.003       0.132
yr_2009                      0.0350      0.034      1.044      0.297      -0.031       0.101
yr_2010                      0.0453      0.033      1.354      0.176      -0.020       0.111
yr_2011                      0.0495      0.033      1.510      0.131      -0.015       0.114
yr_2012                      0.0259      0.033      0.789      0.430      -0.038       0.090
yr_2013                      0.0120      0.033      0.368      0.713      -0.052       0.076
yr_2014                      0.0502      0.033      1.522      0.128      -0.014       0.115
yr_2015                     -0.0289      0.033     -0.877      0.380      -0.093       0.036
yr_2016                     -0.0321      0.033     -0.969      0.333      -0.097       0.033
yr_2017                      0.0348      0.033      1.045      0.296      -0.031       0.100
yr_2018                      0.0141      0.033      0.420      0.674      -0.051       0.080
mo_2                         0.0034      0.020      0.165      0.869      -0.036       0.043
mo_3                         0.0099      0.020      0.505      0.613      -0.029       0.048
mo_4                         0.0010      0.020      0.051      0.959      -0.038       0.040
mo_5                        -0.0146      0.021     -0.707      0.480      -0.055       0.026
mo_6                        -0.0214      0.020     -1.047      0.295      -0.062       0.019
mo_7                        -0.0184      0.020     -0.929      0.353      -0.057       0.020
mo_8                        -0.0181      0.019     -0.942      0.346      -0.056       0.020
mo_9                        -0.0237      0.020     -1.205      0.228      -0.062       0.015
mo_10                       -0.0128      0.019     -0.668      0.504      -0.051       0.025
mo_11                       -0.0181      0.020     -0.915      0.360      -0.057       0.021
mo_12                       -0.0229      0.019     -1.205      0.228      -0.060       0.014
genre_Action                -0.0632      0.011     -5.680      0.000      -0.085      -0.041
genre_Adventure             -0.0042      0.012     -0.365      0.715      -0.027       0.019
genre_Animation             -0.0349      0.018     -1.896      0.058      -0.071       0.001
genre_Biography             -0.0928      0.015     -6.190      0.000      -0.122      -0.063
genre_Comedy                -0.0052      0.010     -0.518      0.605      -0.025       0.015
genre_Crime                 -0.0798      0.011     -7.287      0.000      -0.101      -0.058
genre_Drama                  0.0164      0.010      1.625      0.104      -0.003       0.036
genre_Family                 0.0679      0.015      4.573      0.000       0.039       0.097
genre_Fantasy                0.0026      0.013      0.199      0.842      -0.023       0.028
genre_History                0.0121      0.021      0.564      0.573      -0.030       0.054
genre_Horror                -0.0364      0.016     -2.333      0.020      -0.067      -0.006
genre_Music                  0.1214      0.020      5.970      0.000       0.082       0.161
genre_Musical                0.3149      0.047      6.637      0.000       0.222       0.408
genre_Mystery               -0.0649      0.013     -4.829      0.000      -0.091      -0.039
genre_News                3.293e-17   2.71e-17      1.216      0.224   -2.02e-17     8.6e-17
genre_Romance               -0.0152      0.011     -1.371      0.171      -0.037       0.007
genre_Sci_Fi                -0.0107      0.014     -0.762      0.446      -0.038       0.017
genre_Short              -7.038e-17   3.56e-17     -1.978      0.048    -1.4e-16   -6.19e-19
genre_Sport                 -0.0365      0.022     -1.688      0.092      -0.079       0.006
genre_Thriller              -0.0696      0.011     -6.145      0.000      -0.092      -0.047
genre_War                    0.0026      0.030      0.087      0.931      -0.056       0.062
genre_Western               -0.0330      0.057     -0.577      0.564      -0.145       0.079
==============================================================================
Omnibus:                     1541.980   Durbin-Watson:                   1.984
Prob(Omnibus):                  0.000   Jarque-Bera (JB):            13387.458
Skew:                           1.808   Prob(JB):                         0.00
Kurtosis:                      11.712   Cond. No.                     1.02e+16
==============================================================================

Notes:
[1] Standard Errors assume that the covariance matrix of the errors is correctly specified.
[2] The smallest eigenvalue is 5.62e-27. This might indicate that there are
strong multicollinearity problems or that the design matrix is singular.