                            OLS Regression Results                            
==============================================================================
Dep. Variable:              sd_pooled   R-squared:                       0.562
Model:                            OLS   Adj. R-squared:                  0.554
Method:                 Least Squares   F-statistic:                     70.95
Date:                Tue, 31 Mar 2026   Prob (F-statistic):               0.00
Time:                        21:51:43   Log-Likelihood:                 500.76
No. Observations:                3611   AIC:                            -871.5
Df Residuals:                    3546   BIC:                            -469.1
Df Model:                          64                                         
Covariance Type:            nonrobust                                         
============================================================================================
                               coef    std err          t      P>|t|      [0.025      0.975]
--------------------------------------------------------------------------------------------
const                        3.3861      0.051     67.000      0.000       3.287       3.485
FLead                        0.0461      0.008      5.440      0.000       0.029       0.063
mean_pooled                 -0.2292      0.005    -49.444      0.000      -0.238      -0.220
kim_violence_gore            0.0118      0.003      4.367      0.000       0.007       0.017
kim_sex_nudity               0.0082      0.002      3.575      0.000       0.004       0.013
kim_language                -0.0159      0.002     -8.005      0.000      -0.020      -0.012
major                       -0.0380      0.008     -4.497      0.000      -0.055      -0.021
log_bom_opening_theaters     0.0049      0.002      2.620      0.009       0.001       0.009
genres_count                -0.0134      0.007     -1.853      0.064      -0.028       0.001
yr_1993                     -0.0059      0.035     -0.168      0.867      -0.075       0.063
yr_1994                     -0.0072      0.036     -0.197      0.844      -0.079       0.064
yr_1995                      0.0490      0.036      1.377      0.169      -0.021       0.119
yr_1996                      0.0082      0.035      0.237      0.813      -0.060       0.076
yr_1997                      0.0129      0.035      0.365      0.715      -0.056       0.082
yr_1998                      0.0541      0.034      1.587      0.113      -0.013       0.121
yr_1999                      0.0639      0.034      1.895      0.058      -0.002       0.130
yr_2000                     -0.0010      0.035     -0.028      0.978      -0.069       0.067
yr_2001                      0.0584      0.034      1.706      0.088      -0.009       0.126
yr_2002                      0.0178      0.033      0.536      0.592      -0.047       0.083
yr_2003                      0.0032      0.034      0.096      0.924      -0.063       0.069
yr_2004                      0.0629      0.033      1.880      0.060      -0.003       0.129
yr_2005                      0.0389      0.033      1.175      0.240      -0.026       0.104
yr_2006                      0.1002      0.033      3.035      0.002       0.035       0.165
yr_2007                      0.1257      0.033      3.812      0.000       0.061       0.190
yr_2008                      0.0569      0.033      1.716      0.086      -0.008       0.122
yr_2009                      0.0339      0.034      1.002      0.316      -0.032       0.100
yr_2010                      0.0247      0.034      0.734      0.463      -0.041       0.091
yr_2011                      0.0369      0.033      1.126      0.260      -0.027       0.101
yr_2012                      0.0284      0.033      0.871      0.384      -0.036       0.092
yr_2013                      0.0160      0.033      0.485      0.628      -0.049       0.080
yr_2014                      0.0449      0.033      1.357      0.175      -0.020       0.110
yr_2015                     -0.0284      0.033     -0.863      0.388      -0.093       0.036
yr_2016                     -0.0330      0.033     -0.996      0.319      -0.098       0.032
yr_2017                      0.0260      0.033      0.777      0.437      -0.040       0.092
yr_2018                      0.0139      0.033      0.415      0.678      -0.052       0.080
mo_2                         0.0022      0.020      0.105      0.916      -0.038       0.042
mo_3                        -0.0088      0.019     -0.452      0.651      -0.047       0.029
mo_4                        -0.0124      0.020     -0.632      0.527      -0.051       0.026
mo_5                        -0.0251      0.021     -1.210      0.226      -0.066       0.016
mo_6                        -0.0378      0.020     -1.864      0.062      -0.078       0.002
mo_7                        -0.0288      0.020     -1.456      0.146      -0.068       0.010
mo_8                        -0.0293      0.019     -1.515      0.130      -0.067       0.009
mo_9                        -0.0335      0.019     -1.718      0.086      -0.072       0.005
mo_10                       -0.0182      0.019     -0.950      0.342      -0.056       0.019
mo_11                       -0.0299      0.020     -1.525      0.127      -0.068       0.009
mo_12                       -0.0333      0.019     -1.755      0.079      -0.071       0.004
genre_Action                -0.0548      0.011     -4.924      0.000      -0.077      -0.033
genre_Adventure             -0.0066      0.012     -0.567      0.571      -0.030       0.016
genre_Animation             -0.0379      0.018     -2.076      0.038      -0.074      -0.002
genre_Biography             -0.0968      0.015     -6.416      0.000      -0.126      -0.067
genre_Comedy                -0.0007      0.010     -0.073      0.942      -0.020       0.019
genre_Crime                 -0.0876      0.011     -7.979      0.000      -0.109      -0.066
genre_Drama                  0.0102      0.010      1.020      0.308      -0.009       0.030
genre_Family                 0.0651      0.015      4.412      0.000       0.036       0.094
genre_Fantasy                0.0066      0.013      0.503      0.615      -0.019       0.032
genre_History                0.0163      0.021      0.761      0.447      -0.026       0.058
genre_Horror                -0.0282      0.016     -1.810      0.070      -0.059       0.002
genre_Music                  0.1281      0.020      6.447      0.000       0.089       0.167
genre_Musical                0.3238      0.047      6.852      0.000       0.231       0.416
genre_Mystery               -0.0650      0.013     -4.880      0.000      -0.091      -0.039
genre_News                -2.37e-17    1.5e-17     -1.575      0.115   -5.32e-17     5.8e-18
genre_Romance               -0.0147      0.011     -1.328      0.184      -0.036       0.007
genre_Sci_Fi                -0.0134      0.014     -0.961      0.337      -0.041       0.014
genre_Short               8.271e-17   5.54e-17      1.492      0.136    -2.6e-17    1.91e-16
genre_Sport                 -0.0336      0.021     -1.578      0.115      -0.075       0.008
genre_Thriller              -0.0749      0.011     -6.626      0.000      -0.097      -0.053
genre_War                    0.0208      0.030      0.687      0.492      -0.039       0.080
genre_Western               -0.0703      0.057     -1.237      0.216      -0.182       0.041
==============================================================================
Omnibus:                     1560.677   Durbin-Watson:                   2.028
Prob(Omnibus):                  0.000   Jarque-Bera (JB):            14128.066
Skew:                           1.821   Prob(JB):                         0.00
Kurtosis:                      11.980   Cond. No.                     1.02e+16
==============================================================================

Notes:
[1] Standard Errors assume that the covariance matrix of the errors is correctly specified.
[2] The smallest eigenvalue is 5.61e-27. This might indicate that there are
strong multicollinearity problems or that the design matrix is singular.