                            OLS Regression Results                            
==============================================================================
Dep. Variable:              sd_pooled   R-squared:                       0.558
Model:                            OLS   Adj. R-squared:                  0.551
Method:                 Least Squares   F-statistic:                     77.78
Date:                Sun, 29 Mar 2026   Prob (F-statistic):               0.00
Time:                        15:18:47   Log-Likelihood:                 514.08
No. Observations:                4012   AIC:                            -898.2
Df Residuals:                    3947   BIC:                            -488.8
Df Model:                          64                                         
Covariance Type:            nonrobust                                         
============================================================================================
                               coef    std err          t      P>|t|      [0.025      0.975]
--------------------------------------------------------------------------------------------
const                        3.3744      0.049     69.418      0.000       3.279       3.470
FLead                        0.0511      0.008      6.355      0.000       0.035       0.067
mean_pooled                 -0.2347      0.004    -52.982      0.000      -0.243      -0.226
kim_violence_gore            0.0101      0.003      3.960      0.000       0.005       0.015
kim_sex_nudity               0.0094      0.002      4.598      0.000       0.005       0.013
kim_language                -0.0087      0.002     -5.006      0.000      -0.012      -0.005
major                       -0.0390      0.008     -4.824      0.000      -0.055      -0.023
log_bom_opening_theaters     0.0056      0.002      3.128      0.002       0.002       0.009
genres_count                -0.0073      0.007     -1.080      0.280      -0.021       0.006
yr_1993                     -0.0049      0.035     -0.143      0.886      -0.073       0.063
yr_1994                     -0.0022      0.035     -0.062      0.951      -0.072       0.067
yr_1995                      0.0397      0.035      1.139      0.255      -0.029       0.108
yr_1996                      0.0022      0.034      0.063      0.950      -0.065       0.069
yr_1997                      0.0045      0.035      0.129      0.898      -0.064       0.073
yr_1998                      0.0525      0.034      1.562      0.118      -0.013       0.118
yr_1999                      0.0535      0.033      1.635      0.102      -0.011       0.118
yr_2000                     -0.0164      0.034     -0.486      0.627      -0.082       0.050
yr_2001                      0.0519      0.033      1.565      0.118      -0.013       0.117
yr_2002                      0.0130      0.033      0.399      0.690      -0.051       0.077
yr_2003                     -0.0030      0.033     -0.090      0.928      -0.067       0.061
yr_2004                      0.0620      0.033      1.903      0.057      -0.002       0.126
yr_2005                      0.0472      0.032      1.461      0.144      -0.016       0.111
yr_2006                      0.0989      0.032      3.079      0.002       0.036       0.162
yr_2007                      0.1107      0.032      3.461      0.001       0.048       0.173
yr_2008                      0.0505      0.032      1.566      0.117      -0.013       0.114
yr_2009                      0.0295      0.033      0.906      0.365      -0.034       0.094
yr_2010                      0.0244      0.033      0.750      0.453      -0.039       0.088
yr_2011                      0.0285      0.032      0.893      0.372      -0.034       0.091
yr_2012                      0.0107      0.032      0.335      0.737      -0.052       0.073
yr_2013                      0.0019      0.032      0.059      0.953      -0.061       0.065
yr_2014                      0.0325      0.032      1.005      0.315      -0.031       0.096
yr_2015                     -0.0413      0.032     -1.286      0.199      -0.104       0.022
yr_2016                     -0.0417      0.032     -1.288      0.198      -0.105       0.022
yr_2017                      0.0142      0.033      0.435      0.664      -0.050       0.078
yr_2018                      0.0043      0.033      0.130      0.897      -0.060       0.069
mo_2                         0.0124      0.020      0.633      0.527      -0.026       0.051
mo_3                        -0.0016      0.019     -0.084      0.933      -0.038       0.035
mo_4                         0.0039      0.019      0.206      0.837      -0.033       0.041
mo_5                        -0.0089      0.020     -0.448      0.654      -0.048       0.030
mo_6                        -0.0238      0.020     -1.215      0.224      -0.062       0.015
mo_7                        -0.0234      0.019     -1.231      0.218      -0.061       0.014
mo_8                        -0.0242      0.018     -1.321      0.186      -0.060       0.012
mo_9                        -0.0272      0.019     -1.458      0.145      -0.064       0.009
mo_10                       -0.0060      0.018     -0.327      0.744      -0.042       0.030
mo_11                       -0.0195      0.019     -1.034      0.301      -0.056       0.017
mo_12                       -0.0241      0.018     -1.324      0.186      -0.060       0.012
genre_Action                -0.0554      0.011     -5.198      0.000      -0.076      -0.035
genre_Adventure             -0.0012      0.011     -0.107      0.915      -0.023       0.021
genre_Animation             -0.0180      0.018     -1.004      0.315      -0.053       0.017
genre_Biography             -0.0941      0.014     -6.583      0.000      -0.122      -0.066
genre_Comedy                -0.0102      0.010     -1.068      0.285      -0.029       0.008
genre_Crime                 -0.0980      0.010     -9.621      0.000      -0.118      -0.078
genre_Drama                  0.0102      0.010      1.065      0.287      -0.009       0.029
genre_Family                 0.0787      0.015      5.400      0.000       0.050       0.107
genre_Fantasy                0.0106      0.013      0.835      0.404      -0.014       0.035
genre_History                0.0276      0.020      1.351      0.177      -0.012       0.068
genre_Horror                -0.0372      0.015     -2.537      0.011      -0.066      -0.008
genre_Music                  0.1057      0.019      5.509      0.000       0.068       0.143
genre_Musical                0.3251      0.043      7.494      0.000       0.240       0.410
genre_Mystery               -0.0578      0.013     -4.570      0.000      -0.083      -0.033
genre_News                1.134e-17   1.73e-17      0.657      0.511   -2.25e-17    4.52e-17
genre_Romance               -0.0182      0.010     -1.760      0.078      -0.039       0.002
genre_Sci_Fi                -0.0139      0.014     -1.022      0.307      -0.041       0.013
genre_Short              -1.128e-18   3.81e-18     -0.296      0.767    -8.6e-18    6.35e-18
genre_Sport                 -0.0397      0.021     -1.909      0.056      -0.081       0.001
genre_Thriller              -0.0801      0.011     -7.516      0.000      -0.101      -0.059
genre_War                    0.0068      0.029      0.233      0.816      -0.051       0.064
genre_Western               -0.0482      0.052     -0.932      0.351      -0.150       0.053
==============================================================================
Omnibus:                     1683.815   Durbin-Watson:                   2.006
Prob(Omnibus):                  0.000   Jarque-Bera (JB):            14136.012
Skew:                           1.784   Prob(JB):                         0.00
Kurtosis:                      11.475   Cond. No.                     1.02e+16
==============================================================================

Notes:
[1] Standard Errors assume that the covariance matrix of the errors is correctly specified.
[2] The smallest eigenvalue is 6.38e-27. This might indicate that there are
strong multicollinearity problems or that the design matrix is singular.