                            OLS Regression Results                            
==============================================================================
Dep. Variable:              sd_pooled   R-squared:                       0.560
Model:                            OLS   Adj. R-squared:                  0.553
Method:                 Least Squares   F-statistic:                     78.52
Date:                Sun, 29 Mar 2026   Prob (F-statistic):               0.00
Time:                        15:57:19   Log-Likelihood:                 524.65
No. Observations:                4012   AIC:                            -919.3
Df Residuals:                    3947   BIC:                            -510.0
Df Model:                          64                                         
Covariance Type:            nonrobust                                         
============================================================================================
                               coef    std err          t      P>|t|      [0.025      0.975]
--------------------------------------------------------------------------------------------
const                        3.3822      0.049     69.561      0.000       3.287       3.478
FLead                        0.0450      0.008      5.599      0.000       0.029       0.061
mean_pooled                 -0.2323      0.004    -52.730      0.000      -0.241      -0.224
kim_violence_gore            0.0058      0.003      2.298      0.022       0.001       0.011
kim_sex_nudity               0.0128      0.002      6.338      0.000       0.009       0.017
kim_language                -0.0136      0.002     -7.337      0.000      -0.017      -0.010
major                       -0.0410      0.008     -5.092      0.000      -0.057      -0.025
log_bom_opening_theaters     0.0061      0.002      3.442      0.001       0.003       0.010
genres_count                -0.0063      0.007     -0.930      0.352      -0.020       0.007
yr_1993                     -0.0016      0.035     -0.047      0.963      -0.069       0.066
yr_1994                      0.0005      0.035      0.013      0.990      -0.069       0.070
yr_1995                      0.0475      0.035      1.366      0.172      -0.021       0.116
yr_1996                      0.0124      0.034      0.365      0.715      -0.054       0.079
yr_1997                      0.0168      0.035      0.483      0.629      -0.051       0.085
yr_1998                      0.0613      0.034      1.829      0.067      -0.004       0.127
yr_1999                      0.0655      0.033      2.007      0.045       0.002       0.129
yr_2000                     -0.0051      0.034     -0.152      0.879      -0.071       0.061
yr_2001                      0.0629      0.033      1.903      0.057      -0.002       0.128
yr_2002                      0.0192      0.033      0.590      0.555      -0.045       0.083
yr_2003                      0.0038      0.033      0.116      0.908      -0.060       0.068
yr_2004                      0.0674      0.032      2.074      0.038       0.004       0.131
yr_2005                      0.0533      0.032      1.652      0.099      -0.010       0.117
yr_2006                      0.1043      0.032      3.256      0.001       0.041       0.167
yr_2007                      0.1180      0.032      3.700      0.000       0.055       0.180
yr_2008                      0.0579      0.032      1.802      0.072      -0.005       0.121
yr_2009                      0.0377      0.033      1.157      0.247      -0.026       0.101
yr_2010                      0.0336      0.032      1.038      0.299      -0.030       0.097
yr_2011                      0.0350      0.032      1.096      0.273      -0.028       0.097
yr_2012                      0.0197      0.032      0.620      0.536      -0.043       0.082
yr_2013                      0.0116      0.032      0.364      0.716      -0.051       0.074
yr_2014                      0.0419      0.032      1.296      0.195      -0.021       0.105
yr_2015                     -0.0306      0.032     -0.955      0.340      -0.094       0.032
yr_2016                     -0.0326      0.032     -1.008      0.313      -0.096       0.031
yr_2017                      0.0230      0.033      0.705      0.481      -0.041       0.087
yr_2018                      0.0173      0.033      0.528      0.597      -0.047       0.082
mo_2                         0.0079      0.019      0.403      0.687      -0.030       0.046
mo_3                        -0.0034      0.019     -0.185      0.853      -0.040       0.033
mo_4                         0.0021      0.019      0.114      0.909      -0.035       0.039
mo_5                        -0.0127      0.020     -0.641      0.522      -0.051       0.026
mo_6                        -0.0259      0.019     -1.328      0.184      -0.064       0.012
mo_7                        -0.0241      0.019     -1.271      0.204      -0.061       0.013
mo_8                        -0.0257      0.018     -1.405      0.160      -0.061       0.010
mo_9                        -0.0283      0.019     -1.523      0.128      -0.065       0.008
mo_10                       -0.0053      0.018     -0.291      0.771      -0.041       0.030
mo_11                       -0.0236      0.019     -1.258      0.209      -0.061       0.013
mo_12                       -0.0248      0.018     -1.366      0.172      -0.060       0.011
genre_Action                -0.0483      0.011     -4.591      0.000      -0.069      -0.028
genre_Adventure             -0.0058      0.011     -0.518      0.604      -0.028       0.016
genre_Animation             -0.0323      0.018     -1.797      0.072      -0.068       0.003
genre_Biography             -0.0949      0.014     -6.657      0.000      -0.123      -0.067
genre_Comedy                -0.0134      0.009     -1.437      0.151      -0.032       0.005
genre_Crime                 -0.0859      0.010     -8.368      0.000      -0.106      -0.066
genre_Drama                  0.0095      0.009      1.004      0.315      -0.009       0.028
genre_Family                 0.0672      0.015      4.603      0.000       0.039       0.096
genre_Fantasy                0.0049      0.013      0.384      0.701      -0.020       0.030
genre_History                0.0216      0.020      1.056      0.291      -0.018       0.062
genre_Horror                -0.0165      0.014     -1.175      0.240      -0.044       0.011
genre_Music                  0.1027      0.019      5.389      0.000       0.065       0.140
genre_Musical                0.3149      0.043      7.276      0.000       0.230       0.400
genre_Mystery               -0.0609      0.013     -4.826      0.000      -0.086      -0.036
genre_News               -5.768e-18   4.02e-18     -1.434      0.152   -1.37e-17    2.12e-18
genre_Romance               -0.0269      0.010     -2.642      0.008      -0.047      -0.007
genre_Sci_Fi                -0.0130      0.014     -0.958      0.338      -0.040       0.014
genre_Short               -5.19e-18   3.92e-18     -1.324      0.186   -1.29e-17    2.49e-18
genre_Sport                 -0.0419      0.021     -2.018      0.044      -0.083      -0.001
genre_Thriller              -0.0735      0.011     -6.880      0.000      -0.094      -0.053
genre_War                    0.0224      0.029      0.770      0.441      -0.035       0.079
genre_Western               -0.0363      0.052     -0.706      0.480      -0.137       0.065
==============================================================================
Omnibus:                     1654.759   Durbin-Watson:                   2.006
Prob(Omnibus):                  0.000   Jarque-Bera (JB):            13509.846
Skew:                           1.756   Prob(JB):                         0.00
Kurtosis:                      11.275   Cond. No.                     1.02e+16
==============================================================================

Notes:
[1] Standard Errors assume that the covariance matrix of the errors is correctly specified.
[2] The smallest eigenvalue is 6.27e-27. This might indicate that there are
strong multicollinearity problems or that the design matrix is singular.