                            OLS Regression Results                            
==============================================================================
Dep. Variable:              sd_pooled   R-squared:                       0.560
Model:                            OLS   Adj. R-squared:                  0.553
Method:                 Least Squares   F-statistic:                     78.46
Date:                Tue, 31 Mar 2026   Prob (F-statistic):               0.00
Time:                        15:55:24   Log-Likelihood:                 523.83
No. Observations:                4012   AIC:                            -917.7
Df Residuals:                    3947   BIC:                            -508.4
Df Model:                          64                                         
Covariance Type:            nonrobust                                         
============================================================================================
                               coef    std err          t      P>|t|      [0.025      0.975]
--------------------------------------------------------------------------------------------
const                        3.3936      0.048     70.092      0.000       3.299       3.489
FLead                        0.0454      0.008      5.622      0.000       0.030       0.061
mean_pooled                 -0.2327      0.004    -52.617      0.000      -0.241      -0.224
kim_violence_gore            0.0037      0.002      1.916      0.055   -8.42e-05       0.007
kim_sex_nudity               0.0130      0.002      6.492      0.000       0.009       0.017
kim_language                -0.0137      0.002     -7.315      0.000      -0.017      -0.010
major                       -0.0401      0.008     -4.968      0.000      -0.056      -0.024
log_bom_opening_theaters     0.0058      0.002      3.280      0.001       0.002       0.009
genres_count                -0.0063      0.007     -0.931      0.352      -0.020       0.007
yr_1993                      0.0006      0.034      0.016      0.987      -0.067       0.068
yr_1994                      0.0010      0.035      0.028      0.977      -0.068       0.070
yr_1995                      0.0488      0.035      1.404      0.160      -0.019       0.117
yr_1996                      0.0136      0.034      0.400      0.689      -0.053       0.080
yr_1997                      0.0188      0.035      0.542      0.588      -0.049       0.087
yr_1998                      0.0624      0.034      1.861      0.063      -0.003       0.128
yr_1999                      0.0666      0.033      2.043      0.041       0.003       0.131
yr_2000                     -0.0045      0.034     -0.132      0.895      -0.070       0.061
yr_2001                      0.0663      0.033      2.010      0.044       0.002       0.131
yr_2002                      0.0220      0.032      0.676      0.499      -0.042       0.086
yr_2003                      0.0070      0.033      0.213      0.831      -0.057       0.071
yr_2004                      0.0696      0.032      2.144      0.032       0.006       0.133
yr_2005                      0.0574      0.032      1.785      0.074      -0.006       0.121
yr_2006                      0.1079      0.032      3.379      0.001       0.045       0.171
yr_2007                      0.1208      0.032      3.794      0.000       0.058       0.183
yr_2008                      0.0615      0.032      1.918      0.055      -0.001       0.124
yr_2009                      0.0415      0.032      1.279      0.201      -0.022       0.105
yr_2010                      0.0370      0.032      1.144      0.253      -0.026       0.100
yr_2011                      0.0380      0.032      1.195      0.232      -0.024       0.100
yr_2012                      0.0229      0.032      0.723      0.470      -0.039       0.085
yr_2013                      0.0157      0.032      0.492      0.623      -0.047       0.078
yr_2014                      0.0450      0.032      1.396      0.163      -0.018       0.108
yr_2015                     -0.0276      0.032     -0.860      0.390      -0.090       0.035
yr_2016                     -0.0292      0.032     -0.906      0.365      -0.093       0.034
yr_2017                      0.0257      0.033      0.789      0.430      -0.038       0.090
yr_2018                      0.0215      0.033      0.657      0.511      -0.043       0.086
mo_2                         0.0082      0.019      0.420      0.674      -0.030       0.046
mo_3                        -0.0041      0.019     -0.219      0.827      -0.040       0.032
mo_4                         0.0020      0.019      0.107      0.915      -0.035       0.039
mo_5                        -0.0124      0.020     -0.628      0.530      -0.051       0.026
mo_6                        -0.0258      0.019     -1.322      0.186      -0.064       0.012
mo_7                        -0.0243      0.019     -1.283      0.200      -0.061       0.013
mo_8                        -0.0260      0.018     -1.425      0.154      -0.062       0.010
mo_9                        -0.0281      0.019     -1.511      0.131      -0.065       0.008
mo_10                       -0.0052      0.018     -0.286      0.775      -0.041       0.031
mo_11                       -0.0240      0.019     -1.279      0.201      -0.061       0.013
mo_12                       -0.0249      0.018     -1.371      0.171      -0.061       0.011
genre_Action                -0.0466      0.010     -4.465      0.000      -0.067      -0.026
genre_Adventure             -0.0048      0.011     -0.426      0.670      -0.027       0.017
genre_Animation             -0.0349      0.018     -1.943      0.052      -0.070       0.000
genre_Biography             -0.0957      0.014     -6.722      0.000      -0.124      -0.068
genre_Comedy                -0.0170      0.009     -1.886      0.059      -0.035       0.001
genre_Crime                 -0.0842      0.010     -8.243      0.000      -0.104      -0.064
genre_Drama                  0.0084      0.009      0.891      0.373      -0.010       0.027
genre_Family                 0.0647      0.015      4.454      0.000       0.036       0.093
genre_Fantasy                0.0054      0.013      0.429      0.668      -0.019       0.030
genre_History                0.0237      0.020      1.159      0.247      -0.016       0.064
genre_Horror                -0.0137      0.014     -0.988      0.323      -0.041       0.013
genre_Music                  0.1002      0.019      5.279      0.000       0.063       0.137
genre_Musical                0.3118      0.043      7.207      0.000       0.227       0.397
genre_Mystery               -0.0600      0.013     -4.758      0.000      -0.085      -0.035
genre_News                6.489e-18   6.21e-18      1.044      0.296    -5.7e-18    1.87e-17
genre_Romance               -0.0307      0.010     -3.088      0.002      -0.050      -0.011
genre_Sci_Fi                -0.0119      0.014     -0.874      0.382      -0.039       0.015
genre_Short               9.718e-19   1.28e-18      0.757      0.449   -1.54e-18    3.49e-18
genre_Sport                 -0.0428      0.021     -2.066      0.039      -0.083      -0.002
genre_Thriller              -0.0727      0.011     -6.818      0.000      -0.094      -0.052
genre_War                    0.0262      0.029      0.905      0.366      -0.031       0.083
genre_Western               -0.0318      0.051     -0.617      0.537      -0.133       0.069
==============================================================================
Omnibus:                     1667.763   Durbin-Watson:                   2.005
Prob(Omnibus):                  0.000   Jarque-Bera (JB):            13869.841
Skew:                           1.766   Prob(JB):                         0.00
Kurtosis:                      11.396   Cond. No.                     1.02e+16
==============================================================================

Notes:
[1] Standard Errors assume that the covariance matrix of the errors is correctly specified.
[2] The smallest eigenvalue is 6.38e-27. This might indicate that there are
strong multicollinearity problems or that the design matrix is singular.