                            OLS Regression Results                            
==============================================================================
Dep. Variable:              sd_pooled   R-squared:                       0.560
Model:                            OLS   Adj. R-squared:                  0.553
Method:                 Least Squares   F-statistic:                     78.48
Date:                Sun, 29 Mar 2026   Prob (F-statistic):               0.00
Time:                        15:20:18   Log-Likelihood:                 524.08
No. Observations:                4012   AIC:                            -918.2
Df Residuals:                    3947   BIC:                            -508.8
Df Model:                          64                                         
Covariance Type:            nonrobust                                         
============================================================================================
                               coef    std err          t      P>|t|      [0.025      0.975]
--------------------------------------------------------------------------------------------
const                        3.3890      0.048     69.953      0.000       3.294       3.484
FLead                        0.0453      0.008      5.617      0.000       0.029       0.061
mean_pooled                 -0.2323      0.004    -52.710      0.000      -0.241      -0.224
kim_violence_gore            0.0039      0.002      2.037      0.042       0.000       0.008
kim_sex_nudity               0.0130      0.002      6.476      0.000       0.009       0.017
kim_language                -0.0138      0.002     -7.348      0.000      -0.017      -0.010
major                       -0.0408      0.008     -5.068      0.000      -0.057      -0.025
log_bom_opening_theaters     0.0060      0.002      3.375      0.001       0.003       0.009
genres_count                -0.0067      0.007     -0.987      0.324      -0.020       0.007
yr_1993                      0.0025      0.034      0.074      0.941      -0.065       0.070
yr_1994                      0.0028      0.035      0.078      0.938      -0.066       0.072
yr_1995                      0.0512      0.035      1.474      0.140      -0.017       0.119
yr_1996                      0.0154      0.034      0.451      0.652      -0.051       0.082
yr_1997                      0.0202      0.035      0.582      0.560      -0.048       0.088
yr_1998                      0.0648      0.034      1.934      0.053      -0.001       0.131
yr_1999                      0.0680      0.033      2.085      0.037       0.004       0.132
yr_2000                     -0.0016      0.034     -0.049      0.961      -0.068       0.064
yr_2001                      0.0681      0.033      2.067      0.039       0.003       0.133
yr_2002                      0.0243      0.032      0.748      0.455      -0.039       0.088
yr_2003                      0.0074      0.033      0.228      0.820      -0.057       0.072
yr_2004                      0.0702      0.032      2.163      0.031       0.007       0.134
yr_2005                      0.0595      0.032      1.850      0.064      -0.004       0.123
yr_2006                      0.1097      0.032      3.438      0.001       0.047       0.172
yr_2007                      0.1218      0.032      3.831      0.000       0.059       0.184
yr_2008                      0.0625      0.032      1.949      0.051      -0.000       0.125
yr_2009                      0.0430      0.032      1.324      0.186      -0.021       0.107
yr_2010                      0.0380      0.032      1.175      0.240      -0.025       0.101
yr_2011                      0.0400      0.032      1.259      0.208      -0.022       0.102
yr_2012                      0.0246      0.032      0.777      0.437      -0.037       0.087
yr_2013                      0.0176      0.032      0.551      0.581      -0.045       0.080
yr_2014                      0.0464      0.032      1.438      0.150      -0.017       0.110
yr_2015                     -0.0260      0.032     -0.812      0.417      -0.089       0.037
yr_2016                     -0.0276      0.032     -0.857      0.392      -0.091       0.036
yr_2017                      0.0275      0.033      0.843      0.399      -0.036       0.091
yr_2018                      0.0231      0.033      0.707      0.480      -0.041       0.087
mo_2                         0.0074      0.019      0.381      0.703      -0.031       0.046
mo_3                        -0.0040      0.019     -0.217      0.828      -0.040       0.032
mo_4                         0.0019      0.019      0.102      0.919      -0.035       0.039
mo_5                        -0.0125      0.020     -0.634      0.526      -0.051       0.026
mo_6                        -0.0264      0.019     -1.354      0.176      -0.065       0.012
mo_7                        -0.0247      0.019     -1.305      0.192      -0.062       0.012
mo_8                        -0.0266      0.018     -1.455      0.146      -0.062       0.009
mo_9                        -0.0291      0.019     -1.565      0.118      -0.066       0.007
mo_10                       -0.0057      0.018     -0.312      0.755      -0.042       0.030
mo_11                       -0.0241      0.019     -1.281      0.200      -0.061       0.013
mo_12                       -0.0250      0.018     -1.377      0.169      -0.061       0.011
genre_Action                -0.0463      0.010     -4.443      0.000      -0.067      -0.026
genre_Adventure             -0.0046      0.011     -0.411      0.681      -0.027       0.017
genre_Animation             -0.0354      0.018     -1.972      0.049      -0.070      -0.000
genre_Biography             -0.0961      0.014     -6.751      0.000      -0.124      -0.068
genre_Comedy                -0.0165      0.009     -1.832      0.067      -0.034       0.001
genre_Crime                 -0.0840      0.010     -8.233      0.000      -0.104      -0.064
genre_Drama                  0.0088      0.009      0.930      0.352      -0.010       0.027
genre_Family                 0.0648      0.015      4.464      0.000       0.036       0.093
genre_Fantasy                0.0062      0.013      0.487      0.626      -0.019       0.031
genre_History                0.0240      0.020      1.173      0.241      -0.016       0.064
genre_Horror                -0.0146      0.014     -1.051      0.293      -0.042       0.013
genre_Music                  0.0999      0.019      5.267      0.000       0.063       0.137
genre_Musical                0.3104      0.043      7.177      0.000       0.226       0.395
genre_Mystery               -0.0590      0.013     -4.681      0.000      -0.084      -0.034
genre_News               -8.565e-18   7.01e-18     -1.222      0.222   -2.23e-17    5.17e-18
genre_Romance               -0.0294      0.010     -2.934      0.003      -0.049      -0.010
genre_Sci_Fi                -0.0117      0.014     -0.862      0.389      -0.038       0.015
genre_Short               2.871e-18   3.21e-18      0.894      0.372   -3.43e-18    9.17e-18
genre_Sport                 -0.0425      0.021     -2.049      0.041      -0.083      -0.002
genre_Thriller              -0.0730      0.011     -6.843      0.000      -0.094      -0.052
genre_War                    0.0262      0.029      0.905      0.366      -0.031       0.083
genre_Western               -0.0338      0.051     -0.657      0.511      -0.135       0.067
==============================================================================
Omnibus:                     1660.082   Durbin-Watson:                   2.005
Prob(Omnibus):                  0.000   Jarque-Bera (JB):            13596.132
Skew:                           1.762   Prob(JB):                         0.00
Kurtosis:                      11.302   Cond. No.                     1.02e+16
==============================================================================

Notes:
[1] Standard Errors assume that the covariance matrix of the errors is correctly specified.
[2] The smallest eigenvalue is 6.38e-27. This might indicate that there are
strong multicollinearity problems or that the design matrix is singular.