                            OLS Regression Results                            
==============================================================================
Dep. Variable:              sd_pooled   R-squared:                       0.561
Model:                            OLS   Adj. R-squared:                  0.553
Method:                 Least Squares   F-statistic:                     78.66
Date:                Sun, 29 Mar 2026   Prob (F-statistic):               0.00
Time:                        15:09:44   Log-Likelihood:                 526.67
No. Observations:                4012   AIC:                            -923.3
Df Residuals:                    3947   BIC:                            -514.0
Df Model:                          64                                         
Covariance Type:            nonrobust                                         
============================================================================================
                               coef    std err          t      P>|t|      [0.025      0.975]
--------------------------------------------------------------------------------------------
const                        3.3860      0.048     69.914      0.000       3.291       3.481
FLead                        0.0456      0.008      5.669      0.000       0.030       0.061
mean_pooled                 -0.2327      0.004    -52.794      0.000      -0.241      -0.224
kim_violence_gore            0.0072      0.002      3.043      0.002       0.003       0.012
kim_sex_nudity               0.0125      0.002      6.205      0.000       0.009       0.016
kim_language                -0.0143      0.002     -7.591      0.000      -0.018      -0.011
major                       -0.0402      0.008     -4.989      0.000      -0.056      -0.024
log_bom_opening_theaters     0.0059      0.002      3.338      0.001       0.002       0.009
genres_count                -0.0078      0.007     -1.146      0.252      -0.021       0.006
yr_1993                     -0.0028      0.034     -0.080      0.936      -0.070       0.065
yr_1994                     -0.0022      0.035     -0.061      0.951      -0.071       0.067
yr_1995                      0.0461      0.035      1.327      0.185      -0.022       0.114
yr_1996                      0.0108      0.034      0.317      0.751      -0.056       0.078
yr_1997                      0.0154      0.035      0.442      0.659      -0.053       0.083
yr_1998                      0.0596      0.034      1.779      0.075      -0.006       0.125
yr_1999                      0.0633      0.033      1.941      0.052      -0.001       0.127
yr_2000                     -0.0062      0.034     -0.184      0.854      -0.072       0.060
yr_2001                      0.0614      0.033      1.858      0.063      -0.003       0.126
yr_2002                      0.0191      0.032      0.587      0.558      -0.045       0.083
yr_2003                      0.0022      0.033      0.067      0.947      -0.062       0.066
yr_2004                      0.0651      0.032      2.003      0.045       0.001       0.129
yr_2005                      0.0520      0.032      1.613      0.107      -0.011       0.115
yr_2006                      0.1027      0.032      3.212      0.001       0.040       0.165
yr_2007                      0.1151      0.032      3.609      0.000       0.053       0.178
yr_2008                      0.0566      0.032      1.761      0.078      -0.006       0.120
yr_2009                      0.0365      0.033      1.122      0.262      -0.027       0.100
yr_2010                      0.0310      0.032      0.957      0.339      -0.033       0.095
yr_2011                      0.0335      0.032      1.051      0.293      -0.029       0.096
yr_2012                      0.0183      0.032      0.576      0.564      -0.044       0.080
yr_2013                      0.0114      0.032      0.358      0.721      -0.051       0.074
yr_2014                      0.0420      0.032      1.303      0.193      -0.021       0.105
yr_2015                     -0.0306      0.032     -0.956      0.339      -0.093       0.032
yr_2016                     -0.0326      0.032     -1.011      0.312      -0.096       0.031
yr_2017                      0.0222      0.033      0.680      0.496      -0.042       0.086
yr_2018                      0.0175      0.033      0.533      0.594      -0.047       0.082
mo_2                         0.0069      0.019      0.353      0.724      -0.031       0.045
mo_3                        -0.0056      0.019     -0.304      0.762      -0.042       0.031
mo_4                         0.0003      0.019      0.014      0.989      -0.036       0.037
mo_5                        -0.0126      0.020     -0.638      0.524      -0.051       0.026
mo_6                        -0.0264      0.019     -1.356      0.175      -0.065       0.012
mo_7                        -0.0245      0.019     -1.291      0.197      -0.062       0.013
mo_8                        -0.0271      0.018     -1.481      0.139      -0.063       0.009
mo_9                        -0.0287      0.019     -1.543      0.123      -0.065       0.008
mo_10                       -0.0071      0.018     -0.388      0.698      -0.043       0.029
mo_11                       -0.0251      0.019     -1.335      0.182      -0.062       0.012
mo_12                       -0.0259      0.018     -1.425      0.154      -0.061       0.010
genre_Action                -0.0501      0.011     -4.751      0.000      -0.071      -0.029
genre_Adventure             -0.0055      0.011     -0.488      0.625      -0.028       0.017
genre_Animation             -0.0317      0.018     -1.766      0.078      -0.067       0.004
genre_Biography             -0.0942      0.014     -6.614      0.000      -0.122      -0.066
genre_Comedy                -0.0108      0.009     -1.159      0.247      -0.029       0.007
genre_Crime                 -0.0863      0.010     -8.425      0.000      -0.106      -0.066
genre_Drama                  0.0111      0.010      1.167      0.243      -0.008       0.030
genre_Family                 0.0680      0.015      4.666      0.000       0.039       0.097
genre_Fantasy                0.0047      0.013      0.369      0.712      -0.020       0.029
genre_History                0.0204      0.020      0.998      0.318      -0.020       0.060
genre_Horror                -0.0226      0.014     -1.577      0.115      -0.051       0.005
genre_Music                  0.1047      0.019      5.493      0.000       0.067       0.142
genre_Musical                0.3149      0.043      7.281      0.000       0.230       0.400
genre_Mystery               -0.0590      0.013     -4.685      0.000      -0.084      -0.034
genre_News                4.586e-18   7.92e-18      0.579      0.563   -1.09e-17    2.01e-17
genre_Romance               -0.0249      0.010     -2.442      0.015      -0.045      -0.005
genre_Sci_Fi                -0.0124      0.014     -0.912      0.362      -0.039       0.014
genre_Short               -1.69e-18   5.58e-18     -0.303      0.762   -1.26e-17    9.25e-18
genre_Sport                 -0.0411      0.021     -1.981      0.048      -0.082      -0.000
genre_Thriller              -0.0733      0.011     -6.870      0.000      -0.094      -0.052
genre_War                    0.0211      0.029      0.725      0.469      -0.036       0.078
genre_Western               -0.0407      0.052     -0.791      0.429      -0.142       0.060
==============================================================================
Omnibus:                     1650.282   Durbin-Watson:                   2.007
Prob(Omnibus):                  0.000   Jarque-Bera (JB):            13410.523
Skew:                           1.752   Prob(JB):                         0.00
Kurtosis:                      11.243   Cond. No.                     1.02e+16
==============================================================================

Notes:
[1] Standard Errors assume that the covariance matrix of the errors is correctly specified.
[2] The smallest eigenvalue is 6.39e-27. This might indicate that there are
strong multicollinearity problems or that the design matrix is singular.