                            OLS Regression Results                            
==============================================================================
Dep. Variable:              sd_pooled   R-squared:                       0.560
Model:                            OLS   Adj. R-squared:                  0.552
Method:                 Least Squares   F-statistic:                     78.37
Date:                Tue, 31 Mar 2026   Prob (F-statistic):               0.00
Time:                        22:49:49   Log-Likelihood:                 522.54
No. Observations:                4012   AIC:                            -915.1
Df Residuals:                    3947   BIC:                            -505.8
Df Model:                          64                                         
Covariance Type:            nonrobust                                         
============================================================================================
                               coef    std err          t      P>|t|      [0.025      0.975]
--------------------------------------------------------------------------------------------
const                        3.3882      0.049     69.691      0.000       3.293       3.484
FLead                        0.0446      0.008      5.535      0.000       0.029       0.060
mean_pooled                 -0.2319      0.004    -52.659      0.000      -0.241      -0.223
kim_violence_gore            0.0025      0.002      1.061      0.289      -0.002       0.007
kim_sex_nudity               0.0134      0.002      6.730      0.000       0.010       0.017
kim_language                -0.0132      0.002     -7.148      0.000      -0.017      -0.010
major                       -0.0411      0.008     -5.109      0.000      -0.057      -0.025
log_bom_opening_theaters     0.0062      0.002      3.486      0.000       0.003       0.010
genres_count                -0.0051      0.007     -0.755      0.450      -0.018       0.008
yr_1993                      0.0010      0.035      0.029      0.977      -0.067       0.069
yr_1994                      0.0018      0.035      0.052      0.958      -0.067       0.071
yr_1995                      0.0502      0.035      1.444      0.149      -0.018       0.118
yr_1996                      0.0148      0.034      0.433      0.665      -0.052       0.082
yr_1997                      0.0199      0.035      0.573      0.566      -0.048       0.088
yr_1998                      0.0623      0.034      1.858      0.063      -0.003       0.128
yr_1999                      0.0677      0.033      2.074      0.038       0.004       0.132
yr_2000                     -0.0037      0.034     -0.110      0.912      -0.070       0.062
yr_2001                      0.0660      0.033      1.998      0.046       0.001       0.131
yr_2002                      0.0220      0.033      0.677      0.499      -0.042       0.086
yr_2003                      0.0064      0.033      0.197      0.844      -0.058       0.071
yr_2004                      0.0699      0.032      2.150      0.032       0.006       0.134
yr_2005                      0.0571      0.032      1.773      0.076      -0.006       0.120
yr_2006                      0.1083      0.032      3.384      0.001       0.046       0.171
yr_2007                      0.1213      0.032      3.804      0.000       0.059       0.184
yr_2008                      0.0617      0.032      1.919      0.055      -0.001       0.125
yr_2009                      0.0413      0.033      1.269      0.204      -0.022       0.105
yr_2010                      0.0373      0.032      1.152      0.250      -0.026       0.101
yr_2011                      0.0386      0.032      1.212      0.226      -0.024       0.101
yr_2012                      0.0238      0.032      0.752      0.452      -0.038       0.086
yr_2013                      0.0153      0.032      0.480      0.631      -0.047       0.078
yr_2014                      0.0452      0.032      1.399      0.162      -0.018       0.108
yr_2015                     -0.0284      0.032     -0.884      0.377      -0.091       0.035
yr_2016                     -0.0299      0.032     -0.923      0.356      -0.093       0.034
yr_2017                      0.0250      0.033      0.766      0.444      -0.039       0.089
yr_2018                      0.0204      0.033      0.623      0.533      -0.044       0.085
mo_2                         0.0074      0.020      0.382      0.703      -0.031       0.046
mo_3                        -0.0042      0.019     -0.225      0.822      -0.041       0.032
mo_4                         0.0019      0.019      0.100      0.920      -0.035       0.039
mo_5                        -0.0127      0.020     -0.643      0.520      -0.051       0.026
mo_6                        -0.0265      0.020     -1.358      0.175      -0.065       0.012
mo_7                        -0.0245      0.019     -1.293      0.196      -0.062       0.013
mo_8                        -0.0262      0.018     -1.431      0.152      -0.062       0.010
mo_9                        -0.0290      0.019     -1.558      0.119      -0.065       0.007
mo_10                       -0.0059      0.018     -0.321      0.748      -0.042       0.030
mo_11                       -0.0242      0.019     -1.286      0.199      -0.061       0.013
mo_12                       -0.0250      0.018     -1.376      0.169      -0.061       0.011
genre_Action                -0.0455      0.010     -4.361      0.000      -0.066      -0.025
genre_Adventure             -0.0049      0.011     -0.434      0.664      -0.027       0.017
genre_Animation             -0.0352      0.018     -1.962      0.050      -0.070   -2.18e-05
genre_Biography             -0.0963      0.014     -6.765      0.000      -0.124      -0.068
genre_Comedy                -0.0180      0.009     -1.999      0.046      -0.036      -0.000
genre_Crime                 -0.0843      0.010     -8.209      0.000      -0.104      -0.064
genre_Drama                  0.0082      0.009      0.863      0.388      -0.010       0.027
genre_Family                 0.0649      0.015      4.451      0.000       0.036       0.093
genre_Fantasy                0.0053      0.013      0.414      0.679      -0.020       0.030
genre_History                0.0238      0.020      1.163      0.245      -0.016       0.064
genre_Horror                -0.0108      0.014     -0.787      0.432      -0.038       0.016
genre_Music                  0.0994      0.019      5.225      0.000       0.062       0.137
genre_Musical                0.3115      0.043      7.199      0.000       0.227       0.396
genre_Mystery               -0.0605      0.013     -4.790      0.000      -0.085      -0.036
genre_News                2.404e-17   5.12e-18      4.691      0.000     1.4e-17    3.41e-17
genre_Romance               -0.0309      0.010     -3.081      0.002      -0.051      -0.011
genre_Sci_Fi                -0.0121      0.014     -0.888      0.375      -0.039       0.015
genre_Short              -7.081e-18   7.05e-18     -1.004      0.315   -2.09e-17    6.74e-18
genre_Sport                 -0.0434      0.021     -2.091      0.037      -0.084      -0.003
genre_Thriller              -0.0727      0.011     -6.808      0.000      -0.094      -0.052
genre_War                    0.0286      0.029      0.986      0.324      -0.028       0.085
genre_Western               -0.0320      0.051     -0.622      0.534      -0.133       0.069
==============================================================================
Omnibus:                     1659.877   Durbin-Watson:                   2.004
Prob(Omnibus):                  0.000   Jarque-Bera (JB):            13675.882
Skew:                           1.759   Prob(JB):                         0.00
Kurtosis:                      11.332   Cond. No.                     1.02e+16
==============================================================================

Notes:
[1] Standard Errors assume that the covariance matrix of the errors is correctly specified.
[2] The smallest eigenvalue is 6.11e-27. This might indicate that there are
strong multicollinearity problems or that the design matrix is singular.