                            OLS Regression Results                            
==============================================================================
Dep. Variable:              sd_pooled   R-squared:                       0.561
Model:                            OLS   Adj. R-squared:                  0.554
Method:                 Least Squares   F-statistic:                     78.84
Date:                Tue, 31 Mar 2026   Prob (F-statistic):               0.00
Time:                        18:41:04   Log-Likelihood:                 529.33
No. Observations:                4012   AIC:                            -928.7
Df Residuals:                    3947   BIC:                            -519.4
Df Model:                          64                                         
Covariance Type:            nonrobust                                         
============================================================================================
                               coef    std err          t      P>|t|      [0.025      0.975]
--------------------------------------------------------------------------------------------
const                        3.3832      0.048     69.804      0.000       3.288       3.478
FLead                        0.0476      0.008      5.914      0.000       0.032       0.063
mean_pooled                 -0.2339      0.004    -53.057      0.000      -0.243      -0.225
kim_violence_gore            0.0127      0.003      4.973      0.000       0.008       0.018
kim_sex_nudity               0.0100      0.002      4.891      0.000       0.006       0.014
kim_language                -0.0143      0.002     -7.657      0.000      -0.018      -0.011
major                       -0.0395      0.008     -4.907      0.000      -0.055      -0.024
log_bom_opening_theaters     0.0054      0.002      3.056      0.002       0.002       0.009
genres_count                -0.0102      0.007     -1.509      0.131      -0.024       0.003
yr_1993                     -0.0074      0.034     -0.216      0.829      -0.075       0.060
yr_1994                     -0.0022      0.035     -0.063      0.950      -0.071       0.067
yr_1995                      0.0438      0.035      1.262      0.207      -0.024       0.112
yr_1996                      0.0076      0.034      0.224      0.823      -0.059       0.074
yr_1997                      0.0112      0.035      0.323      0.747      -0.057       0.079
yr_1998                      0.0589      0.033      1.760      0.078      -0.007       0.125
yr_1999                      0.0608      0.033      1.864      0.062      -0.003       0.125
yr_2000                     -0.0075      0.034     -0.223      0.824      -0.073       0.058
yr_2001                      0.0578      0.033      1.750      0.080      -0.007       0.123
yr_2002                      0.0172      0.032      0.530      0.596      -0.046       0.081
yr_2003                      0.0018      0.033      0.055      0.956      -0.062       0.066
yr_2004                      0.0628      0.032      1.934      0.053      -0.001       0.126
yr_2005                      0.0497      0.032      1.544      0.123      -0.013       0.113
yr_2006                      0.0981      0.032      3.064      0.002       0.035       0.161
yr_2007                      0.1126      0.032      3.533      0.000       0.050       0.175
yr_2008                      0.0542      0.032      1.689      0.091      -0.009       0.117
yr_2009                      0.0343      0.032      1.057      0.291      -0.029       0.098
yr_2010                      0.0291      0.032      0.898      0.369      -0.034       0.093
yr_2011                      0.0318      0.032      0.999      0.318      -0.031       0.094
yr_2012                      0.0163      0.032      0.515      0.606      -0.046       0.078
yr_2013                      0.0087      0.032      0.271      0.786      -0.054       0.071
yr_2014                      0.0411      0.032      1.276      0.202      -0.022       0.104
yr_2015                     -0.0301      0.032     -0.939      0.348      -0.093       0.033
yr_2016                     -0.0351      0.032     -1.087      0.277      -0.098       0.028
yr_2017                      0.0219      0.033      0.672      0.502      -0.042       0.086
yr_2018                      0.0151      0.033      0.461      0.645      -0.049       0.079
mo_2                         0.0077      0.019      0.397      0.692      -0.030       0.046
mo_3                        -0.0040      0.019     -0.218      0.828      -0.040       0.032
mo_4                         0.0005      0.019      0.027      0.978      -0.036       0.037
mo_5                        -0.0121      0.020     -0.614      0.539      -0.051       0.027
mo_6                        -0.0252      0.019     -1.296      0.195      -0.063       0.013
mo_7                        -0.0233      0.019     -1.229      0.219      -0.060       0.014
mo_8                        -0.0247      0.018     -1.353      0.176      -0.060       0.011
mo_9                        -0.0274      0.019     -1.474      0.141      -0.064       0.009
mo_10                       -0.0070      0.018     -0.385      0.700      -0.043       0.029
mo_11                       -0.0241      0.019     -1.282      0.200      -0.061       0.013
mo_12                       -0.0260      0.018     -1.431      0.153      -0.062       0.010
genre_Action                -0.0563      0.011     -5.304      0.000      -0.077      -0.035
genre_Adventure             -0.0068      0.011     -0.607      0.544      -0.029       0.015
genre_Animation             -0.0280      0.018     -1.557      0.120      -0.063       0.007
genre_Biography             -0.0916      0.014     -6.434      0.000      -0.120      -0.064
genre_Comedy                -0.0023      0.010     -0.237      0.812      -0.021       0.016
genre_Crime                 -0.0884      0.010     -8.624      0.000      -0.109      -0.068
genre_Drama                  0.0137      0.010      1.434      0.152      -0.005       0.032
genre_Family                 0.0690      0.015      4.736      0.000       0.040       0.098
genre_Fantasy                0.0044      0.013      0.346      0.729      -0.020       0.029
genre_History                0.0181      0.020      0.886      0.376      -0.022       0.058
genre_Horror                -0.0354      0.015     -2.421      0.016      -0.064      -0.007
genre_Music                  0.1131      0.019      5.911      0.000       0.076       0.151
genre_Musical                0.3205      0.043      7.415      0.000       0.236       0.405
genre_Mystery               -0.0588      0.013     -4.671      0.000      -0.084      -0.034
genre_News                3.192e-18   1.14e-17      0.279      0.780   -1.92e-17    2.56e-17
genre_Romance               -0.0164      0.010     -1.593      0.111      -0.037       0.004
genre_Sci_Fi                -0.0129      0.014     -0.949      0.343      -0.039       0.014
genre_Short              -8.347e-19   2.72e-18     -0.307      0.759   -6.16e-18    4.49e-18
genre_Sport                 -0.0379      0.021     -1.829      0.067      -0.079       0.003
genre_Thriller              -0.0744      0.011     -6.981      0.000      -0.095      -0.054
genre_War                    0.0093      0.029      0.318      0.750      -0.048       0.067
genre_Western               -0.0489      0.052     -0.949      0.343      -0.150       0.052
==============================================================================
Omnibus:                     1645.545   Durbin-Watson:                   2.005
Prob(Omnibus):                  0.000   Jarque-Bera (JB):            13260.678
Skew:                           1.748   Prob(JB):                         0.00
Kurtosis:                      11.191   Cond. No.                     1.02e+16
==============================================================================

Notes:
[1] Standard Errors assume that the covariance matrix of the errors is correctly specified.
[2] The smallest eigenvalue is 6.39e-27. This might indicate that there are
strong multicollinearity problems or that the design matrix is singular.