                            OLS Regression Results                            
==============================================================================
Dep. Variable:              sd_pooled   R-squared:                       0.561
Model:                            OLS   Adj. R-squared:                  0.554
Method:                 Least Squares   F-statistic:                     78.88
Date:                Tue, 31 Mar 2026   Prob (F-statistic):               0.00
Time:                        19:22:28   Log-Likelihood:                 529.83
No. Observations:                4012   AIC:                            -929.7
Df Residuals:                    3947   BIC:                            -520.4
Df Model:                          64                                         
Covariance Type:            nonrobust                                         
============================================================================================
                               coef    std err          t      P>|t|      [0.025      0.975]
--------------------------------------------------------------------------------------------
const                        3.3815      0.048     69.734      0.000       3.286       3.477
FLead                        0.0477      0.008      5.939      0.000       0.032       0.063
mean_pooled                 -0.2341      0.004    -53.147      0.000      -0.243      -0.225
kim_violence_gore            0.0131      0.003      5.195      0.000       0.008       0.018
kim_sex_nudity               0.0097      0.002      4.992      0.000       0.006       0.013
kim_language                -0.0144      0.002     -7.717      0.000      -0.018      -0.011
major                       -0.0389      0.008     -4.830      0.000      -0.055      -0.023
log_bom_opening_theaters     0.0054      0.002      3.070      0.002       0.002       0.009
genres_count                -0.0109      0.007     -1.617      0.106      -0.024       0.002
yr_1993                     -0.0058      0.034     -0.167      0.867      -0.073       0.062
yr_1994                     -0.0031      0.035     -0.087      0.930      -0.072       0.066
yr_1995                      0.0431      0.035      1.240      0.215      -0.025       0.111
yr_1996                      0.0075      0.034      0.221      0.825      -0.059       0.074
yr_1997                      0.0115      0.035      0.331      0.741      -0.057       0.080
yr_1998                      0.0587      0.033      1.752      0.080      -0.007       0.124
yr_1999                      0.0606      0.033      1.859      0.063      -0.003       0.125
yr_2000                     -0.0062      0.034     -0.186      0.853      -0.072       0.060
yr_2001                      0.0579      0.033      1.753      0.080      -0.007       0.123
yr_2002                      0.0183      0.032      0.564      0.572      -0.045       0.082
yr_2003                      0.0041      0.033      0.127      0.899      -0.060       0.068
yr_2004                      0.0657      0.032      2.027      0.043       0.002       0.129
yr_2005                      0.0515      0.032      1.599      0.110      -0.012       0.115
yr_2006                      0.1016      0.032      3.179      0.001       0.039       0.164
yr_2007                      0.1130      0.032      3.546      0.000       0.051       0.175
yr_2008                      0.0552      0.032      1.720      0.085      -0.008       0.118
yr_2009                      0.0355      0.032      1.093      0.274      -0.028       0.099
yr_2010                      0.0289      0.032      0.892      0.373      -0.035       0.092
yr_2011                      0.0330      0.032      1.039      0.299      -0.029       0.095
yr_2012                      0.0185      0.032      0.585      0.559      -0.044       0.081
yr_2013                      0.0101      0.032      0.316      0.752      -0.052       0.073
yr_2014                      0.0410      0.032      1.272      0.203      -0.022       0.104
yr_2015                     -0.0289      0.032     -0.903      0.367      -0.092       0.034
yr_2016                     -0.0345      0.032     -1.070      0.285      -0.098       0.029
yr_2017                      0.0222      0.033      0.680      0.496      -0.042       0.086
yr_2018                      0.0148      0.033      0.452      0.652      -0.049       0.079
mo_2                         0.0107      0.019      0.550      0.583      -0.027       0.049
mo_3                        -0.0018      0.019     -0.098      0.922      -0.038       0.035
mo_4                         0.0032      0.019      0.172      0.864      -0.033       0.040
mo_5                        -0.0096      0.020     -0.487      0.626      -0.048       0.029
mo_6                        -0.0235      0.019     -1.206      0.228      -0.062       0.015
mo_7                        -0.0207      0.019     -1.096      0.273      -0.058       0.016
mo_8                        -0.0239      0.018     -1.311      0.190      -0.060       0.012
mo_9                        -0.0249      0.019     -1.340      0.180      -0.061       0.012
mo_10                       -0.0054      0.018     -0.294      0.768      -0.041       0.030
mo_11                       -0.0210      0.019     -1.122      0.262      -0.058       0.016
mo_12                       -0.0235      0.018     -1.295      0.195      -0.059       0.012
genre_Action                -0.0579      0.011     -5.468      0.000      -0.079      -0.037
genre_Adventure             -0.0055      0.011     -0.491      0.624      -0.028       0.017
genre_Animation             -0.0284      0.018     -1.578      0.115      -0.064       0.007
genre_Biography             -0.0901      0.014     -6.333      0.000      -0.118      -0.062
genre_Comedy                -0.0013      0.010     -0.137      0.891      -0.020       0.017
genre_Crime                 -0.0884      0.010     -8.628      0.000      -0.109      -0.068
genre_Drama                  0.0139      0.010      1.460      0.144      -0.005       0.033
genre_Family                 0.0689      0.015      4.734      0.000       0.040       0.097
genre_Fantasy                0.0061      0.013      0.483      0.629      -0.019       0.031
genre_History                0.0174      0.020      0.853      0.394      -0.023       0.057
genre_Horror                -0.0373      0.015     -2.559      0.011      -0.066      -0.009
genre_Music                  0.1137      0.019      5.946      0.000       0.076       0.151
genre_Musical                0.3209      0.043      7.427      0.000       0.236       0.406
genre_Mystery               -0.0579      0.013     -4.598      0.000      -0.083      -0.033
genre_News                8.266e-19   3.87e-18      0.214      0.831   -6.76e-18    8.41e-18
genre_Romance               -0.0135      0.010     -1.323      0.186      -0.033       0.006
genre_Sci_Fi                -0.0126      0.014     -0.927      0.354      -0.039       0.014
genre_Short              -3.441e-19   4.64e-18     -0.074      0.941   -9.44e-18    8.75e-18
genre_Sport                 -0.0383      0.021     -1.847      0.065      -0.079       0.002
genre_Thriller              -0.0743      0.011     -6.972      0.000      -0.095      -0.053
genre_War                    0.0062      0.029      0.212      0.832      -0.051       0.063
genre_Western               -0.0526      0.051     -1.023      0.307      -0.154       0.048
==============================================================================
Omnibus:                     1640.783   Durbin-Watson:                   2.004
Prob(Omnibus):                  0.000   Jarque-Bera (JB):            13165.983
Skew:                           1.744   Prob(JB):                         0.00
Kurtosis:                      11.161   Cond. No.                     1.02e+16
==============================================================================

Notes:
[1] Standard Errors assume that the covariance matrix of the errors is correctly specified.
[2] The smallest eigenvalue is 6.38e-27. This might indicate that there are
strong multicollinearity problems or that the design matrix is singular.