                            OLS Regression Results                            
==============================================================================
Dep. Variable:              sd_pooled   R-squared:                       0.562
Model:                            OLS   Adj. R-squared:                  0.555
Method:                 Least Squares   F-statistic:                     78.43
Date:                Tue, 31 Mar 2026   Prob (F-statistic):               0.00
Time:                        20:43:27   Log-Likelihood:                 521.61
No. Observations:                3972   AIC:                            -913.2
Df Residuals:                    3907   BIC:                            -504.6
Df Model:                          64                                         
Covariance Type:            nonrobust                                         
============================================================================================
                               coef    std err          t      P>|t|      [0.025      0.975]
--------------------------------------------------------------------------------------------
const                        3.3853      0.049     69.635      0.000       3.290       3.481
FLead                        0.0477      0.008      5.903      0.000       0.032       0.064
mean_pooled                 -0.2340      0.004    -52.715      0.000      -0.243      -0.225
kim_violence_gore            0.0119      0.003      4.609      0.000       0.007       0.017
kim_sex_nudity               0.0112      0.002      5.464      0.000       0.007       0.015
kim_language                -0.0148      0.002     -7.815      0.000      -0.018      -0.011
major                       -0.0400      0.008     -4.933      0.000      -0.056      -0.024
log_bom_opening_theaters     0.0056      0.002      3.146      0.002       0.002       0.009
genres_count                -0.0106      0.007     -1.556      0.120      -0.024       0.003
yr_1993                     -0.0012      0.035     -0.035      0.972      -0.069       0.067
yr_1994                     -0.0031      0.035     -0.088      0.930      -0.072       0.066
yr_1995                      0.0457      0.035      1.312      0.189      -0.023       0.114
yr_1996                      0.0084      0.034      0.247      0.805      -0.058       0.075
yr_1997                      0.0117      0.035      0.335      0.738      -0.057       0.080
yr_1998                      0.0570      0.034      1.698      0.090      -0.009       0.123
yr_1999                      0.0607      0.033      1.854      0.064      -0.003       0.125
yr_2000                     -0.0075      0.034     -0.224      0.823      -0.074       0.059
yr_2001                      0.0564      0.033      1.705      0.088      -0.008       0.121
yr_2002                      0.0171      0.033      0.525      0.599      -0.047       0.081
yr_2003                      0.0003      0.033      0.010      0.992      -0.064       0.065
yr_2004                      0.0616      0.033      1.893      0.058      -0.002       0.125
yr_2005                      0.0494      0.032      1.531      0.126      -0.014       0.113
yr_2006                      0.0970      0.032      3.020      0.003       0.034       0.160
yr_2007                      0.1111      0.032      3.479      0.001       0.048       0.174
yr_2008                      0.0537      0.032      1.670      0.095      -0.009       0.117
yr_2009                      0.0275      0.033      0.843      0.399      -0.036       0.091
yr_2010                      0.0249      0.032      0.767      0.443      -0.039       0.089
yr_2011                      0.0302      0.032      0.946      0.344      -0.032       0.093
yr_2012                      0.0131      0.032      0.412      0.681      -0.049       0.075
yr_2013                      0.0071      0.032      0.221      0.825      -0.056       0.070
yr_2014                      0.0398      0.032      1.234      0.217      -0.023       0.103
yr_2015                     -0.0306      0.032     -0.954      0.340      -0.093       0.032
yr_2016                     -0.0389      0.032     -1.205      0.228      -0.102       0.024
yr_2017                      0.0211      0.033      0.649      0.517      -0.043       0.085
yr_2018                      0.0151      0.033      0.462      0.644      -0.049       0.079
mo_2                         0.0079      0.020      0.404      0.686      -0.030       0.046
mo_3                        -0.0042      0.019     -0.226      0.822      -0.041       0.032
mo_4                        -0.0003      0.019     -0.016      0.987      -0.037       0.037
mo_5                        -0.0137      0.020     -0.689      0.491      -0.053       0.025
mo_6                        -0.0249      0.020     -1.276      0.202      -0.063       0.013
mo_7                        -0.0227      0.019     -1.194      0.232      -0.060       0.015
mo_8                        -0.0251      0.018     -1.368      0.171      -0.061       0.011
mo_9                        -0.0283      0.019     -1.517      0.129      -0.065       0.008
mo_10                       -0.0079      0.018     -0.429      0.668      -0.044       0.028
mo_11                       -0.0238      0.019     -1.264      0.206      -0.061       0.013
mo_12                       -0.0265      0.018     -1.457      0.145      -0.062       0.009
genre_Action                -0.0550      0.011     -5.137      0.000      -0.076      -0.034
genre_Adventure             -0.0057      0.011     -0.500      0.617      -0.028       0.017
genre_Animation             -0.0268      0.018     -1.487      0.137      -0.062       0.009
genre_Biography             -0.0929      0.014     -6.504      0.000      -0.121      -0.065
genre_Comedy                -0.0029      0.010     -0.301      0.764      -0.022       0.016
genre_Crime                 -0.0878      0.010     -8.501      0.000      -0.108      -0.068
genre_Drama                  0.0150      0.010      1.566      0.117      -0.004       0.034
genre_Family                 0.0710      0.015      4.849      0.000       0.042       0.100
genre_Fantasy                0.0057      0.013      0.443      0.658      -0.019       0.031
genre_History                0.0152      0.021      0.740      0.459      -0.025       0.055
genre_Horror                -0.0321      0.015     -2.171      0.030      -0.061      -0.003
genre_Music                  0.1119      0.019      5.836      0.000       0.074       0.149
genre_Musical                0.3189      0.043      7.372      0.000       0.234       0.404
genre_Mystery               -0.0583      0.013     -4.590      0.000      -0.083      -0.033
genre_News                3.559e-18   4.08e-18      0.873      0.383   -4.43e-18    1.15e-17
genre_Romance               -0.0182      0.010     -1.751      0.080      -0.039       0.002
genre_Sci_Fi                -0.0122      0.014     -0.891      0.373      -0.039       0.015
genre_Short              -9.314e-19   9.66e-19     -0.964      0.335   -2.83e-18    9.62e-19
genre_Sport                 -0.0367      0.021     -1.769      0.077      -0.077       0.004
genre_Thriller              -0.0750      0.011     -6.977      0.000      -0.096      -0.054
genre_War                    0.0071      0.029      0.240      0.810      -0.051       0.065
genre_Western               -0.0518      0.053     -0.973      0.330      -0.156       0.053
==============================================================================
Omnibus:                     1635.089   Durbin-Watson:                   1.999
Prob(Omnibus):                  0.000   Jarque-Bera (JB):            13312.000
Skew:                           1.752   Prob(JB):                         0.00
Kurtosis:                      11.255   Cond. No.                     1.02e+16
==============================================================================

Notes:
[1] Standard Errors assume that the covariance matrix of the errors is correctly specified.
[2] The smallest eigenvalue is 6.3e-27. This might indicate that there are
strong multicollinearity problems or that the design matrix is singular.