                            OLS Regression Results                            
==============================================================================
Dep. Variable:              sd_pooled   R-squared:                       0.561
Model:                            OLS   Adj. R-squared:                  0.554
Method:                 Least Squares   F-statistic:                     78.85
Date:                Tue, 31 Mar 2026   Prob (F-statistic):               0.00
Time:                        20:38:31   Log-Likelihood:                 529.48
No. Observations:                4012   AIC:                            -929.0
Df Residuals:                    3947   BIC:                            -519.6
Df Model:                          64                                         
Covariance Type:            nonrobust                                         
============================================================================================
                               coef    std err          t      P>|t|      [0.025      0.975]
--------------------------------------------------------------------------------------------
const                        3.4078      0.048     70.714      0.000       3.313       3.502
FLead                        0.0466      0.008      5.790      0.000       0.031       0.062
mean_pooled                 -0.2348      0.004    -52.729      0.000      -0.244      -0.226
kim_violence_gore            0.0124      0.003      4.836      0.000       0.007       0.017
kim_sex_nudity               0.0112      0.002      5.527      0.000       0.007       0.015
kim_language                -0.0150      0.002     -7.977      0.000      -0.019      -0.011
major                       -0.0341      0.008     -4.260      0.000      -0.050      -0.018
log_bom_opening_theaters     0.0023      0.002      1.394      0.163      -0.001       0.006
genres_count                -0.0087      0.007     -1.288      0.198      -0.022       0.005
yr_1993                     -0.0077      0.034     -0.223      0.824      -0.075       0.060
yr_1994                     -0.0057      0.035     -0.163      0.871      -0.075       0.063
yr_1995                      0.0420      0.035      1.209      0.227      -0.026       0.110
yr_1996                      0.0066      0.034      0.194      0.847      -0.060       0.073
yr_1997                      0.0122      0.035      0.352      0.725      -0.056       0.080
yr_1998                      0.0572      0.033      1.707      0.088      -0.008       0.123
yr_1999                      0.0581      0.033      1.783      0.075      -0.006       0.122
yr_2000                     -0.0086      0.034     -0.257      0.797      -0.075       0.057
yr_2001                      0.0545      0.033      1.651      0.099      -0.010       0.119
yr_2002                      0.0151      0.032      0.466      0.641      -0.049       0.079
yr_2003                     -0.0015      0.033     -0.045      0.964      -0.066       0.063
yr_2004                      0.0606      0.032      1.866      0.062      -0.003       0.124
yr_2005                      0.0460      0.032      1.428      0.153      -0.017       0.109
yr_2006                      0.0954      0.032      2.983      0.003       0.033       0.158
yr_2007                      0.1101      0.032      3.455      0.001       0.048       0.173
yr_2008                      0.0523      0.032      1.628      0.104      -0.011       0.115
yr_2009                      0.0310      0.033      0.953      0.341      -0.033       0.095
yr_2010                      0.0254      0.032      0.784      0.433      -0.038       0.089
yr_2011                      0.0283      0.032      0.889      0.374      -0.034       0.091
yr_2012                      0.0121      0.032      0.383      0.702      -0.050       0.074
yr_2013                      0.0039      0.032      0.123      0.902      -0.059       0.066
yr_2014                      0.0373      0.032      1.156      0.248      -0.026       0.100
yr_2015                     -0.0336      0.032     -1.051      0.293      -0.096       0.029
yr_2016                     -0.0363      0.032     -1.126      0.260      -0.100       0.027
yr_2017                      0.0206      0.033      0.632      0.527      -0.043       0.084
yr_2018                      0.0148      0.033      0.452      0.651      -0.049       0.079
mo_2                         0.0089      0.019      0.456      0.649      -0.029       0.047
mo_3                        -0.0054      0.019     -0.292      0.770      -0.042       0.031
mo_4                        -0.0006      0.019     -0.032      0.975      -0.037       0.036
mo_5                        -0.0148      0.020     -0.748      0.455      -0.053       0.024
mo_6                        -0.0271      0.019     -1.391      0.164      -0.065       0.011
mo_7                        -0.0254      0.019     -1.343      0.179      -0.062       0.012
mo_8                        -0.0261      0.018     -1.430      0.153      -0.062       0.010
mo_9                        -0.0283      0.019     -1.525      0.127      -0.065       0.008
mo_10                       -0.0087      0.018     -0.477      0.634      -0.044       0.027
mo_11                       -0.0256      0.019     -1.363      0.173      -0.062       0.011
mo_12                       -0.0323      0.018     -1.793      0.073      -0.068       0.003
genre_Action                -0.0535      0.011     -5.047      0.000      -0.074      -0.033
genre_Adventure             -0.0051      0.011     -0.455      0.649      -0.027       0.017
genre_Animation             -0.0276      0.018     -1.533      0.125      -0.063       0.008
genre_Biography             -0.0958      0.014     -6.754      0.000      -0.124      -0.068
genre_Comedy                -0.0031      0.010     -0.320      0.749      -0.022       0.016
genre_Crime                 -0.0882      0.010     -8.600      0.000      -0.108      -0.068
genre_Drama                  0.0097      0.009      1.027      0.305      -0.009       0.028
genre_Family                 0.0719      0.015      4.933      0.000       0.043       0.100
genre_Fantasy                0.0049      0.013      0.388      0.698      -0.020       0.030
genre_History                0.0171      0.020      0.838      0.402      -0.023       0.057
genre_Horror                -0.0334      0.015     -2.286      0.022      -0.062      -0.005
genre_Music                  0.1111      0.019      5.803      0.000       0.074       0.149
genre_Musical                0.3205      0.043      7.415      0.000       0.236       0.405
genre_Mystery               -0.0587      0.013     -4.664      0.000      -0.083      -0.034
genre_News                1.198e-17   2.01e-17      0.596      0.551   -2.74e-17    5.14e-17
genre_Romance               -0.0181      0.010     -1.756      0.079      -0.038       0.002
genre_Sci_Fi                -0.0121      0.014     -0.893      0.372      -0.039       0.014
genre_Short              -1.297e-18   2.28e-17     -0.057      0.955    -4.6e-17    4.34e-17
genre_Sport                 -0.0338      0.021     -1.634      0.102      -0.074       0.007
genre_Thriller              -0.0739      0.011     -6.932      0.000      -0.095      -0.053
genre_War                    0.0072      0.029      0.245      0.806      -0.050       0.064
genre_Western               -0.0478      0.052     -0.927      0.354      -0.149       0.053
==============================================================================
Omnibus:                     1669.709   Durbin-Watson:                   2.007
Prob(Omnibus):                  0.000   Jarque-Bera (JB):            13846.619
Skew:                           1.770   Prob(JB):                         0.00
Kurtosis:                      11.385   Cond. No.                     1.02e+16
==============================================================================

Notes:
[1] Standard Errors assume that the covariance matrix of the errors is correctly specified.
[2] The smallest eigenvalue is 6.34e-27. This might indicate that there are
strong multicollinearity problems or that the design matrix is singular.