                            OLS Regression Results                            
==============================================================================
Dep. Variable:              sd_pooled   R-squared:                       0.562
Model:                            OLS   Adj. R-squared:                  0.555
Method:                 Least Squares   F-statistic:                     79.03
Date:                Sun, 29 Mar 2026   Prob (F-statistic):               0.00
Time:                        15:32:12   Log-Likelihood:                 531.97
No. Observations:                4012   AIC:                            -933.9
Df Residuals:                    3947   BIC:                            -524.6
Df Model:                          64                                         
Covariance Type:            nonrobust                                         
============================================================================================
                               coef    std err          t      P>|t|      [0.025      0.975]
--------------------------------------------------------------------------------------------
const                        3.3814      0.048     69.877      0.000       3.287       3.476
FLead                        0.0473      0.008      5.885      0.000       0.032       0.063
mean_pooled                 -0.2339      0.004    -53.123      0.000      -0.243      -0.225
kim_violence_gore            0.0126      0.003      4.964      0.000       0.008       0.018
kim_sex_nudity               0.0107      0.002      5.399      0.000       0.007       0.015
kim_language                -0.0147      0.002     -7.856      0.000      -0.018      -0.011
major                       -0.0397      0.008     -4.938      0.000      -0.055      -0.024
log_bom_opening_theaters     0.0054      0.002      3.051      0.002       0.002       0.009
genres_count                -0.0100      0.007     -1.484      0.138      -0.023       0.003
yr_1993                     -0.0045      0.034     -0.129      0.897      -0.072       0.063
yr_1994                     -0.0016      0.035     -0.044      0.965      -0.071       0.067
yr_1995                      0.0454      0.035      1.309      0.191      -0.023       0.113
yr_1996                      0.0091      0.034      0.268      0.789      -0.058       0.076
yr_1997                      0.0137      0.035      0.396      0.692      -0.054       0.082
yr_1998                      0.0602      0.033      1.799      0.072      -0.005       0.126
yr_1999                      0.0619      0.033      1.900      0.058      -0.002       0.126
yr_2000                     -0.0052      0.034     -0.155      0.877      -0.071       0.061
yr_2001                      0.0580      0.033      1.758      0.079      -0.007       0.123
yr_2002                      0.0179      0.032      0.551      0.582      -0.046       0.081
yr_2003                      0.0026      0.033      0.080      0.936      -0.061       0.067
yr_2004                      0.0641      0.032      1.978      0.048       0.001       0.128
yr_2005                      0.0501      0.032      1.556      0.120      -0.013       0.113
yr_2006                      0.1002      0.032      3.138      0.002       0.038       0.163
yr_2007                      0.1137      0.032      3.572      0.000       0.051       0.176
yr_2008                      0.0545      0.032      1.702      0.089      -0.008       0.117
yr_2009                      0.0344      0.032      1.060      0.289      -0.029       0.098
yr_2010                      0.0281      0.032      0.868      0.385      -0.035       0.092
yr_2011                      0.0326      0.032      1.026      0.305      -0.030       0.095
yr_2012                      0.0173      0.032      0.546      0.585      -0.045       0.079
yr_2013                      0.0093      0.032      0.292      0.770      -0.053       0.072
yr_2014                      0.0417      0.032      1.295      0.195      -0.021       0.105
yr_2015                     -0.0302      0.032     -0.944      0.345      -0.093       0.033
yr_2016                     -0.0352      0.032     -1.093      0.275      -0.098       0.028
yr_2017                      0.0236      0.033      0.725      0.468      -0.040       0.087
yr_2018                      0.0161      0.033      0.493      0.622      -0.048       0.080
mo_2                         0.0078      0.019      0.403      0.687      -0.030       0.046
mo_3                        -0.0038      0.019     -0.207      0.836      -0.040       0.032
mo_4                         0.0007      0.019      0.036      0.971      -0.036       0.037
mo_5                        -0.0124      0.020     -0.629      0.530      -0.051       0.026
mo_6                        -0.0258      0.019     -1.327      0.185      -0.064       0.012
mo_7                        -0.0236      0.019     -1.250      0.211      -0.061       0.013
mo_8                        -0.0254      0.018     -1.395      0.163      -0.061       0.010
mo_9                        -0.0282      0.019     -1.517      0.129      -0.065       0.008
mo_10                       -0.0071      0.018     -0.390      0.697      -0.043       0.029
mo_11                       -0.0240      0.019     -1.279      0.201      -0.061       0.013
mo_12                       -0.0267      0.018     -1.474      0.141      -0.062       0.009
genre_Action                -0.0562      0.011     -5.304      0.000      -0.077      -0.035
genre_Adventure             -0.0054      0.011     -0.484      0.629      -0.027       0.017
genre_Animation             -0.0285      0.018     -1.587      0.113      -0.064       0.007
genre_Biography             -0.0915      0.014     -6.427      0.000      -0.119      -0.064
genre_Comedy                -0.0025      0.010     -0.259      0.796      -0.021       0.016
genre_Crime                 -0.0890      0.010     -8.683      0.000      -0.109      -0.069
genre_Drama                  0.0134      0.010      1.411      0.158      -0.005       0.032
genre_Family                 0.0697      0.015      4.793      0.000       0.041       0.098
genre_Fantasy                0.0047      0.013      0.371      0.710      -0.020       0.029
genre_History                0.0185      0.020      0.905      0.366      -0.022       0.058
genre_Horror                -0.0358      0.015     -2.457      0.014      -0.064      -0.007
genre_Music                  0.1131      0.019      5.916      0.000       0.076       0.151
genre_Musical                0.3195      0.043      7.398      0.000       0.235       0.404
genre_Mystery               -0.0589      0.013     -4.681      0.000      -0.084      -0.034
genre_News               -1.689e-18   1.32e-17     -0.128      0.898   -2.76e-17    2.42e-17
genre_Romance               -0.0167      0.010     -1.627      0.104      -0.037       0.003
genre_Sci_Fi                -0.0129      0.014     -0.952      0.341      -0.040       0.014
genre_Short               1.332e-18   2.11e-18      0.632      0.527    -2.8e-18    5.46e-18
genre_Sport                 -0.0370      0.021     -1.785      0.074      -0.078       0.004
genre_Thriller              -0.0746      0.011     -7.002      0.000      -0.095      -0.054
genre_War                    0.0094      0.029      0.322      0.747      -0.048       0.067
genre_Western               -0.0495      0.051     -0.961      0.337      -0.150       0.051
==============================================================================
Omnibus:                     1644.493   Durbin-Watson:                   2.007
Prob(Omnibus):                  0.000   Jarque-Bera (JB):            13283.245
Skew:                           1.746   Prob(JB):                         0.00
Kurtosis:                      11.201   Cond. No.                     1.02e+16
==============================================================================

Notes:
[1] Standard Errors assume that the covariance matrix of the errors is correctly specified.
[2] The smallest eigenvalue is 6.39e-27. This might indicate that there are
strong multicollinearity problems or that the design matrix is singular.