                            OLS Regression Results                            
==============================================================================
Dep. Variable:              sd_pooled   R-squared:                       0.560
Model:                            OLS   Adj. R-squared:                  0.552
Method:                 Least Squares   F-statistic:                     78.35
Date:                Tue, 31 Mar 2026   Prob (F-statistic):               0.00
Time:                        20:18:40   Log-Likelihood:                 522.27
No. Observations:                4012   AIC:                            -914.5
Df Residuals:                    3947   BIC:                            -505.2
Df Model:                          64                                         
Covariance Type:            nonrobust                                         
============================================================================================
                               coef    std err          t      P>|t|      [0.025      0.975]
--------------------------------------------------------------------------------------------
const                        3.3915      0.048     69.986      0.000       3.297       3.487
FLead                        0.0442      0.008      5.493      0.000       0.028       0.060
mean_pooled                 -0.2320      0.004    -52.641      0.000      -0.241      -0.223
kim_violence_gore            0.0015      0.002      0.764      0.445      -0.002       0.005
kim_sex_nudity               0.0135      0.002      6.758      0.000       0.010       0.017
kim_language                -0.0133      0.002     -7.048      0.000      -0.017      -0.010
major                       -0.0411      0.008     -5.103      0.000      -0.057      -0.025
log_bom_opening_theaters     0.0061      0.002      3.433      0.001       0.003       0.010
genres_count                -0.0049      0.007     -0.729      0.466      -0.018       0.008
yr_1993                      0.0018      0.034      0.053      0.958      -0.066       0.069
yr_1994                      0.0021      0.035      0.059      0.953      -0.067       0.071
yr_1995                      0.0505      0.035      1.452      0.147      -0.018       0.119
yr_1996                      0.0148      0.034      0.435      0.663      -0.052       0.082
yr_1997                      0.0203      0.035      0.585      0.558      -0.048       0.088
yr_1998                      0.0626      0.034      1.867      0.062      -0.003       0.128
yr_1999                      0.0680      0.033      2.082      0.037       0.004       0.132
yr_2000                     -0.0034      0.034     -0.101      0.920      -0.069       0.063
yr_2001                      0.0675      0.033      2.046      0.041       0.003       0.132
yr_2002                      0.0229      0.033      0.705      0.481      -0.041       0.087
yr_2003                      0.0070      0.033      0.215      0.830      -0.057       0.071
yr_2004                      0.0710      0.032      2.187      0.029       0.007       0.135
yr_2005                      0.0584      0.032      1.814      0.070      -0.005       0.122
yr_2006                      0.1095      0.032      3.427      0.001       0.047       0.172
yr_2007                      0.1226      0.032      3.852      0.000       0.060       0.185
yr_2008                      0.0631      0.032      1.967      0.049       0.000       0.126
yr_2009                      0.0422      0.033      1.298      0.194      -0.022       0.106
yr_2010                      0.0379      0.032      1.171      0.242      -0.026       0.101
yr_2011                      0.0400      0.032      1.256      0.209      -0.022       0.102
yr_2012                      0.0248      0.032      0.782      0.434      -0.037       0.087
yr_2013                      0.0168      0.032      0.527      0.598      -0.046       0.079
yr_2014                      0.0455      0.032      1.409      0.159      -0.018       0.109
yr_2015                     -0.0273      0.032     -0.850      0.395      -0.090       0.036
yr_2016                     -0.0285      0.032     -0.882      0.378      -0.092       0.035
yr_2017                      0.0263      0.033      0.807      0.420      -0.038       0.090
yr_2018                      0.0217      0.033      0.664      0.507      -0.042       0.086
mo_2                         0.0075      0.020      0.386      0.699      -0.031       0.046
mo_3                        -0.0047      0.019     -0.252      0.801      -0.041       0.032
mo_4                         0.0018      0.019      0.098      0.922      -0.035       0.039
mo_5                        -0.0133      0.020     -0.670      0.503      -0.052       0.026
mo_6                        -0.0265      0.020     -1.358      0.175      -0.065       0.012
mo_7                        -0.0245      0.019     -1.293      0.196      -0.062       0.013
mo_8                        -0.0265      0.018     -1.449      0.147      -0.062       0.009
mo_9                        -0.0292      0.019     -1.571      0.116      -0.066       0.007
mo_10                       -0.0059      0.018     -0.321      0.748      -0.042       0.030
mo_11                       -0.0242      0.019     -1.287      0.198      -0.061       0.013
mo_12                       -0.0254      0.018     -1.397      0.163      -0.061       0.010
genre_Action                -0.0452      0.010     -4.333      0.000      -0.066      -0.025
genre_Adventure             -0.0043      0.011     -0.382      0.703      -0.026       0.018
genre_Animation             -0.0363      0.018     -2.022      0.043      -0.071      -0.001
genre_Biography             -0.0963      0.014     -6.762      0.000      -0.124      -0.068
genre_Comedy                -0.0185      0.009     -2.047      0.041      -0.036      -0.001
genre_Crime                 -0.0833      0.010     -8.165      0.000      -0.103      -0.063
genre_Drama                  0.0081      0.009      0.853      0.394      -0.010       0.027
genre_Family                 0.0641      0.015      4.409      0.000       0.036       0.093
genre_Fantasy                0.0060      0.013      0.470      0.639      -0.019       0.031
genre_History                0.0238      0.020      1.164      0.244      -0.016       0.064
genre_Horror                -0.0115      0.014     -0.824      0.410      -0.039       0.016
genre_Music                  0.0984      0.019      5.186      0.000       0.061       0.136
genre_Musical                0.3104      0.043      7.173      0.000       0.226       0.395
genre_Mystery               -0.0595      0.013     -4.715      0.000      -0.084      -0.035
genre_News               -2.725e-18   1.13e-17     -0.241      0.810   -2.49e-17    1.95e-17
genre_Romance               -0.0316      0.010     -3.172      0.002      -0.051      -0.012
genre_Sci_Fi                -0.0114      0.014     -0.838      0.402      -0.038       0.015
genre_Short               6.065e-19   3.09e-18      0.196      0.844   -5.44e-18    6.66e-18
genre_Sport                 -0.0431      0.021     -2.080      0.038      -0.084      -0.002
genre_Thriller              -0.0726      0.011     -6.798      0.000      -0.094      -0.052
genre_War                    0.0287      0.029      0.990      0.322      -0.028       0.086
genre_Western               -0.0308      0.051     -0.598      0.550      -0.132       0.070
==============================================================================
Omnibus:                     1662.452   Durbin-Watson:                   2.006
Prob(Omnibus):                  0.000   Jarque-Bera (JB):            13711.022
Skew:                           1.762   Prob(JB):                         0.00
Kurtosis:                      11.342   Cond. No.                     1.02e+16
==============================================================================

Notes:
[1] Standard Errors assume that the covariance matrix of the errors is correctly specified.
[2] The smallest eigenvalue is 6.38e-27. This might indicate that there are
strong multicollinearity problems or that the design matrix is singular.