                            OLS Regression Results                            
==============================================================================
Dep. Variable:              sd_pooled   R-squared:                       0.562
Model:                            OLS   Adj. R-squared:                  0.555
Method:                 Least Squares   F-statistic:                     79.11
Date:                Tue, 31 Mar 2026   Prob (F-statistic):               0.00
Time:                        22:39:04   Log-Likelihood:                 533.18
No. Observations:                4012   AIC:                            -936.4
Df Residuals:                    3947   BIC:                            -527.1
Df Model:                          64                                         
Covariance Type:            nonrobust                                         
============================================================================================
                               coef    std err          t      P>|t|      [0.025      0.975]
--------------------------------------------------------------------------------------------
const                        3.3823      0.048     70.107      0.000       3.288       3.477
FLead                        0.0469      0.008      5.831      0.000       0.031       0.063
mean_pooled                 -0.2332      0.004    -52.543      0.000      -0.242      -0.224
kim_violence_gore            0.0122      0.003      4.782      0.000       0.007       0.017
kim_sex_nudity               0.0115      0.002      5.665      0.000       0.008       0.015
kim_language                -0.0150      0.002     -7.999      0.000      -0.019      -0.011
major                       -0.0394      0.008     -4.891      0.000      -0.055      -0.024
log_bom_opening_theaters     0.0050      0.002      3.042      0.002       0.002       0.008
genres_count                -0.0093      0.007     -1.373      0.170      -0.023       0.004
yr_1993                     -0.0069      0.034     -0.200      0.842      -0.074       0.061
yr_1994                     -0.0027      0.035     -0.076      0.939      -0.072       0.066
yr_1995                      0.0432      0.035      1.245      0.213      -0.025       0.111
yr_1996                      0.0084      0.034      0.248      0.804      -0.058       0.075
yr_1997                      0.0133      0.035      0.384      0.701      -0.055       0.081
yr_1998                      0.0587      0.033      1.756      0.079      -0.007       0.124
yr_1999                      0.0596      0.033      1.830      0.067      -0.004       0.123
yr_2000                     -0.0085      0.034     -0.252      0.801      -0.074       0.057
yr_2001                      0.0554      0.033      1.679      0.093      -0.009       0.120
yr_2002                      0.0164      0.032      0.507      0.612      -0.047       0.080
yr_2003                     -0.0002      0.033     -0.005      0.996      -0.064       0.064
yr_2004                      0.0617      0.032      1.901      0.057      -0.002       0.125
yr_2005                      0.0482      0.032      1.499      0.134      -0.015       0.111
yr_2006                      0.0970      0.032      3.033      0.002       0.034       0.160
yr_2007                      0.1105      0.032      3.469      0.001       0.048       0.173
yr_2008                      0.0521      0.032      1.626      0.104      -0.011       0.115
yr_2009                      0.0321      0.032      0.988      0.323      -0.032       0.096
yr_2010                      0.0271      0.032      0.837      0.402      -0.036       0.091
yr_2011                      0.0294      0.032      0.925      0.355      -0.033       0.092
yr_2012                      0.0150      0.032      0.475      0.635      -0.047       0.077
yr_2013                      0.0073      0.032      0.229      0.819      -0.055       0.070
yr_2014                      0.0392      0.032      1.217      0.224      -0.024       0.102
yr_2015                     -0.0323      0.032     -1.009      0.313      -0.095       0.030
yr_2016                     -0.0357      0.032     -1.109      0.268      -0.099       0.027
yr_2017                      0.0211      0.033      0.649      0.516      -0.043       0.085
yr_2018                      0.0161      0.033      0.492      0.622      -0.048       0.080
mo_2                         0.0088      0.019      0.451      0.652      -0.029       0.047
mo_3                        -0.0043      0.019     -0.233      0.816      -0.041       0.032
mo_4                         0.0004      0.019      0.023      0.982      -0.036       0.037
mo_5                        -0.0134      0.020     -0.678      0.498      -0.052       0.025
mo_6                        -0.0254      0.019     -1.303      0.193      -0.063       0.013
mo_7                        -0.0237      0.019     -1.253      0.210      -0.061       0.013
mo_8                        -0.0251      0.018     -1.379      0.168      -0.061       0.011
mo_9                        -0.0275      0.019     -1.480      0.139      -0.064       0.009
mo_10                       -0.0071      0.018     -0.388      0.698      -0.043       0.029
mo_11                       -0.0250      0.019     -1.335      0.182      -0.062       0.012
mo_12                       -0.0279      0.018     -1.542      0.123      -0.063       0.008
genre_Action                -0.0551      0.011     -5.192      0.000      -0.076      -0.034
genre_Adventure             -0.0057      0.011     -0.505      0.614      -0.028       0.016
genre_Animation             -0.0276      0.018     -1.534      0.125      -0.063       0.008
genre_Biography             -0.0932      0.014     -6.560      0.000      -0.121      -0.065
genre_Comedy                -0.0039      0.010     -0.410      0.682      -0.023       0.015
genre_Crime                 -0.0893      0.010     -8.718      0.000      -0.109      -0.069
genre_Drama                  0.0124      0.009      1.310      0.190      -0.006       0.031
genre_Family                 0.0703      0.015      4.825      0.000       0.042       0.099
genre_Fantasy                0.0037      0.013      0.291      0.771      -0.021       0.028
genre_History                0.0174      0.020      0.853      0.394      -0.023       0.057
genre_Horror                -0.0338      0.015     -2.313      0.021      -0.062      -0.005
genre_Music                  0.1112      0.019      5.815      0.000       0.074       0.149
genre_Musical                0.3210      0.043      7.434      0.000       0.236       0.406
genre_Mystery               -0.0588      0.013     -4.677      0.000      -0.083      -0.034
genre_News               -7.168e-18   6.25e-18     -1.147      0.252   -1.94e-17    5.09e-18
genre_Romance               -0.0188      0.010     -1.828      0.068      -0.039       0.001
genre_Sci_Fi                -0.0130      0.014     -0.962      0.336      -0.040       0.014
genre_Short              -5.948e-18   7.47e-18     -0.796      0.426   -2.06e-17    8.71e-18
genre_Sport                 -0.0362      0.021     -1.751      0.080      -0.077       0.004
genre_Thriller              -0.0744      0.011     -6.983      0.000      -0.095      -0.053
genre_War                    0.0099      0.029      0.338      0.735      -0.047       0.067
genre_Western               -0.0454      0.051     -0.882      0.378      -0.146       0.055
==============================================================================
Omnibus:                     1645.855   Durbin-Watson:                   2.005
Prob(Omnibus):                  0.000   Jarque-Bera (JB):            13311.612
Skew:                           1.748   Prob(JB):                         0.00
Kurtosis:                      11.211   Cond. No.                     1.02e+16
==============================================================================

Notes:
[1] Standard Errors assume that the covariance matrix of the errors is correctly specified.
[2] The smallest eigenvalue is 6.29e-27. This might indicate that there are
strong multicollinearity problems or that the design matrix is singular.