                            OLS Regression Results                            
==============================================================================
Dep. Variable:              sd_pooled   R-squared:                       0.562
Model:                            OLS   Adj. R-squared:                  0.554
Method:                 Least Squares   F-statistic:                     78.98
Date:                Tue, 31 Mar 2026   Prob (F-statistic):               0.00
Time:                        20:57:51   Log-Likelihood:                 531.34
No. Observations:                4012   AIC:                            -932.7
Df Residuals:                    3947   BIC:                            -523.4
Df Model:                          64                                         
Covariance Type:            nonrobust                                         
============================================================================================
                               coef    std err          t      P>|t|      [0.025      0.975]
--------------------------------------------------------------------------------------------
const                        3.3781      0.048     69.790      0.000       3.283       3.473
FLead                        0.0468      0.008      5.821      0.000       0.031       0.063
mean_pooled                 -0.2337      0.004    -53.024      0.000      -0.242      -0.225
kim_violence_gore            0.0119      0.003      4.675      0.000       0.007       0.017
kim_sex_nudity               0.0113      0.002      5.570      0.000       0.007       0.015
kim_language                -0.0145      0.002     -7.707      0.000      -0.018      -0.011
major                       -0.0392      0.008     -4.880      0.000      -0.055      -0.023
log_bom_opening_theaters     0.0056      0.002      3.175      0.002       0.002       0.009
genres_count                -0.0091      0.007     -1.343      0.179      -0.022       0.004
yr_1993                     -0.0048      0.034     -0.138      0.890      -0.072       0.063
yr_1994                     -0.0018      0.035     -0.052      0.959      -0.071       0.067
yr_1995                      0.0444      0.035      1.279      0.201      -0.024       0.112
yr_1996                      0.0094      0.034      0.276      0.783      -0.057       0.076
yr_1997                      0.0136      0.035      0.393      0.695      -0.054       0.082
yr_1998                      0.0586      0.033      1.750      0.080      -0.007       0.124
yr_1999                      0.0608      0.033      1.865      0.062      -0.003       0.125
yr_2000                     -0.0090      0.034     -0.269      0.788      -0.075       0.057
yr_2001                      0.0555      0.033      1.680      0.093      -0.009       0.120
yr_2002                      0.0169      0.032      0.520      0.603      -0.047       0.081
yr_2003                      0.0004      0.033      0.011      0.991      -0.064       0.064
yr_2004                      0.0622      0.032      1.916      0.055      -0.001       0.126
yr_2005                      0.0491      0.032      1.524      0.127      -0.014       0.112
yr_2006                      0.0973      0.032      3.044      0.002       0.035       0.160
yr_2007                      0.1116      0.032      3.504      0.000       0.049       0.174
yr_2008                      0.0532      0.032      1.657      0.098      -0.010       0.116
yr_2009                      0.0323      0.032      0.994      0.320      -0.031       0.096
yr_2010                      0.0269      0.032      0.831      0.406      -0.037       0.090
yr_2011                      0.0306      0.032      0.963      0.336      -0.032       0.093
yr_2012                      0.0155      0.032      0.490      0.624      -0.047       0.078
yr_2013                      0.0080      0.032      0.252      0.801      -0.054       0.071
yr_2014                      0.0401      0.032      1.243      0.214      -0.023       0.103
yr_2015                     -0.0307      0.032     -0.961      0.337      -0.093       0.032
yr_2016                     -0.0353      0.032     -1.096      0.273      -0.099       0.028
yr_2017                      0.0212      0.033      0.650      0.515      -0.043       0.085
yr_2018                      0.0157      0.033      0.479      0.632      -0.048       0.080
mo_2                         0.0080      0.019      0.413      0.680      -0.030       0.046
mo_3                        -0.0050      0.019     -0.269      0.788      -0.041       0.031
mo_4                         0.0005      0.019      0.027      0.978      -0.036       0.037
mo_5                        -0.0123      0.020     -0.621      0.534      -0.051       0.026
mo_6                        -0.0253      0.019     -1.300      0.194      -0.063       0.013
mo_7                        -0.0230      0.019     -1.217      0.224      -0.060       0.014
mo_8                        -0.0252      0.018     -1.382      0.167      -0.061       0.011
mo_9                        -0.0280      0.019     -1.509      0.131      -0.064       0.008
mo_10                       -0.0069      0.018     -0.381      0.703      -0.043       0.029
mo_11                       -0.0245      0.019     -1.303      0.193      -0.061       0.012
mo_12                       -0.0260      0.018     -1.433      0.152      -0.062       0.010
genre_Action                -0.0552      0.011     -5.200      0.000      -0.076      -0.034
genre_Adventure             -0.0060      0.011     -0.537      0.591      -0.028       0.016
genre_Animation             -0.0272      0.018     -1.513      0.130      -0.062       0.008
genre_Biography             -0.0926      0.014     -6.505      0.000      -0.121      -0.065
genre_Comedy                -0.0041      0.010     -0.435      0.664      -0.023       0.015
genre_Crime                 -0.0900      0.010     -8.797      0.000      -0.110      -0.070
genre_Drama                  0.0134      0.010      1.413      0.158      -0.005       0.032
genre_Family                 0.0716      0.015      4.911      0.000       0.043       0.100
genre_Fantasy                0.0045      0.013      0.355      0.722      -0.020       0.029
genre_History                0.0190      0.020      0.932      0.351      -0.021       0.059
genre_Horror                -0.0339      0.015     -2.324      0.020      -0.063      -0.005
genre_Music                  0.1115      0.019      5.829      0.000       0.074       0.149
genre_Musical                0.3190      0.043      7.383      0.000       0.234       0.404
genre_Mystery               -0.0586      0.013     -4.658      0.000      -0.083      -0.034
genre_News                8.934e-18   4.07e-18      2.197      0.028    9.62e-19    1.69e-17
genre_Romance               -0.0184      0.010     -1.780      0.075      -0.039       0.002
genre_Sci_Fi                -0.0129      0.014     -0.952      0.341      -0.040       0.014
genre_Short              -1.327e-18   1.56e-18     -0.850      0.395   -4.39e-18    1.73e-18
genre_Sport                 -0.0379      0.021     -1.830      0.067      -0.079       0.003
genre_Thriller              -0.0744      0.011     -6.981      0.000      -0.095      -0.053
genre_War                    0.0102      0.029      0.349      0.727      -0.047       0.067
genre_Western               -0.0470      0.051     -0.912      0.362      -0.148       0.054
==============================================================================
Omnibus:                     1650.471   Durbin-Watson:                   2.005
Prob(Omnibus):                  0.000   Jarque-Bera (JB):            13394.707
Skew:                           1.752   Prob(JB):                         0.00
Kurtosis:                      11.237   Cond. No.                     1.02e+16
==============================================================================

Notes:
[1] Standard Errors assume that the covariance matrix of the errors is correctly specified.
[2] The smallest eigenvalue is 6.38e-27. This might indicate that there are
strong multicollinearity problems or that the design matrix is singular.