                            OLS Regression Results                            
==============================================================================
Dep. Variable:              sd_pooled   R-squared:                       0.562
Model:                            OLS   Adj. R-squared:                  0.555
Method:                 Least Squares   F-statistic:                     79.02
Date:                Tue, 31 Mar 2026   Prob (F-statistic):               0.00
Time:                        13:56:19   Log-Likelihood:                 531.87
No. Observations:                4012   AIC:                            -933.7
Df Residuals:                    3947   BIC:                            -524.4
Df Model:                          64                                         
Covariance Type:            nonrobust                                         
============================================================================================
                               coef    std err          t      P>|t|      [0.025      0.975]
--------------------------------------------------------------------------------------------
const                        3.3881      0.048     69.992      0.000       3.293       3.483
FLead                        0.0469      0.008      5.828      0.000       0.031       0.063
mean_pooled                 -0.2338      0.004    -52.843      0.000      -0.242      -0.225
kim_violence_gore            0.0122      0.003      4.793      0.000       0.007       0.017
kim_sex_nudity               0.0115      0.002      5.643      0.000       0.007       0.015
kim_language                -0.0150      0.002     -7.991      0.000      -0.019      -0.011
major                       -0.0379      0.008     -4.708      0.000      -0.054      -0.022
log_bom_opening_theaters     0.0045      0.002      2.581      0.010       0.001       0.008
genres_count                -0.0094      0.007     -1.380      0.168      -0.023       0.004
yr_1993                     -0.0064      0.034     -0.187      0.852      -0.074       0.061
yr_1994                     -0.0038      0.035     -0.107      0.915      -0.073       0.065
yr_1995                      0.0433      0.035      1.249      0.212      -0.025       0.111
yr_1996                      0.0081      0.034      0.238      0.812      -0.059       0.075
yr_1997                      0.0135      0.035      0.388      0.698      -0.055       0.081
yr_1998                      0.0590      0.033      1.764      0.078      -0.007       0.125
yr_1999                      0.0599      0.033      1.837      0.066      -0.004       0.124
yr_2000                     -0.0081      0.034     -0.241      0.810      -0.074       0.058
yr_2001                      0.0552      0.033      1.674      0.094      -0.009       0.120
yr_2002                      0.0160      0.032      0.492      0.623      -0.048       0.080
yr_2003                     -0.0005      0.033     -0.015      0.988      -0.065       0.064
yr_2004                      0.0610      0.032      1.880      0.060      -0.003       0.125
yr_2005                      0.0472      0.032      1.466      0.143      -0.016       0.110
yr_2006                      0.0970      0.032      3.034      0.002       0.034       0.160
yr_2007                      0.1106      0.032      3.473      0.001       0.048       0.173
yr_2008                      0.0516      0.032      1.609      0.108      -0.011       0.114
yr_2009                      0.0320      0.032      0.984      0.325      -0.032       0.096
yr_2010                      0.0265      0.032      0.817      0.414      -0.037       0.090
yr_2011                      0.0297      0.032      0.934      0.350      -0.033       0.092
yr_2012                      0.0140      0.032      0.441      0.659      -0.048       0.076
yr_2013                      0.0066      0.032      0.208      0.836      -0.056       0.069
yr_2014                      0.0396      0.032      1.229      0.219      -0.024       0.103
yr_2015                     -0.0320      0.032     -1.001      0.317      -0.095       0.031
yr_2016                     -0.0363      0.032     -1.125      0.261      -0.099       0.027
yr_2017                      0.0212      0.033      0.652      0.514      -0.043       0.085
yr_2018                      0.0147      0.033      0.450      0.653      -0.049       0.079
mo_2                         0.0078      0.019      0.403      0.687      -0.030       0.046
mo_3                        -0.0050      0.019     -0.269      0.788      -0.041       0.031
mo_4                         0.0002      0.019      0.011      0.991      -0.036       0.037
mo_5                        -0.0139      0.020     -0.707      0.480      -0.053       0.025
mo_6                        -0.0262      0.019     -1.344      0.179      -0.064       0.012
mo_7                        -0.0238      0.019     -1.259      0.208      -0.061       0.013
mo_8                        -0.0256      0.018     -1.404      0.160      -0.061       0.010
mo_9                        -0.0282      0.019     -1.520      0.129      -0.065       0.008
mo_10                       -0.0076      0.018     -0.418      0.676      -0.043       0.028
mo_11                       -0.0245      0.019     -1.306      0.192      -0.061       0.012
mo_12                       -0.0287      0.018     -1.585      0.113      -0.064       0.007
genre_Action                -0.0548      0.011     -5.164      0.000      -0.076      -0.034
genre_Adventure             -0.0057      0.011     -0.505      0.613      -0.028       0.016
genre_Animation             -0.0284      0.018     -1.582      0.114      -0.064       0.007
genre_Biography             -0.0936      0.014     -6.587      0.000      -0.121      -0.066
genre_Comedy                -0.0031      0.010     -0.328      0.743      -0.022       0.016
genre_Crime                 -0.0890      0.010     -8.681      0.000      -0.109      -0.069
genre_Drama                  0.0123      0.009      1.295      0.195      -0.006       0.031
genre_Family                 0.0713      0.015      4.894      0.000       0.043       0.100
genre_Fantasy                0.0045      0.013      0.355      0.723      -0.020       0.029
genre_History                0.0179      0.020      0.875      0.382      -0.022       0.058
genre_Horror                -0.0338      0.015     -2.316      0.021      -0.062      -0.005
genre_Music                  0.1117      0.019      5.841      0.000       0.074       0.149
genre_Musical                0.3214      0.043      7.440      0.000       0.237       0.406
genre_Mystery               -0.0583      0.013     -4.630      0.000      -0.083      -0.034
genre_News               -4.729e-18   6.65e-18     -0.711      0.477   -1.78e-17     8.3e-18
genre_Romance               -0.0185      0.010     -1.796      0.072      -0.039       0.002
genre_Sci_Fi                -0.0127      0.014     -0.933      0.351      -0.039       0.014
genre_Short              -1.348e-18   2.18e-18     -0.618      0.536   -5.62e-18    2.93e-18
genre_Sport                 -0.0365      0.021     -1.763      0.078      -0.077       0.004
genre_Thriller              -0.0738      0.011     -6.931      0.000      -0.095      -0.053
genre_War                    0.0083      0.029      0.284      0.777      -0.049       0.065
genre_Western               -0.0485      0.051     -0.941      0.347      -0.149       0.052
==============================================================================
Omnibus:                     1655.027   Durbin-Watson:                   2.006
Prob(Omnibus):                  0.000   Jarque-Bera (JB):            13494.999
Skew:                           1.757   Prob(JB):                         0.00
Kurtosis:                      11.269   Cond. No.                     1.02e+16
==============================================================================

Notes:
[1] Standard Errors assume that the covariance matrix of the errors is correctly specified.
[2] The smallest eigenvalue is 6.37e-27. This might indicate that there are
strong multicollinearity problems or that the design matrix is singular.