                            OLS Regression Results                            
==============================================================================
Dep. Variable:              sd_pooled   R-squared:                       0.562
Model:                            OLS   Adj. R-squared:                  0.555
Method:                 Least Squares   F-statistic:                     79.02
Date:                Sun, 29 Mar 2026   Prob (F-statistic):               0.00
Time:                        15:12:01   Log-Likelihood:                 531.80
No. Observations:                4012   AIC:                            -933.6
Df Residuals:                    3947   BIC:                            -524.3
Df Model:                          64                                         
Covariance Type:            nonrobust                                         
============================================================================================
                               coef    std err          t      P>|t|      [0.025      0.975]
--------------------------------------------------------------------------------------------
const                        3.3885      0.048     69.995      0.000       3.294       3.483
FLead                        0.0468      0.008      5.824      0.000       0.031       0.063
mean_pooled                 -0.2343      0.004    -53.349      0.000      -0.243      -0.226
kim_violence_gore            0.0124      0.003      4.854      0.000       0.007       0.017
kim_sex_nudity               0.0114      0.002      5.620      0.000       0.007       0.015
kim_language                -0.0150      0.002     -7.993      0.000      -0.019      -0.011
major                       -0.0370      0.008     -4.664      0.000      -0.053      -0.021
log_bom_opening_theaters     0.0046      0.002      2.555      0.011       0.001       0.008
genres_count                -0.0093      0.007     -1.374      0.170      -0.023       0.004
yr_1993                     -0.0054      0.034     -0.157      0.876      -0.073       0.062
yr_1994                     -0.0026      0.035     -0.075      0.940      -0.072       0.066
yr_1995                      0.0438      0.035      1.263      0.207      -0.024       0.112
yr_1996                      0.0087      0.034      0.255      0.799      -0.058       0.075
yr_1997                      0.0136      0.035      0.391      0.696      -0.054       0.082
yr_1998                      0.0599      0.033      1.791      0.073      -0.006       0.126
yr_1999                      0.0604      0.033      1.852      0.064      -0.004       0.124
yr_2000                     -0.0086      0.034     -0.257      0.797      -0.074       0.057
yr_2001                      0.0564      0.033      1.709      0.088      -0.008       0.121
yr_2002                      0.0165      0.032      0.510      0.610      -0.047       0.080
yr_2003                      0.0001      0.033      0.004      0.997      -0.064       0.064
yr_2004                      0.0616      0.032      1.898      0.058      -0.002       0.125
yr_2005                      0.0473      0.032      1.469      0.142      -0.016       0.110
yr_2006                      0.0973      0.032      3.041      0.002       0.035       0.160
yr_2007                      0.1112      0.032      3.491      0.000       0.049       0.174
yr_2008                      0.0524      0.032      1.633      0.103      -0.010       0.115
yr_2009                      0.0320      0.032      0.985      0.325      -0.032       0.096
yr_2010                      0.0265      0.032      0.819      0.413      -0.037       0.090
yr_2011                      0.0297      0.032      0.933      0.351      -0.033       0.092
yr_2012                      0.0145      0.032      0.458      0.647      -0.048       0.077
yr_2013                      0.0071      0.032      0.223      0.823      -0.055       0.070
yr_2014                      0.0397      0.032      1.233      0.218      -0.023       0.103
yr_2015                     -0.0312      0.032     -0.974      0.330      -0.094       0.032
yr_2016                     -0.0350      0.032     -1.085      0.278      -0.098       0.028
yr_2017                      0.0218      0.033      0.670      0.503      -0.042       0.086
yr_2018                      0.0157      0.033      0.479      0.632      -0.048       0.080
mo_2                         0.0081      0.019      0.414      0.679      -0.030       0.046
mo_3                        -0.0044      0.019     -0.239      0.811      -0.041       0.032
mo_4                         0.0004      0.019      0.023      0.982      -0.036       0.037
mo_5                        -0.0131      0.020     -0.665      0.506      -0.052       0.026
mo_6                        -0.0261      0.019     -1.339      0.181      -0.064       0.012
mo_7                        -0.0240      0.019     -1.269      0.204      -0.061       0.013
mo_8                        -0.0253      0.018     -1.385      0.166      -0.061       0.011
mo_9                        -0.0276      0.019     -1.486      0.137      -0.064       0.009
mo_10                       -0.0076      0.018     -0.415      0.678      -0.043       0.028
mo_11                       -0.0247      0.019     -1.315      0.188      -0.061       0.012
mo_12                       -0.0281      0.018     -1.549      0.121      -0.064       0.007
genre_Action                -0.0550      0.011     -5.185      0.000      -0.076      -0.034
genre_Adventure             -0.0056      0.011     -0.497      0.619      -0.028       0.016
genre_Animation             -0.0278      0.018     -1.548      0.122      -0.063       0.007
genre_Biography             -0.0930      0.014     -6.533      0.000      -0.121      -0.065
genre_Comedy                -0.0030      0.010     -0.316      0.752      -0.022       0.016
genre_Crime                 -0.0887      0.010     -8.655      0.000      -0.109      -0.069
genre_Drama                  0.0123      0.009      1.296      0.195      -0.006       0.031
genre_Family                 0.0717      0.015      4.923      0.000       0.043       0.100
genre_Fantasy                0.0045      0.013      0.355      0.723      -0.020       0.029
genre_History                0.0177      0.020      0.867      0.386      -0.022       0.058
genre_Horror                -0.0338      0.015     -2.314      0.021      -0.062      -0.005
genre_Music                  0.1114      0.019      5.827      0.000       0.074       0.149
genre_Musical                0.3190      0.043      7.384      0.000       0.234       0.404
genre_Mystery               -0.0586      0.013     -4.655      0.000      -0.083      -0.034
genre_News                -4.26e-18   5.89e-18     -0.723      0.469   -1.58e-17    7.29e-18
genre_Romance               -0.0183      0.010     -1.777      0.076      -0.039       0.002
genre_Sci_Fi                -0.0126      0.014     -0.927      0.354      -0.039       0.014
genre_Short              -5.314e-18   4.74e-18     -1.121      0.262   -1.46e-17    3.98e-18
genre_Sport                 -0.0365      0.021     -1.762      0.078      -0.077       0.004
genre_Thriller              -0.0741      0.011     -6.957      0.000      -0.095      -0.053
genre_War                    0.0087      0.029      0.300      0.764      -0.048       0.066
genre_Western               -0.0477      0.051     -0.927      0.354      -0.149       0.053
==============================================================================
Omnibus:                     1654.751   Durbin-Watson:                   2.008
Prob(Omnibus):                  0.000   Jarque-Bera (JB):            13499.116
Skew:                           1.756   Prob(JB):                         0.00
Kurtosis:                      11.271   Cond. No.                     1.02e+16
==============================================================================

Notes:
[1] Standard Errors assume that the covariance matrix of the errors is correctly specified.
[2] The smallest eigenvalue is 6.39e-27. This might indicate that there are
strong multicollinearity problems or that the design matrix is singular.