                            OLS Regression Results                            
==============================================================================
Dep. Variable:              sd_pooled   R-squared:                       0.559
Model:                            OLS   Adj. R-squared:                  0.552
Method:                 Least Squares   F-statistic:                     78.29
Date:                Tue, 31 Mar 2026   Prob (F-statistic):               0.00
Time:                        23:27:37   Log-Likelihood:                 521.43
No. Observations:                4012   AIC:                            -912.9
Df Residuals:                    3947   BIC:                            -503.5
Df Model:                          64                                         
Covariance Type:            nonrobust                                         
============================================================================================
                               coef    std err          t      P>|t|      [0.025      0.975]
--------------------------------------------------------------------------------------------
const                        3.3955      0.049     69.799      0.000       3.300       3.491
FLead                        0.0491      0.008      6.102      0.000       0.033       0.065
mean_pooled                 -0.2353      0.004    -53.432      0.000      -0.244      -0.227
kim_violence_gore            0.0145      0.003      5.802      0.000       0.010       0.019
kim_sex_nudity               0.0069      0.002      2.883      0.004       0.002       0.012
kim_language                -0.0123      0.002     -6.825      0.000      -0.016      -0.009
major                       -0.0397      0.008     -4.919      0.000      -0.055      -0.024
log_bom_opening_theaters     0.0049      0.002      2.796      0.005       0.001       0.008
genres_count                -0.0130      0.007     -1.924      0.054      -0.026       0.000
yr_1993                     -0.0073      0.035     -0.210      0.833      -0.075       0.060
yr_1994                     -0.0009      0.035     -0.026      0.979      -0.070       0.068
yr_1995                      0.0410      0.035      1.179      0.238      -0.027       0.109
yr_1996                      0.0031      0.034      0.089      0.929      -0.064       0.070
yr_1997                      0.0057      0.035      0.163      0.871      -0.062       0.074
yr_1998                      0.0573      0.034      1.707      0.088      -0.008       0.123
yr_1999                      0.0619      0.033      1.894      0.058      -0.002       0.126
yr_2000                     -0.0059      0.034     -0.174      0.862      -0.072       0.060
yr_2001                      0.0602      0.033      1.820      0.069      -0.005       0.125
yr_2002                      0.0171      0.033      0.525      0.599      -0.047       0.081
yr_2003                      0.0057      0.033      0.173      0.863      -0.059       0.070
yr_2004                      0.0677      0.033      2.080      0.038       0.004       0.131
yr_2005                      0.0534      0.032      1.656      0.098      -0.010       0.117
yr_2006                      0.1046      0.032      3.266      0.001       0.042       0.167
yr_2007                      0.1160      0.032      3.633      0.000       0.053       0.179
yr_2008                      0.0582      0.032      1.810      0.070      -0.005       0.121
yr_2009                      0.0422      0.032      1.299      0.194      -0.021       0.106
yr_2010                      0.0335      0.032      1.033      0.302      -0.030       0.097
yr_2011                      0.0365      0.032      1.145      0.252      -0.026       0.099
yr_2012                      0.0189      0.032      0.594      0.552      -0.043       0.081
yr_2013                      0.0112      0.032      0.352      0.725      -0.051       0.074
yr_2014                      0.0425      0.032      1.315      0.189      -0.021       0.106
yr_2015                     -0.0286      0.032     -0.892      0.372      -0.092       0.034
yr_2016                     -0.0348      0.032     -1.077      0.281      -0.098       0.029
yr_2017                      0.0235      0.033      0.719      0.472      -0.041       0.087
yr_2018                      0.0144      0.033      0.440      0.660      -0.050       0.079
mo_2                         0.0109      0.020      0.558      0.577      -0.027       0.049
mo_3                        -0.0023      0.019     -0.124      0.901      -0.039       0.034
mo_4                         0.0023      0.019      0.124      0.902      -0.034       0.039
mo_5                        -0.0097      0.020     -0.491      0.623      -0.048       0.029
mo_6                        -0.0233      0.020     -1.193      0.233      -0.062       0.015
mo_7                        -0.0208      0.019     -1.099      0.272      -0.058       0.016
mo_8                        -0.0235      0.018     -1.287      0.198      -0.059       0.012
mo_9                        -0.0253      0.019     -1.360      0.174      -0.062       0.011
mo_10                       -0.0049      0.018     -0.267      0.789      -0.041       0.031
mo_11                       -0.0193      0.019     -1.026      0.305      -0.056       0.018
mo_12                       -0.0257      0.018     -1.415      0.157      -0.061       0.010
genre_Action                -0.0609      0.011     -5.757      0.000      -0.082      -0.040
genre_Adventure             -0.0061      0.011     -0.541      0.589      -0.028       0.016
genre_Animation             -0.0294      0.018     -1.633      0.102      -0.065       0.006
genre_Biography             -0.0904      0.014     -6.333      0.000      -0.118      -0.062
genre_Comedy                 0.0014      0.010      0.148      0.882      -0.017       0.020
genre_Crime                 -0.0884      0.010     -8.601      0.000      -0.109      -0.068
genre_Drama                  0.0152      0.010      1.599      0.110      -0.003       0.034
genre_Family                 0.0664      0.015      4.554      0.000       0.038       0.095
genre_Fantasy                0.0061      0.013      0.478      0.633      -0.019       0.031
genre_History                0.0207      0.020      1.013      0.311      -0.019       0.061
genre_Horror                -0.0410      0.015     -2.812      0.005      -0.070      -0.012
genre_Music                  0.1143      0.019      5.960      0.000       0.077       0.152
genre_Musical                0.3265      0.043      7.543      0.000       0.242       0.411
genre_Mystery               -0.0565      0.013     -4.483      0.000      -0.081      -0.032
genre_News                7.003e-18    3.9e-18      1.796      0.073   -6.41e-19    1.46e-17
genre_Romance               -0.0087      0.010     -0.856      0.392      -0.029       0.011
genre_Sci_Fi                -0.0134      0.014     -0.983      0.325      -0.040       0.013
genre_Short              -1.074e-17   2.82e-18     -3.810      0.000   -1.63e-17   -5.21e-18
genre_Sport                 -0.0398      0.021     -1.915      0.056      -0.081       0.001
genre_Thriller              -0.0754      0.011     -7.064      0.000      -0.096      -0.054
genre_War                    0.0004      0.029      0.015      0.988      -0.057       0.058
genre_Western               -0.0542      0.052     -1.051      0.293      -0.155       0.047
==============================================================================
Omnibus:                     1636.106   Durbin-Watson:                   2.004
Prob(Omnibus):                  0.000   Jarque-Bera (JB):            12936.044
Skew:                           1.743   Prob(JB):                         0.00
Kurtosis:                      11.077   Cond. No.                     1.02e+16
==============================================================================

Notes:
[1] Standard Errors assume that the covariance matrix of the errors is correctly specified.
[2] The smallest eigenvalue is 6.11e-27. This might indicate that there are
strong multicollinearity problems or that the design matrix is singular.