                            OLS Regression Results                            
==============================================================================
Dep. Variable:              sd_pooled   R-squared:                       0.560
Model:                            OLS   Adj. R-squared:                  0.553
Method:                 Least Squares   F-statistic:                     78.39
Date:                Tue, 31 Mar 2026   Prob (F-statistic):               0.00
Time:                        15:14:15   Log-Likelihood:                 522.83
No. Observations:                4012   AIC:                            -915.7
Df Residuals:                    3947   BIC:                            -506.3
Df Model:                          64                                         
Covariance Type:            nonrobust                                         
============================================================================================
                               coef    std err          t      P>|t|      [0.025      0.975]
--------------------------------------------------------------------------------------------
const                        3.3930      0.049     69.825      0.000       3.298       3.488
FLead                        0.0486      0.008      6.035      0.000       0.033       0.064
mean_pooled                 -0.2349      0.004    -53.240      0.000      -0.244      -0.226
kim_violence_gore            0.0140      0.003      5.536      0.000       0.009       0.019
kim_sex_nudity               0.0064      0.002      3.327      0.001       0.003       0.010
kim_language                -0.0133      0.002     -7.097      0.000      -0.017      -0.010
major                       -0.0389      0.008     -4.828      0.000      -0.055      -0.023
log_bom_opening_theaters     0.0051      0.002      2.908      0.004       0.002       0.009
genres_count                -0.0125      0.007     -1.845      0.065      -0.026       0.001
yr_1993                     -0.0065      0.035     -0.187      0.852      -0.074       0.061
yr_1994                     -0.0006      0.035     -0.018      0.985      -0.070       0.069
yr_1995                      0.0434      0.035      1.247      0.213      -0.025       0.112
yr_1996                      0.0062      0.034      0.181      0.857      -0.061       0.073
yr_1997                      0.0078      0.035      0.224      0.823      -0.060       0.076
yr_1998                      0.0593      0.034      1.768      0.077      -0.006       0.125
yr_1999                      0.0628      0.033      1.924      0.054      -0.001       0.127
yr_2000                     -0.0038      0.034     -0.112      0.911      -0.070       0.062
yr_2001                      0.0608      0.033      1.840      0.066      -0.004       0.126
yr_2002                      0.0199      0.033      0.612      0.541      -0.044       0.084
yr_2003                      0.0068      0.033      0.207      0.836      -0.057       0.071
yr_2004                      0.0702      0.032      2.163      0.031       0.007       0.134
yr_2005                      0.0539      0.032      1.672      0.095      -0.009       0.117
yr_2006                      0.1051      0.032      3.284      0.001       0.042       0.168
yr_2007                      0.1174      0.032      3.682      0.000       0.055       0.180
yr_2008                      0.0585      0.032      1.823      0.068      -0.004       0.122
yr_2009                      0.0416      0.032      1.280      0.201      -0.022       0.105
yr_2010                      0.0352      0.032      1.086      0.278      -0.028       0.099
yr_2011                      0.0363      0.032      1.140      0.255      -0.026       0.099
yr_2012                      0.0192      0.032      0.607      0.544      -0.043       0.081
yr_2013                      0.0125      0.032      0.391      0.696      -0.050       0.075
yr_2014                      0.0418      0.032      1.293      0.196      -0.022       0.105
yr_2015                     -0.0268      0.032     -0.837      0.403      -0.090       0.036
yr_2016                     -0.0342      0.032     -1.057      0.291      -0.098       0.029
yr_2017                      0.0244      0.033      0.747      0.455      -0.040       0.088
yr_2018                      0.0166      0.033      0.507      0.612      -0.048       0.081
mo_2                         0.0094      0.019      0.482      0.630      -0.029       0.048
mo_3                        -0.0038      0.019     -0.207      0.836      -0.040       0.033
mo_4                         0.0009      0.019      0.047      0.962      -0.036       0.038
mo_5                        -0.0102      0.020     -0.515      0.607      -0.049       0.029
mo_6                        -0.0235      0.019     -1.204      0.229      -0.062       0.015
mo_7                        -0.0214      0.019     -1.128      0.259      -0.059       0.016
mo_8                        -0.0238      0.018     -1.304      0.192      -0.060       0.012
mo_9                        -0.0260      0.019     -1.400      0.162      -0.062       0.010
mo_10                       -0.0061      0.018     -0.335      0.737      -0.042       0.030
mo_11                       -0.0208      0.019     -1.107      0.268      -0.058       0.016
mo_12                       -0.0262      0.018     -1.441      0.150      -0.062       0.009
genre_Action                -0.0600      0.011     -5.670      0.000      -0.081      -0.039
genre_Adventure             -0.0063      0.011     -0.560      0.576      -0.028       0.016
genre_Animation             -0.0300      0.018     -1.667      0.096      -0.065       0.005
genre_Biography             -0.0902      0.014     -6.322      0.000      -0.118      -0.062
genre_Comedy                 0.0016      0.009      0.170      0.865      -0.017       0.020
genre_Crime                 -0.0875      0.010     -8.523      0.000      -0.108      -0.067
genre_Drama                  0.0149      0.010      1.561      0.118      -0.004       0.034
genre_Family                 0.0664      0.015      4.558      0.000       0.038       0.095
genre_Fantasy                0.0067      0.013      0.525      0.599      -0.018       0.031
genre_History                0.0185      0.020      0.902      0.367      -0.022       0.059
genre_Horror                -0.0386      0.015     -2.642      0.008      -0.067      -0.010
genre_Music                  0.1161      0.019      6.066      0.000       0.079       0.154
genre_Musical                0.3263      0.043      7.542      0.000       0.241       0.411
genre_Mystery               -0.0572      0.013     -4.541      0.000      -0.082      -0.033
genre_News               -1.209e-17   2.54e-17     -0.476      0.634   -6.19e-17    3.77e-17
genre_Romance               -0.0117      0.010     -1.141      0.254      -0.032       0.008
genre_Sci_Fi                -0.0138      0.014     -1.018      0.309      -0.041       0.013
genre_Short               1.022e-17   2.12e-17      0.483      0.629   -3.13e-17    5.17e-17
genre_Sport                 -0.0394      0.021     -1.899      0.058      -0.080       0.001
genre_Thriller              -0.0753      0.011     -7.053      0.000      -0.096      -0.054
genre_War                    0.0038      0.029      0.129      0.897      -0.053       0.061
genre_Western               -0.0566      0.052     -1.097      0.273      -0.158       0.045
==============================================================================
Omnibus:                     1643.853   Durbin-Watson:                   2.003
Prob(Omnibus):                  0.000   Jarque-Bera (JB):            13144.079
Skew:                           1.749   Prob(JB):                         0.00
Kurtosis:                      11.148   Cond. No.                     1.02e+16
==============================================================================

Notes:
[1] Standard Errors assume that the covariance matrix of the errors is correctly specified.
[2] The smallest eigenvalue is 6.38e-27. This might indicate that there are
strong multicollinearity problems or that the design matrix is singular.