                            OLS Regression Results                            
==============================================================================
Dep. Variable:              sd_pooled   R-squared:                       0.559
Model:                            OLS   Adj. R-squared:                  0.552
Method:                 Least Squares   F-statistic:                     78.32
Date:                Tue, 31 Mar 2026   Prob (F-statistic):               0.00
Time:                        19:26:35   Log-Likelihood:                 521.91
No. Observations:                4012   AIC:                            -913.8
Df Residuals:                    3947   BIC:                            -504.5
Df Model:                          64                                         
Covariance Type:            nonrobust                                         
============================================================================================
                               coef    std err          t      P>|t|      [0.025      0.975]
--------------------------------------------------------------------------------------------
const                        3.3818      0.049     69.685      0.000       3.287       3.477
FLead                        0.0495      0.008      6.154      0.000       0.034       0.065
mean_pooled                 -0.2347      0.004    -53.203      0.000      -0.243      -0.226
kim_violence_gore            0.0110      0.003      4.328      0.000       0.006       0.016
kim_sex_nudity               0.0104      0.002      5.089      0.000       0.006       0.014
kim_language                -0.0114      0.002     -6.371      0.000      -0.015      -0.008
major                       -0.0394      0.008     -4.893      0.000      -0.055      -0.024
log_bom_opening_theaters     0.0055      0.002      3.127      0.002       0.002       0.009
genres_count                -0.0070      0.007     -1.027      0.304      -0.020       0.006
yr_1993                     -0.0045      0.035     -0.132      0.895      -0.072       0.063
yr_1994                     -0.0027      0.035     -0.076      0.940      -0.072       0.067
yr_1995                      0.0398      0.035      1.144      0.253      -0.028       0.108
yr_1996                      0.0065      0.034      0.190      0.849      -0.060       0.073
yr_1997                      0.0088      0.035      0.254      0.800      -0.059       0.077
yr_1998                      0.0553      0.034      1.649      0.099      -0.010       0.121
yr_1999                      0.0556      0.033      1.701      0.089      -0.008       0.120
yr_2000                     -0.0145      0.034     -0.432      0.666      -0.080       0.051
yr_2001                      0.0525      0.033      1.587      0.113      -0.012       0.117
yr_2002                      0.0141      0.033      0.434      0.664      -0.050       0.078
yr_2003                     -0.0009      0.033     -0.028      0.978      -0.065       0.063
yr_2004                      0.0629      0.033      1.934      0.053      -0.001       0.127
yr_2005                      0.0482      0.032      1.494      0.135      -0.015       0.111
yr_2006                      0.0971      0.032      3.028      0.002       0.034       0.160
yr_2007                      0.1099      0.032      3.443      0.001       0.047       0.173
yr_2008                      0.0517      0.032      1.608      0.108      -0.011       0.115
yr_2009                      0.0303      0.033      0.931      0.352      -0.034       0.094
yr_2010                      0.0233      0.032      0.719      0.472      -0.040       0.087
yr_2011                      0.0301      0.032      0.943      0.346      -0.032       0.093
yr_2012                      0.0104      0.032      0.327      0.743      -0.052       0.073
yr_2013                      0.0023      0.032      0.073      0.942      -0.060       0.065
yr_2014                      0.0343      0.032      1.063      0.288      -0.029       0.098
yr_2015                     -0.0361      0.032     -1.126      0.260      -0.099       0.027
yr_2016                     -0.0411      0.032     -1.273      0.203      -0.104       0.022
yr_2017                      0.0170      0.033      0.521      0.603      -0.047       0.081
yr_2018                      0.0071      0.033      0.218      0.827      -0.057       0.071
mo_2                         0.0092      0.020      0.472      0.637      -0.029       0.047
mo_3                        -0.0051      0.019     -0.272      0.785      -0.041       0.031
mo_4                        -0.0003      0.019     -0.017      0.986      -0.037       0.036
mo_5                        -0.0126      0.020     -0.637      0.524      -0.051       0.026
mo_6                        -0.0263      0.020     -1.350      0.177      -0.065       0.012
mo_7                        -0.0256      0.019     -1.347      0.178      -0.063       0.012
mo_8                        -0.0263      0.018     -1.439      0.150      -0.062       0.010
mo_9                        -0.0299      0.019     -1.608      0.108      -0.066       0.007
mo_10                       -0.0089      0.018     -0.487      0.626      -0.045       0.027
mo_11                       -0.0245      0.019     -1.302      0.193      -0.061       0.012
mo_12                       -0.0280      0.018     -1.538      0.124      -0.064       0.008
genre_Action                -0.0575      0.011     -5.412      0.000      -0.078      -0.037
genre_Adventure             -0.0023      0.011     -0.206      0.837      -0.024       0.020
genre_Animation             -0.0222      0.018     -1.237      0.216      -0.057       0.013
genre_Biography             -0.0946      0.014     -6.633      0.000      -0.123      -0.067
genre_Comedy                -0.0088      0.009     -0.933      0.351      -0.027       0.010
genre_Crime                 -0.0952      0.010     -9.338      0.000      -0.115      -0.075
genre_Drama                  0.0104      0.010      1.092      0.275      -0.008       0.029
genre_Family                 0.0752      0.015      5.160      0.000       0.047       0.104
genre_Fantasy                0.0067      0.013      0.527      0.598      -0.018       0.031
genre_History                0.0243      0.020      1.192      0.233      -0.016       0.064
genre_Horror                -0.0378      0.015     -2.582      0.010      -0.066      -0.009
genre_Music                  0.1081      0.019      5.642      0.000       0.071       0.146
genre_Musical                0.3293      0.043      7.611      0.000       0.244       0.414
genre_Mystery               -0.0593      0.013     -4.698      0.000      -0.084      -0.035
genre_News                4.655e-18    6.9e-18      0.674      0.500   -8.88e-18    1.82e-17
genre_Romance               -0.0192      0.010     -1.861      0.063      -0.040       0.001
genre_Sci_Fi                -0.0137      0.014     -1.010      0.312      -0.040       0.013
genre_Short                2.46e-18   2.48e-18      0.991      0.322    -2.4e-18    7.32e-18
genre_Sport                 -0.0388      0.021     -1.867      0.062      -0.080       0.002
genre_Thriller              -0.0785      0.011     -7.383      0.000      -0.099      -0.058
genre_War                    0.0104      0.029      0.356      0.722      -0.047       0.068
genre_Western               -0.0434      0.052     -0.840      0.401      -0.145       0.058
==============================================================================
Omnibus:                     1671.616   Durbin-Watson:                   2.011
Prob(Omnibus):                  0.000   Jarque-Bera (JB):            13872.693
Skew:                           1.772   Prob(JB):                         0.00
Kurtosis:                      11.392   Cond. No.                     1.02e+16
==============================================================================

Notes:
[1] Standard Errors assume that the covariance matrix of the errors is correctly specified.
[2] The smallest eigenvalue is 6.39e-27. This might indicate that there are
strong multicollinearity problems or that the design matrix is singular.