                            OLS Regression Results                            
==============================================================================
Dep. Variable:              sd_pooled   R-squared:                       0.561
Model:                            OLS   Adj. R-squared:                  0.554
Method:                 Least Squares   F-statistic:                     78.70
Date:                Sun, 29 Mar 2026   Prob (F-statistic):               0.00
Time:                        15:55:11   Log-Likelihood:                 527.25
No. Observations:                4012   AIC:                            -924.5
Df Residuals:                    3947   BIC:                            -515.2
Df Model:                          64                                         
Covariance Type:            nonrobust                                         
============================================================================================
                               coef    std err          t      P>|t|      [0.025      0.975]
--------------------------------------------------------------------------------------------
const                        3.3888      0.048     69.996      0.000       3.294       3.484
FLead                        0.0478      0.008      5.948      0.000       0.032       0.064
mean_pooled                 -0.2343      0.004    -53.175      0.000      -0.243      -0.226
kim_violence_gore            0.0132      0.003      5.209      0.000       0.008       0.018
kim_sex_nudity               0.0093      0.002      4.451      0.000       0.005       0.013
kim_language                -0.0138      0.002     -7.453      0.000      -0.017      -0.010
major                       -0.0398      0.008     -4.939      0.000      -0.056      -0.024
log_bom_opening_theaters     0.0053      0.002      2.992      0.003       0.002       0.009
genres_count                -0.0116      0.007     -1.710      0.087      -0.025       0.002
yr_1993                     -0.0074      0.034     -0.213      0.831      -0.075       0.060
yr_1994                     -0.0030      0.035     -0.084      0.933      -0.072       0.066
yr_1995                      0.0418      0.035      1.204      0.229      -0.026       0.110
yr_1996                      0.0060      0.034      0.176      0.860      -0.061       0.073
yr_1997                      0.0093      0.035      0.269      0.788      -0.059       0.077
yr_1998                      0.0570      0.033      1.703      0.089      -0.009       0.123
yr_1999                      0.0595      0.033      1.824      0.068      -0.004       0.124
yr_2000                     -0.0089      0.034     -0.265      0.791      -0.075       0.057
yr_2001                      0.0556      0.033      1.682      0.093      -0.009       0.120
yr_2002                      0.0162      0.032      0.498      0.618      -0.048       0.080
yr_2003                      0.0003      0.033      0.009      0.993      -0.064       0.064
yr_2004                      0.0632      0.032      1.944      0.052      -0.001       0.127
yr_2005                      0.0479      0.032      1.487      0.137      -0.015       0.111
yr_2006                      0.0987      0.032      3.082      0.002       0.036       0.161
yr_2007                      0.1111      0.032      3.483      0.001       0.049       0.174
yr_2008                      0.0536      0.032      1.668      0.095      -0.009       0.117
yr_2009                      0.0347      0.033      1.067      0.286      -0.029       0.098
yr_2010                      0.0283      0.032      0.873      0.383      -0.035       0.092
yr_2011                      0.0301      0.032      0.945      0.345      -0.032       0.093
yr_2012                      0.0155      0.032      0.488      0.626      -0.047       0.078
yr_2013                      0.0064      0.032      0.199      0.842      -0.056       0.069
yr_2014                      0.0395      0.032      1.225      0.220      -0.024       0.103
yr_2015                     -0.0316      0.032     -0.985      0.325      -0.094       0.031
yr_2016                     -0.0354      0.032     -1.097      0.273      -0.099       0.028
yr_2017                      0.0204      0.033      0.627      0.530      -0.043       0.084
yr_2018                      0.0144      0.033      0.440      0.660      -0.050       0.079
mo_2                         0.0083      0.019      0.427      0.669      -0.030       0.047
mo_3                        -0.0037      0.019     -0.200      0.841      -0.040       0.033
mo_4                         0.0005      0.019      0.025      0.980      -0.036       0.037
mo_5                        -0.0117      0.020     -0.591      0.555      -0.050       0.027
mo_6                        -0.0252      0.019     -1.292      0.196      -0.063       0.013
mo_7                        -0.0216      0.019     -1.142      0.254      -0.059       0.015
mo_8                        -0.0242      0.018     -1.328      0.184      -0.060       0.012
mo_9                        -0.0275      0.019     -1.481      0.139      -0.064       0.009
mo_10                       -0.0063      0.018     -0.345      0.730      -0.042       0.029
mo_11                       -0.0224      0.019     -1.192      0.233      -0.059       0.014
mo_12                       -0.0261      0.018     -1.437      0.151      -0.062       0.009
genre_Action                -0.0570      0.011     -5.370      0.000      -0.078      -0.036
genre_Adventure             -0.0062      0.011     -0.549      0.583      -0.028       0.016
genre_Animation             -0.0274      0.018     -1.521      0.128      -0.063       0.008
genre_Biography             -0.0914      0.014     -6.415      0.000      -0.119      -0.063
genre_Comedy                -0.0012      0.010     -0.125      0.901      -0.020       0.017
genre_Crime                 -0.0892      0.010     -8.691      0.000      -0.109      -0.069
genre_Drama                  0.0143      0.010      1.503      0.133      -0.004       0.033
genre_Family                 0.0701      0.015      4.801      0.000       0.041       0.099
genre_Fantasy                0.0051      0.013      0.407      0.684      -0.020       0.030
genre_History                0.0192      0.020      0.939      0.348      -0.021       0.059
genre_Horror                -0.0368      0.015     -2.519      0.012      -0.065      -0.008
genre_Music                  0.1123      0.019      5.864      0.000       0.075       0.150
genre_Musical                0.3200      0.043      7.398      0.000       0.235       0.405
genre_Mystery               -0.0580      0.013     -4.609      0.000      -0.083      -0.033
genre_News                 7.68e-18   4.19e-18      1.833      0.067   -5.35e-19    1.59e-17
genre_Romance               -0.0147      0.010     -1.436      0.151      -0.035       0.005
genre_Sci_Fi                -0.0131      0.014     -0.968      0.333      -0.040       0.013
genre_Short               1.211e-17   1.22e-17      0.994      0.320   -1.18e-17     3.6e-17
genre_Sport                 -0.0384      0.021     -1.852      0.064      -0.079       0.002
genre_Thriller              -0.0742      0.011     -6.960      0.000      -0.095      -0.053
genre_War                    0.0061      0.029      0.211      0.833      -0.051       0.063
genre_Western               -0.0511      0.052     -0.991      0.322      -0.152       0.050
==============================================================================
Omnibus:                     1642.718   Durbin-Watson:                   2.006
Prob(Omnibus):                  0.000   Jarque-Bera (JB):            13160.177
Skew:                           1.747   Prob(JB):                         0.00
Kurtosis:                      11.156   Cond. No.                     1.02e+16
==============================================================================

Notes:
[1] Standard Errors assume that the covariance matrix of the errors is correctly specified.
[2] The smallest eigenvalue is 6.34e-27. This might indicate that there are
strong multicollinearity problems or that the design matrix is singular.