                            OLS Regression Results                            
==============================================================================
Dep. Variable:              sd_pooled   R-squared:                       0.562
Model:                            OLS   Adj. R-squared:                  0.555
Method:                 Least Squares   F-statistic:                     79.12
Date:                Sun, 29 Mar 2026   Prob (F-statistic):               0.00
Time:                        15:49:52   Log-Likelihood:                 533.31
No. Observations:                4012   AIC:                            -936.6
Df Residuals:                    3947   BIC:                            -527.3
Df Model:                          64                                         
Covariance Type:            nonrobust                                         
============================================================================================
                               coef    std err          t      P>|t|      [0.025      0.975]
--------------------------------------------------------------------------------------------
const                        3.3804      0.048     69.885      0.000       3.286       3.475
FLead                        0.0466      0.008      5.803      0.000       0.031       0.062
mean_pooled                 -0.2334      0.004    -52.998      0.000      -0.242      -0.225
kim_violence_gore            0.0118      0.002      4.730      0.000       0.007       0.017
kim_sex_nudity               0.0117      0.002      5.776      0.000       0.008       0.016
kim_language                -0.0148      0.002     -7.945      0.000      -0.019      -0.011
major                       -0.0397      0.008     -4.945      0.000      -0.056      -0.024
log_bom_opening_theaters     0.0056      0.002      3.185      0.001       0.002       0.009
genres_count                -0.0098      0.007     -1.439      0.150      -0.023       0.004
yr_1993                     -0.0057      0.034     -0.164      0.869      -0.073       0.062
yr_1994                     -0.0027      0.035     -0.076      0.939      -0.072       0.066
yr_1995                      0.0442      0.035      1.275      0.202      -0.024       0.112
yr_1996                      0.0097      0.034      0.286      0.775      -0.057       0.076
yr_1997                      0.0135      0.035      0.389      0.697      -0.054       0.081
yr_1998                      0.0590      0.033      1.764      0.078      -0.007       0.125
yr_1999                      0.0614      0.033      1.884      0.060      -0.002       0.125
yr_2000                     -0.0072      0.034     -0.215      0.830      -0.073       0.059
yr_2001                      0.0564      0.033      1.710      0.087      -0.008       0.121
yr_2002                      0.0164      0.032      0.506      0.613      -0.047       0.080
yr_2003                      0.0001      0.033      0.004      0.997      -0.064       0.064
yr_2004                      0.0611      0.032      1.884      0.060      -0.002       0.125
yr_2005                      0.0481      0.032      1.495      0.135      -0.015       0.111
yr_2006                      0.0976      0.032      3.055      0.002       0.035       0.160
yr_2007                      0.1109      0.032      3.485      0.000       0.049       0.173
yr_2008                      0.0522      0.032      1.627      0.104      -0.011       0.115
yr_2009                      0.0322      0.032      0.991      0.322      -0.031       0.096
yr_2010                      0.0267      0.032      0.824      0.410      -0.037       0.090
yr_2011                      0.0308      0.032      0.968      0.333      -0.032       0.093
yr_2012                      0.0156      0.032      0.494      0.622      -0.046       0.078
yr_2013                      0.0082      0.032      0.258      0.796      -0.054       0.071
yr_2014                      0.0401      0.032      1.244      0.214      -0.023       0.103
yr_2015                     -0.0314      0.032     -0.983      0.326      -0.094       0.031
yr_2016                     -0.0350      0.032     -1.087      0.277      -0.098       0.028
yr_2017                      0.0208      0.033      0.640      0.522      -0.043       0.085
yr_2018                      0.0154      0.033      0.471      0.638      -0.049       0.079
mo_2                         0.0066      0.019      0.339      0.735      -0.032       0.045
mo_3                        -0.0054      0.019     -0.293      0.769      -0.042       0.031
mo_4                         0.0001      0.019      0.007      0.995      -0.037       0.037
mo_5                        -0.0134      0.020     -0.679      0.497      -0.052       0.025
mo_6                        -0.0261      0.019     -1.342      0.180      -0.064       0.012
mo_7                        -0.0242      0.019     -1.279      0.201      -0.061       0.013
mo_8                        -0.0260      0.018     -1.426      0.154      -0.062       0.010
mo_9                        -0.0284      0.019     -1.531      0.126      -0.065       0.008
mo_10                       -0.0078      0.018     -0.429      0.668      -0.044       0.028
mo_11                       -0.0251      0.019     -1.339      0.181      -0.062       0.012
mo_12                       -0.0270      0.018     -1.488      0.137      -0.063       0.009
genre_Action                -0.0545      0.011     -5.152      0.000      -0.075      -0.034
genre_Adventure             -0.0060      0.011     -0.537      0.592      -0.028       0.016
genre_Animation             -0.0280      0.018     -1.558      0.119      -0.063       0.007
genre_Biography             -0.0926      0.014     -6.509      0.000      -0.120      -0.065
genre_Comedy                -0.0041      0.009     -0.433      0.665      -0.023       0.014
genre_Crime                 -0.0886      0.010     -8.653      0.000      -0.109      -0.068
genre_Drama                  0.0136      0.010      1.433      0.152      -0.005       0.032
genre_Family                 0.0713      0.015      4.894      0.000       0.043       0.100
genre_Fantasy                0.0041      0.013      0.328      0.743      -0.021       0.029
genre_History                0.0187      0.020      0.917      0.359      -0.021       0.059
genre_Horror                -0.0313      0.014     -2.172      0.030      -0.060      -0.003
genre_Music                  0.1110      0.019      5.809      0.000       0.074       0.148
genre_Musical                0.3184      0.043      7.374      0.000       0.234       0.403
genre_Mystery               -0.0593      0.013     -4.718      0.000      -0.084      -0.035
genre_News               -2.838e-18    2.7e-18     -1.050      0.294   -8.14e-18    2.46e-18
genre_Romance               -0.0192      0.010     -1.867      0.062      -0.039       0.001
genre_Sci_Fi                -0.0136      0.014     -1.002      0.317      -0.040       0.013
genre_Short              -3.088e-19   2.55e-18     -0.121      0.904   -5.31e-18    4.69e-18
genre_Sport                 -0.0380      0.021     -1.834      0.067      -0.079       0.003
genre_Thriller              -0.0748      0.011     -7.020      0.000      -0.096      -0.054
genre_War                    0.0106      0.029      0.364      0.716      -0.047       0.068
genre_Western               -0.0476      0.051     -0.925      0.355      -0.149       0.053
==============================================================================
Omnibus:                     1645.459   Durbin-Watson:                   2.009
Prob(Omnibus):                  0.000   Jarque-Bera (JB):            13307.772
Skew:                           1.747   Prob(JB):                         0.00
Kurtosis:                      11.210   Cond. No.                     1.02e+16
==============================================================================

Notes:
[1] Standard Errors assume that the covariance matrix of the errors is correctly specified.
[2] The smallest eigenvalue is 6.37e-27. This might indicate that there are
strong multicollinearity problems or that the design matrix is singular.