                            OLS Regression Results                            
==============================================================================
Dep. Variable:              sd_pooled   R-squared:                       0.557
Model:                            OLS   Adj. R-squared:                  0.543
Method:                 Least Squares   F-statistic:                     38.18
Date:                Sun, 29 Mar 2026   Prob (F-statistic):               0.00
Time:                        15:47:08   Log-Likelihood:                 222.73
No. Observations:                2006   AIC:                            -315.5
Df Residuals:                    1941   BIC:                             48.79
Df Model:                          64                                         
Covariance Type:            nonrobust                                         
============================================================================================
                               coef    std err          t      P>|t|      [0.025      0.975]
--------------------------------------------------------------------------------------------
const                        3.3500      0.068     48.995      0.000       3.216       3.484
FLead                        0.0453      0.012      3.924      0.000       0.023       0.068
mean_pooled                 -0.2295      0.006    -36.139      0.000      -0.242      -0.217
kim_violence_gore            0.0143      0.004      3.861      0.000       0.007       0.022
kim_sex_nudity               0.0087      0.003      2.942      0.003       0.003       0.014
kim_language                -0.0146      0.003     -5.362      0.000      -0.020      -0.009
major                       -0.0325      0.012     -2.743      0.006      -0.056      -0.009
log_bom_opening_theaters     0.0045      0.003      1.769      0.077      -0.000       0.009
genres_count                -0.0157      0.009     -1.688      0.092      -0.034       0.003
yr_1993                     -0.0045      0.049     -0.092      0.927      -0.100       0.091
yr_1994                      0.0077      0.050      0.154      0.878      -0.090       0.105
yr_1995                      0.0403      0.049      0.819      0.413      -0.056       0.137
yr_1996                      0.0248      0.049      0.507      0.612      -0.071       0.121
yr_1997                      0.0219      0.049      0.449      0.654      -0.074       0.118
yr_1998                      0.0680      0.047      1.445      0.149      -0.024       0.160
yr_1999                      0.0669      0.046      1.466      0.143      -0.023       0.156
yr_2000                     -0.0153      0.050     -0.305      0.760      -0.114       0.083
yr_2001                      0.0618      0.048      1.300      0.194      -0.031       0.155
yr_2002                      0.0351      0.047      0.742      0.458      -0.058       0.128
yr_2003                     -0.0028      0.047     -0.060      0.952      -0.094       0.089
yr_2004                      0.1128      0.045      2.483      0.013       0.024       0.202
yr_2005                      0.0541      0.045      1.201      0.230      -0.034       0.143
yr_2006                      0.1064      0.045      2.341      0.019       0.017       0.196
yr_2007                      0.1184      0.045      2.637      0.008       0.030       0.207
yr_2008                      0.0694      0.045      1.544      0.123      -0.019       0.158
yr_2009                      0.0230      0.046      0.504      0.614      -0.067       0.112
yr_2010                      0.0624      0.046      1.363      0.173      -0.027       0.152
yr_2011                      0.0222      0.045      0.491      0.623      -0.066       0.111
yr_2012                      0.0180      0.044      0.409      0.683      -0.068       0.104
yr_2013                      0.0067      0.045      0.148      0.882      -0.082       0.095
yr_2014                      0.0295      0.046      0.642      0.521      -0.061       0.120
yr_2015                     -0.0111      0.045     -0.247      0.805      -0.100       0.077
yr_2016                     -0.0413      0.046     -0.890      0.374      -0.132       0.050
yr_2017                      0.0410      0.047      0.879      0.380      -0.051       0.133
yr_2018                      0.0186      0.046      0.401      0.689      -0.072       0.110
mo_2                         0.0512      0.029      1.761      0.078      -0.006       0.108
mo_3                         0.0152      0.027      0.559      0.576      -0.038       0.068
mo_4                         0.0235      0.027      0.870      0.384      -0.029       0.076
mo_5                         0.0056      0.028      0.197      0.844      -0.050       0.061
mo_6                        -0.0149      0.028     -0.526      0.599      -0.070       0.041
mo_7                         0.0016      0.028      0.057      0.955      -0.053       0.056
mo_8                        -0.0118      0.026     -0.444      0.657      -0.064       0.040
mo_9                        -0.0161      0.027     -0.587      0.557      -0.070       0.038
mo_10                       -0.0035      0.026     -0.134      0.894      -0.055       0.048
mo_11                       -0.0069      0.027     -0.253      0.800      -0.061       0.047
mo_12                       -0.0308      0.026     -1.169      0.242      -0.082       0.021
genre_Action                -0.0438      0.016     -2.687      0.007      -0.076      -0.012
genre_Adventure             -0.0101      0.017     -0.585      0.558      -0.044       0.024
genre_Animation             -0.0519      0.030     -1.713      0.087      -0.111       0.008
genre_Biography             -0.1177      0.023     -5.126      0.000      -0.163      -0.073
genre_Comedy                 0.0065      0.014      0.462      0.644      -0.021       0.034
genre_Crime                 -0.0869      0.016     -5.570      0.000      -0.117      -0.056
genre_Drama                  0.0152      0.014      1.086      0.278      -0.012       0.043
genre_Family                 0.0667      0.022      2.998      0.003       0.023       0.110
genre_Fantasy               -0.0059      0.020     -0.299      0.765      -0.045       0.033
genre_History                0.0208      0.032      0.643      0.520      -0.043       0.084
genre_Horror                -0.0368      0.021     -1.731      0.084      -0.079       0.005
genre_Music                  0.1396      0.030      4.590      0.000       0.080       0.199
genre_Musical                0.2684      0.065      4.132      0.000       0.141       0.396
genre_Mystery               -0.0441      0.020     -2.174      0.030      -0.084      -0.004
genre_News               -1.249e-18   7.11e-18     -0.176      0.861   -1.52e-17    1.27e-17
genre_Romance               -0.0098      0.015     -0.654      0.513      -0.039       0.020
genre_Sci_Fi                -0.0291      0.022     -1.315      0.189      -0.072       0.014
genre_Short              -2.158e-19   3.31e-18     -0.065      0.948    -6.7e-18    6.27e-18
genre_Sport                 -0.0213      0.030     -0.698      0.485      -0.081       0.038
genre_Thriller              -0.1001      0.016     -6.152      0.000      -0.132      -0.068
genre_War                    0.0496      0.042      1.167      0.243      -0.034       0.133
genre_Western               -0.0251      0.067     -0.372      0.710      -0.157       0.107
==============================================================================
Omnibus:                      893.390   Durbin-Watson:                   1.958
Prob(Omnibus):                  0.000   Jarque-Bera (JB):             8880.121
Skew:                           1.832   Prob(JB):                         0.00
Kurtosis:                      12.634   Cond. No.                     1.02e+16
==============================================================================

Notes:
[1] Standard Errors assume that the covariance matrix of the errors is correctly specified.
[2] The smallest eigenvalue is 3.2e-27. This might indicate that there are
strong multicollinearity problems or that the design matrix is singular.