                            OLS Regression Results                            
==============================================================================
Dep. Variable:              sd_pooled   R-squared:                       0.558
Model:                            OLS   Adj. R-squared:                  0.550
Method:                 Least Squares   F-statistic:                     77.70
Date:                Tue, 31 Mar 2026   Prob (F-statistic):               0.00
Time:                        17:37:19   Log-Likelihood:                 513.01
No. Observations:                4012   AIC:                            -896.0
Df Residuals:                    3947   BIC:                            -486.7
Df Model:                          64                                         
Covariance Type:            nonrobust                                         
============================================================================================
                               coef    std err          t      P>|t|      [0.025      0.975]
--------------------------------------------------------------------------------------------
const                        3.3828      0.049     69.525      0.000       3.287       3.478
FLead                        0.0493      0.008      6.100      0.000       0.033       0.065
mean_pooled                 -0.2353      0.004    -53.211      0.000      -0.244      -0.227
kim_violence_gore            0.0099      0.003      3.897      0.000       0.005       0.015
kim_sex_nudity               0.0091      0.002      4.477      0.000       0.005       0.013
kim_language                -0.0084      0.002     -4.791      0.000      -0.012      -0.005
major                       -0.0398      0.008     -4.915      0.000      -0.056      -0.024
log_bom_opening_theaters     0.0053      0.002      2.961      0.003       0.002       0.009
genres_count                -0.0060      0.007     -0.883      0.377      -0.019       0.007
yr_1993                     -0.0031      0.035     -0.090      0.928      -0.071       0.065
yr_1994                     -0.0015      0.035     -0.042      0.966      -0.071       0.068
yr_1995                      0.0365      0.035      1.048      0.295      -0.032       0.105
yr_1996                      0.0005      0.034      0.013      0.989      -0.067       0.067
yr_1997                      0.0054      0.035      0.156      0.876      -0.063       0.074
yr_1998                      0.0501      0.034      1.490      0.136      -0.016       0.116
yr_1999                      0.0514      0.033      1.570      0.117      -0.013       0.115
yr_2000                     -0.0168      0.034     -0.498      0.619      -0.083       0.049
yr_2001                      0.0509      0.033      1.535      0.125      -0.014       0.116
yr_2002                      0.0115      0.033      0.352      0.725      -0.052       0.075
yr_2003                     -0.0038      0.033     -0.115      0.908      -0.068       0.061
yr_2004                      0.0654      0.033      2.005      0.045       0.001       0.129
yr_2005                      0.0478      0.032      1.477      0.140      -0.016       0.111
yr_2006                      0.0986      0.032      3.067      0.002       0.036       0.162
yr_2007                      0.1107      0.032      3.460      0.001       0.048       0.173
yr_2008                      0.0506      0.032      1.572      0.116      -0.013       0.114
yr_2009                      0.0315      0.033      0.964      0.335      -0.033       0.095
yr_2010                      0.0233      0.033      0.715      0.475      -0.041       0.087
yr_2011                      0.0284      0.032      0.889      0.374      -0.034       0.091
yr_2012                      0.0077      0.032      0.243      0.808      -0.055       0.070
yr_2013                     -0.0003      0.032     -0.008      0.993      -0.063       0.062
yr_2014                      0.0301      0.032      0.932      0.352      -0.033       0.094
yr_2015                     -0.0407      0.032     -1.268      0.205      -0.104       0.022
yr_2016                     -0.0444      0.032     -1.371      0.170      -0.108       0.019
yr_2017                      0.0116      0.033      0.354      0.723      -0.052       0.076
yr_2018                      0.0045      0.033      0.138      0.890      -0.060       0.069
mo_2                         0.0119      0.020      0.610      0.542      -0.026       0.050
mo_3                        -0.0038      0.019     -0.204      0.838      -0.040       0.033
mo_4                         0.0034      0.019      0.181      0.856      -0.033       0.040
mo_5                        -0.0070      0.020     -0.355      0.723      -0.046       0.032
mo_6                        -0.0236      0.020     -1.208      0.227      -0.062       0.015
mo_7                        -0.0229      0.019     -1.204      0.229      -0.060       0.014
mo_8                        -0.0244      0.018     -1.330      0.184      -0.060       0.012
mo_9                        -0.0275      0.019     -1.473      0.141      -0.064       0.009
mo_10                       -0.0079      0.018     -0.433      0.665      -0.044       0.028
mo_11                       -0.0215      0.019     -1.138      0.255      -0.058       0.016
mo_12                       -0.0236      0.018     -1.294      0.196      -0.059       0.012
genre_Action                -0.0586      0.011     -5.502      0.000      -0.080      -0.038
genre_Adventure             -0.0006      0.011     -0.058      0.954      -0.023       0.021
genre_Animation             -0.0157      0.018     -0.878      0.380      -0.051       0.019
genre_Biography             -0.0942      0.014     -6.587      0.000      -0.122      -0.066
genre_Comedy                -0.0139      0.009     -1.475      0.140      -0.032       0.005
genre_Crime                 -0.1000      0.010     -9.851      0.000      -0.120      -0.080
genre_Drama                  0.0087      0.010      0.909      0.364      -0.010       0.027
genre_Family                 0.0771      0.015      5.275      0.000       0.048       0.106
genre_Fantasy                0.0112      0.013      0.884      0.377      -0.014       0.036
genre_History                0.0301      0.020      1.471      0.141      -0.010       0.070
genre_Horror                -0.0383      0.015     -2.611      0.009      -0.067      -0.010
genre_Music                  0.1063      0.019      5.536      0.000       0.069       0.144
genre_Musical                0.3287      0.043      7.579      0.000       0.244       0.414
genre_Mystery               -0.0588      0.013     -4.650      0.000      -0.084      -0.034
genre_News               -7.096e-18   6.89e-18     -1.029      0.303   -2.06e-17    6.42e-18
genre_Romance               -0.0181      0.010     -1.750      0.080      -0.038       0.002
genre_Sci_Fi                -0.0148      0.014     -1.084      0.278      -0.041       0.012
genre_Short               1.519e-17   3.01e-17      0.505      0.614   -4.38e-17    7.42e-17
genre_Sport                 -0.0386      0.021     -1.854      0.064      -0.079       0.002
genre_Thriller              -0.0806      0.011     -7.570      0.000      -0.102      -0.060
genre_War                    0.0065      0.029      0.223      0.823      -0.051       0.064
genre_Western               -0.0422      0.052     -0.817      0.414      -0.144       0.059
==============================================================================
Omnibus:                     1693.394   Durbin-Watson:                   2.003
Prob(Omnibus):                  0.000   Jarque-Bera (JB):            14365.596
Skew:                           1.793   Prob(JB):                         0.00
Kurtosis:                      11.548   Cond. No.                     1.02e+16
==============================================================================

Notes:
[1] Standard Errors assume that the covariance matrix of the errors is correctly specified.
[2] The smallest eigenvalue is 6.4e-27. This might indicate that there are
strong multicollinearity problems or that the design matrix is singular.