                            OLS Regression Results                            
==============================================================================
Dep. Variable:              sd_pooled   R-squared:                       0.558
Model:                            OLS   Adj. R-squared:                  0.550
Method:                 Least Squares   F-statistic:                     77.71
Date:                Tue, 31 Mar 2026   Prob (F-statistic):               0.00
Time:                        17:31:12   Log-Likelihood:                 513.15
No. Observations:                4012   AIC:                            -896.3
Df Residuals:                    3947   BIC:                            -487.0
Df Model:                          64                                         
Covariance Type:            nonrobust                                         
============================================================================================
                               coef    std err          t      P>|t|      [0.025      0.975]
--------------------------------------------------------------------------------------------
const                        3.3787      0.049     69.477      0.000       3.283       3.474
FLead                        0.0513      0.008      6.381      0.000       0.036       0.067
mean_pooled                 -0.2349      0.004    -53.033      0.000      -0.244      -0.226
kim_violence_gore            0.0099      0.003      3.895      0.000       0.005       0.015
kim_sex_nudity               0.0090      0.002      4.444      0.000       0.005       0.013
kim_language                -0.0084      0.002     -4.818      0.000      -0.012      -0.005
major                       -0.0388      0.008     -4.797      0.000      -0.055      -0.023
log_bom_opening_theaters     0.0056      0.002      3.133      0.002       0.002       0.009
genres_count                -0.0067      0.007     -0.989      0.323      -0.020       0.007
yr_1993                     -0.0078      0.035     -0.226      0.821      -0.076       0.060
yr_1994                     -0.0035      0.035     -0.100      0.921      -0.073       0.066
yr_1995                      0.0364      0.035      1.046      0.296      -0.032       0.105
yr_1996                     -0.0024      0.034     -0.071      0.944      -0.069       0.065
yr_1997                      0.0013      0.035      0.036      0.971      -0.067       0.069
yr_1998                      0.0486      0.034      1.447      0.148      -0.017       0.114
yr_1999                      0.0498      0.033      1.523      0.128      -0.014       0.114
yr_2000                     -0.0167      0.034     -0.495      0.621      -0.083       0.049
yr_2001                      0.0511      0.033      1.541      0.123      -0.014       0.116
yr_2002                      0.0104      0.033      0.321      0.749      -0.053       0.074
yr_2003                     -0.0041      0.033     -0.125      0.900      -0.068       0.060
yr_2004                      0.0617      0.033      1.892      0.059      -0.002       0.126
yr_2005                      0.0491      0.032      1.519      0.129      -0.014       0.113
yr_2006                      0.0960      0.032      2.988      0.003       0.033       0.159
yr_2007                      0.1089      0.032      3.404      0.001       0.046       0.172
yr_2008                      0.0495      0.032      1.537      0.124      -0.014       0.113
yr_2009                      0.0295      0.033      0.903      0.366      -0.034       0.093
yr_2010                      0.0196      0.033      0.603      0.546      -0.044       0.083
yr_2011                      0.0267      0.032      0.835      0.404      -0.036       0.089
yr_2012                      0.0086      0.032      0.270      0.787      -0.054       0.071
yr_2013                     -0.0022      0.032     -0.068      0.946      -0.065       0.061
yr_2014                      0.0304      0.032      0.940      0.347      -0.033       0.094
yr_2015                     -0.0422      0.032     -1.315      0.189      -0.105       0.021
yr_2016                     -0.0469      0.032     -1.449      0.147      -0.110       0.017
yr_2017                      0.0113      0.033      0.347      0.728      -0.053       0.075
yr_2018                      0.0013      0.033      0.040      0.968      -0.063       0.066
mo_2                         0.0131      0.020      0.671      0.502      -0.025       0.051
mo_3                        -0.0021      0.019     -0.115      0.909      -0.039       0.034
mo_4                         0.0043      0.019      0.231      0.817      -0.033       0.041
mo_5                        -0.0077      0.020     -0.389      0.697      -0.047       0.031
mo_6                        -0.0215      0.020     -1.097      0.273      -0.060       0.017
mo_7                        -0.0218      0.019     -1.146      0.252      -0.059       0.015
mo_8                        -0.0242      0.018     -1.321      0.187      -0.060       0.012
mo_9                        -0.0271      0.019     -1.455      0.146      -0.064       0.009
mo_10                       -0.0078      0.018     -0.428      0.669      -0.044       0.028
mo_11                       -0.0204      0.019     -1.084      0.279      -0.057       0.017
mo_12                       -0.0218      0.018     -1.197      0.231      -0.058       0.014
genre_Action                -0.0561      0.011     -5.258      0.000      -0.077      -0.035
genre_Adventure             -0.0010      0.011     -0.088      0.930      -0.023       0.021
genre_Animation             -0.0176      0.018     -0.977      0.329      -0.053       0.018
genre_Biography             -0.0968      0.014     -6.772      0.000      -0.125      -0.069
genre_Comedy                -0.0132      0.009     -1.400      0.162      -0.032       0.005
genre_Crime                 -0.0999      0.010     -9.836      0.000      -0.120      -0.080
genre_Drama                  0.0090      0.010      0.948      0.343      -0.010       0.028
genre_Family                 0.0781      0.015      5.352      0.000       0.050       0.107
genre_Fantasy                0.0105      0.013      0.831      0.406      -0.014       0.035
genre_History                0.0303      0.020      1.483      0.138      -0.010       0.070
genre_Horror                -0.0378      0.015     -2.582      0.010      -0.067      -0.009
genre_Music                  0.1045      0.019      5.449      0.000       0.067       0.142
genre_Musical                0.3313      0.043      7.641      0.000       0.246       0.416
genre_Mystery               -0.0608      0.013     -4.805      0.000      -0.086      -0.036
genre_News                    6e-18   4.34e-18      1.383      0.167   -2.51e-18    1.45e-17
genre_Romance               -0.0181      0.010     -1.751      0.080      -0.038       0.002
genre_Sci_Fi                -0.0147      0.014     -1.076      0.282      -0.041       0.012
genre_Short              -7.358e-18   2.67e-18     -2.754      0.006   -1.26e-17   -2.12e-18
genre_Sport                 -0.0415      0.021     -1.991      0.047      -0.082      -0.001
genre_Thriller              -0.0812      0.011     -7.626      0.000      -0.102      -0.060
genre_War                    0.0118      0.029      0.404      0.686      -0.046       0.069
genre_Western               -0.0439      0.052     -0.848      0.396      -0.145       0.058
==============================================================================
Omnibus:                     1720.854   Durbin-Watson:                   2.012
Prob(Omnibus):                  0.000   Jarque-Bera (JB):            15061.739
Skew:                           1.818   Prob(JB):                         0.00
Kurtosis:                      11.768   Cond. No.                     1.02e+16
==============================================================================

Notes:
[1] Standard Errors assume that the covariance matrix of the errors is correctly specified.
[2] The smallest eigenvalue is 6.35e-27. This might indicate that there are
strong multicollinearity problems or that the design matrix is singular.