                            OLS Regression Results                            
==============================================================================
Dep. Variable:              sd_pooled   R-squared:                       0.562
Model:                            OLS   Adj. R-squared:                  0.555
Method:                 Least Squares   F-statistic:                     79.07
Date:                Sun, 29 Mar 2026   Prob (F-statistic):               0.00
Time:                        15:30:50   Log-Likelihood:                 532.53
No. Observations:                4012   AIC:                            -935.1
Df Residuals:                    3947   BIC:                            -525.8
Df Model:                          64                                         
Covariance Type:            nonrobust                                         
============================================================================================
                               coef    std err          t      P>|t|      [0.025      0.975]
--------------------------------------------------------------------------------------------
const                        3.3818      0.048     69.917      0.000       3.287       3.477
FLead                        0.0466      0.008      5.794      0.000       0.031       0.062
mean_pooled                 -0.2333      0.004    -52.971      0.000      -0.242      -0.225
kim_violence_gore            0.0110      0.002      4.565      0.000       0.006       0.016
kim_sex_nudity               0.0116      0.002      5.736      0.000       0.008       0.016
kim_language                -0.0148      0.002     -7.914      0.000      -0.018      -0.011
major                       -0.0398      0.008     -4.945      0.000      -0.056      -0.024
log_bom_opening_theaters     0.0056      0.002      3.157      0.002       0.002       0.009
genres_count                -0.0092      0.007     -1.362      0.173      -0.023       0.004
yr_1993                     -0.0043      0.034     -0.125      0.901      -0.072       0.063
yr_1994                     -0.0027      0.035     -0.075      0.940      -0.072       0.066
yr_1995                      0.0440      0.035      1.268      0.205      -0.024       0.112
yr_1996                      0.0097      0.034      0.286      0.775      -0.057       0.076
yr_1997                      0.0133      0.035      0.383      0.702      -0.055       0.081
yr_1998                      0.0594      0.033      1.777      0.076      -0.006       0.125
yr_1999                      0.0605      0.033      1.858      0.063      -0.003       0.124
yr_2000                     -0.0079      0.034     -0.235      0.814      -0.074       0.058
yr_2001                      0.0568      0.033      1.722      0.085      -0.008       0.122
yr_2002                      0.0166      0.032      0.513      0.608      -0.047       0.080
yr_2003                      0.0009      0.033      0.028      0.978      -0.063       0.065
yr_2004                      0.0616      0.032      1.897      0.058      -0.002       0.125
yr_2005                      0.0490      0.032      1.523      0.128      -0.014       0.112
yr_2006                      0.0979      0.032      3.063      0.002       0.035       0.161
yr_2007                      0.1120      0.032      3.520      0.000       0.050       0.174
yr_2008                      0.0539      0.032      1.683      0.093      -0.009       0.117
yr_2009                      0.0328      0.032      1.009      0.313      -0.031       0.096
yr_2010                      0.0282      0.032      0.872      0.383      -0.035       0.092
yr_2011                      0.0301      0.032      0.947      0.344      -0.032       0.092
yr_2012                      0.0164      0.032      0.518      0.604      -0.046       0.078
yr_2013                      0.0083      0.032      0.260      0.795      -0.054       0.071
yr_2014                      0.0390      0.032      1.211      0.226      -0.024       0.102
yr_2015                     -0.0314      0.032     -0.982      0.326      -0.094       0.031
yr_2016                     -0.0352      0.032     -1.092      0.275      -0.098       0.028
yr_2017                      0.0211      0.033      0.649      0.517      -0.043       0.085
yr_2018                      0.0156      0.033      0.478      0.633      -0.048       0.080
mo_2                         0.0072      0.019      0.368      0.713      -0.031       0.045
mo_3                        -0.0045      0.019     -0.245      0.807      -0.041       0.032
mo_4                         0.0010      0.019      0.053      0.957      -0.036       0.038
mo_5                        -0.0130      0.020     -0.659      0.510      -0.052       0.026
mo_6                        -0.0252      0.019     -1.297      0.195      -0.063       0.013
mo_7                        -0.0232      0.019     -1.225      0.221      -0.060       0.014
mo_8                        -0.0253      0.018     -1.388      0.165      -0.061       0.010
mo_9                        -0.0276      0.019     -1.488      0.137      -0.064       0.009
mo_10                       -0.0071      0.018     -0.387      0.699      -0.043       0.029
mo_11                       -0.0242      0.019     -1.291      0.197      -0.061       0.013
mo_12                       -0.0261      0.018     -1.440      0.150      -0.062       0.009
genre_Action                -0.0534      0.011     -5.064      0.000      -0.074      -0.033
genre_Adventure             -0.0064      0.011     -0.565      0.572      -0.028       0.016
genre_Animation             -0.0292      0.018     -1.628      0.104      -0.064       0.006
genre_Biography             -0.0931      0.014     -6.546      0.000      -0.121      -0.065
genre_Comedy                -0.0058      0.009     -0.619      0.536      -0.024       0.013
genre_Crime                 -0.0886      0.010     -8.650      0.000      -0.109      -0.069
genre_Drama                  0.0126      0.009      1.331      0.183      -0.006       0.031
genre_Family                 0.0705      0.015      4.841      0.000       0.042       0.099
genre_Fantasy                0.0043      0.013      0.341      0.733      -0.020       0.029
genre_History                0.0192      0.020      0.939      0.348      -0.021       0.059
genre_Horror                -0.0310      0.014     -2.145      0.032      -0.059      -0.003
genre_Music                  0.1097      0.019      5.749      0.000       0.072       0.147
genre_Musical                0.3163      0.043      7.327      0.000       0.232       0.401
genre_Mystery               -0.0588      0.013     -4.671      0.000      -0.083      -0.034
genre_News                7.277e-18   4.72e-18      1.541      0.123   -1.98e-18    1.65e-17
genre_Romance               -0.0198      0.010     -1.924      0.054      -0.040       0.000
genre_Sci_Fi                -0.0122      0.014     -0.900      0.368      -0.039       0.014
genre_Short               4.876e-19   4.08e-18      0.119      0.905   -7.52e-18    8.49e-18
genre_Sport                 -0.0388      0.021     -1.872      0.061      -0.079       0.002
genre_Thriller              -0.0737      0.011     -6.926      0.000      -0.095      -0.053
genre_War                    0.0131      0.029      0.449      0.654      -0.044       0.070
genre_Western               -0.0443      0.051     -0.860      0.390      -0.145       0.057
==============================================================================
Omnibus:                     1649.662   Durbin-Watson:                   2.006
Prob(Omnibus):                  0.000   Jarque-Bera (JB):            13389.764
Skew:                           1.751   Prob(JB):                         0.00
Kurtosis:                      11.236   Cond. No.                     1.02e+16
==============================================================================

Notes:
[1] Standard Errors assume that the covariance matrix of the errors is correctly specified.
[2] The smallest eigenvalue is 6.38e-27. This might indicate that there are
strong multicollinearity problems or that the design matrix is singular.