                            OLS Regression Results                            
==============================================================================
Dep. Variable:              sd_pooled   R-squared:                       0.559
Model:                            OLS   Adj. R-squared:                  0.552
Method:                 Least Squares   F-statistic:                     78.13
Date:                Tue, 31 Mar 2026   Prob (F-statistic):               0.00
Time:                        23:31:00   Log-Likelihood:                 519.08
No. Observations:                4012   AIC:                            -908.2
Df Residuals:                    3947   BIC:                            -498.8
Df Model:                          64                                         
Covariance Type:            nonrobust                                         
============================================================================================
                               coef    std err          t      P>|t|      [0.025      0.975]
--------------------------------------------------------------------------------------------
const                        3.4022      0.049     69.828      0.000       3.307       3.498
FLead                        0.0490      0.008      6.073      0.000       0.033       0.065
mean_pooled                 -0.2355      0.004    -53.368      0.000      -0.244      -0.227
kim_violence_gore            0.0148      0.003      5.911      0.000       0.010       0.020
kim_sex_nudity               0.0047      0.002      1.916      0.055      -0.000       0.009
kim_language                -0.0119      0.002     -6.592      0.000      -0.015      -0.008
major                       -0.0397      0.008     -4.917      0.000      -0.055      -0.024
log_bom_opening_theaters     0.0049      0.002      2.793      0.005       0.001       0.008
genres_count                -0.0139      0.007     -2.057      0.040      -0.027      -0.001
yr_1993                     -0.0084      0.035     -0.243      0.808      -0.076       0.059
yr_1994                     -0.0033      0.035     -0.094      0.925      -0.073       0.066
yr_1995                      0.0384      0.035      1.103      0.270      -0.030       0.107
yr_1996                      0.0017      0.034      0.049      0.961      -0.065       0.069
yr_1997                      0.0047      0.035      0.136      0.892      -0.063       0.073
yr_1998                      0.0561      0.034      1.670      0.095      -0.010       0.122
yr_1999                      0.0615      0.033      1.880      0.060      -0.003       0.126
yr_2000                     -0.0061      0.034     -0.181      0.857      -0.072       0.060
yr_2001                      0.0609      0.033      1.840      0.066      -0.004       0.126
yr_2002                      0.0177      0.033      0.542      0.588      -0.046       0.082
yr_2003                      0.0054      0.033      0.164      0.870      -0.059       0.070
yr_2004                      0.0700      0.033      2.153      0.031       0.006       0.134
yr_2005                      0.0542      0.032      1.679      0.093      -0.009       0.117
yr_2006                      0.1059      0.032      3.305      0.001       0.043       0.169
yr_2007                      0.1180      0.032      3.695      0.000       0.055       0.181
yr_2008                      0.0589      0.032      1.831      0.067      -0.004       0.122
yr_2009                      0.0423      0.033      1.300      0.194      -0.021       0.106
yr_2010                      0.0351      0.032      1.081      0.280      -0.029       0.099
yr_2011                      0.0368      0.032      1.153      0.249      -0.026       0.099
yr_2012                      0.0197      0.032      0.621      0.535      -0.043       0.082
yr_2013                      0.0109      0.032      0.340      0.734      -0.052       0.074
yr_2014                      0.0410      0.032      1.268      0.205      -0.022       0.104
yr_2015                     -0.0287      0.032     -0.893      0.372      -0.092       0.034
yr_2016                     -0.0356      0.032     -1.101      0.271      -0.099       0.028
yr_2017                      0.0228      0.033      0.697      0.486      -0.041       0.087
yr_2018                      0.0133      0.033      0.406      0.685      -0.051       0.078
mo_2                         0.0108      0.020      0.555      0.579      -0.027       0.049
mo_3                        -0.0023      0.019     -0.123      0.902      -0.039       0.034
mo_4                         0.0025      0.019      0.131      0.895      -0.034       0.039
mo_5                        -0.0088      0.020     -0.446      0.655      -0.048       0.030
mo_6                        -0.0232      0.020     -1.187      0.235      -0.061       0.015
mo_7                        -0.0207      0.019     -1.091      0.275      -0.058       0.016
mo_8                        -0.0224      0.018     -1.226      0.220      -0.058       0.013
mo_9                        -0.0254      0.019     -1.363      0.173      -0.062       0.011
mo_10                       -0.0050      0.018     -0.274      0.784      -0.041       0.031
mo_11                       -0.0198      0.019     -1.051      0.293      -0.057       0.017
mo_12                       -0.0247      0.018     -1.359      0.174      -0.060       0.011
genre_Action                -0.0610      0.011     -5.761      0.000      -0.082      -0.040
genre_Adventure             -0.0063      0.011     -0.556      0.578      -0.028       0.016
genre_Animation             -0.0308      0.018     -1.708      0.088      -0.066       0.005
genre_Biography             -0.0898      0.014     -6.292      0.000      -0.118      -0.062
genre_Comedy                 0.0024      0.010      0.256      0.798      -0.016       0.021
genre_Crime                 -0.0881      0.010     -8.571      0.000      -0.108      -0.068
genre_Drama                  0.0155      0.010      1.623      0.105      -0.003       0.034
genre_Family                 0.0653      0.015      4.472      0.000       0.037       0.094
genre_Fantasy                0.0060      0.013      0.474      0.635      -0.019       0.031
genre_History                0.0202      0.020      0.984      0.325      -0.020       0.060
genre_Horror                -0.0424      0.015     -2.913      0.004      -0.071      -0.014
genre_Music                  0.1159      0.019      6.042      0.000       0.078       0.153
genre_Musical                0.3262      0.043      7.530      0.000       0.241       0.411
genre_Mystery               -0.0561      0.013     -4.446      0.000      -0.081      -0.031
genre_News               -8.334e-18   6.69e-18     -1.246      0.213   -2.15e-17    4.78e-18
genre_Romance               -0.0075      0.010     -0.741      0.459      -0.027       0.012
genre_Sci_Fi                -0.0129      0.014     -0.950      0.342      -0.040       0.014
genre_Short              -6.017e-18   5.62e-18     -1.070      0.284    -1.7e-17       5e-18
genre_Sport                 -0.0392      0.021     -1.885      0.060      -0.080       0.002
genre_Thriller              -0.0753      0.011     -7.051      0.000      -0.096      -0.054
genre_War                    0.0005      0.029      0.017      0.987      -0.057       0.058
genre_Western               -0.0564      0.052     -1.093      0.275      -0.158       0.045
==============================================================================
Omnibus:                     1636.360   Durbin-Watson:                   2.006
Prob(Omnibus):                  0.000   Jarque-Bera (JB):            12941.163
Skew:                           1.743   Prob(JB):                         0.00
Kurtosis:                      11.078   Cond. No.                     1.02e+16
==============================================================================

Notes:
[1] Standard Errors assume that the covariance matrix of the errors is correctly specified.
[2] The smallest eigenvalue is 6.1e-27. This might indicate that there are
strong multicollinearity problems or that the design matrix is singular.