                            OLS Regression Results                            
==============================================================================
Dep. Variable:              sd_pooled   R-squared:                       0.558
Model:                            OLS   Adj. R-squared:                  0.551
Method:                 Least Squares   F-statistic:                     77.94
Date:                Sun, 29 Mar 2026   Prob (F-statistic):               0.00
Time:                        15:22:18   Log-Likelihood:                 516.43
No. Observations:                4012   AIC:                            -902.9
Df Residuals:                    3947   BIC:                            -493.6
Df Model:                          64                                         
Covariance Type:            nonrobust                                         
============================================================================================
                               coef    std err          t      P>|t|      [0.025      0.975]
--------------------------------------------------------------------------------------------
const                        3.3793      0.049     69.546      0.000       3.284       3.475
FLead                        0.0505      0.008      6.276      0.000       0.035       0.066
mean_pooled                 -0.2350      0.004    -53.167      0.000      -0.244      -0.226
kim_violence_gore            0.0109      0.003      4.248      0.000       0.006       0.016
kim_sex_nudity               0.0096      0.002      4.717      0.000       0.006       0.014
kim_language                -0.0095      0.002     -5.452      0.000      -0.013      -0.006
major                       -0.0388      0.008     -4.807      0.000      -0.055      -0.023
log_bom_opening_theaters     0.0055      0.002      3.123      0.002       0.002       0.009
genres_count                -0.0074      0.007     -1.082      0.279      -0.021       0.006
yr_1993                     -0.0069      0.035     -0.201      0.841      -0.075       0.061
yr_1994                     -0.0033      0.035     -0.094      0.925      -0.073       0.066
yr_1995                      0.0353      0.035      1.014      0.311      -0.033       0.104
yr_1996                      0.0003      0.034      0.009      0.993      -0.067       0.067
yr_1997                      0.0026      0.035      0.075      0.941      -0.066       0.071
yr_1998                      0.0526      0.034      1.566      0.117      -0.013       0.118
yr_1999                      0.0514      0.033      1.574      0.116      -0.013       0.116
yr_2000                     -0.0150      0.034     -0.444      0.657      -0.081       0.051
yr_2001                      0.0503      0.033      1.519      0.129      -0.015       0.115
yr_2002                      0.0102      0.033      0.313      0.755      -0.054       0.074
yr_2003                     -0.0032      0.033     -0.096      0.923      -0.067       0.061
yr_2004                      0.0603      0.033      1.852      0.064      -0.004       0.124
yr_2005                      0.0466      0.032      1.442      0.149      -0.017       0.110
yr_2006                      0.0954      0.032      2.971      0.003       0.032       0.158
yr_2007                      0.1103      0.032      3.448      0.001       0.048       0.173
yr_2008                      0.0501      0.032      1.557      0.119      -0.013       0.113
yr_2009                      0.0284      0.033      0.872      0.383      -0.036       0.092
yr_2010                      0.0219      0.032      0.675      0.500      -0.042       0.086
yr_2011                      0.0245      0.032      0.768      0.442      -0.038       0.087
yr_2012                      0.0093      0.032      0.292      0.770      -0.053       0.072
yr_2013                      0.0024      0.032      0.076      0.940      -0.060       0.065
yr_2014                      0.0303      0.032      0.938      0.348      -0.033       0.094
yr_2015                     -0.0416      0.032     -1.298      0.194      -0.105       0.021
yr_2016                     -0.0451      0.032     -1.395      0.163      -0.108       0.018
yr_2017                      0.0096      0.033      0.294      0.769      -0.054       0.074
yr_2018                      0.0051      0.033      0.156      0.876      -0.059       0.069
mo_2                         0.0111      0.020      0.567      0.571      -0.027       0.049
mo_3                        -0.0035      0.019     -0.189      0.850      -0.040       0.033
mo_4                         0.0015      0.019      0.081      0.936      -0.035       0.038
mo_5                        -0.0095      0.020     -0.479      0.632      -0.048       0.029
mo_6                        -0.0251      0.020     -1.283      0.200      -0.063       0.013
mo_7                        -0.0223      0.019     -1.173      0.241      -0.059       0.015
mo_8                        -0.0260      0.018     -1.422      0.155      -0.062       0.010
mo_9                        -0.0274      0.019     -1.471      0.141      -0.064       0.009
mo_10                       -0.0100      0.018     -0.545      0.585      -0.046       0.026
mo_11                       -0.0229      0.019     -1.214      0.225      -0.060       0.014
mo_12                       -0.0237      0.018     -1.303      0.193      -0.059       0.012
genre_Action                -0.0556      0.011     -5.223      0.000      -0.077      -0.035
genre_Adventure             -0.0013      0.011     -0.119      0.905      -0.023       0.021
genre_Animation             -0.0161      0.018     -0.901      0.368      -0.051       0.019
genre_Biography             -0.0922      0.014     -6.447      0.000      -0.120      -0.064
genre_Comedy                -0.0110      0.009     -1.160      0.246      -0.030       0.008
genre_Crime                 -0.1004      0.010     -9.919      0.000      -0.120      -0.081
genre_Drama                  0.0106      0.010      1.110      0.267      -0.008       0.029
genre_Family                 0.0801      0.015      5.504      0.000       0.052       0.109
genre_Fantasy                0.0097      0.013      0.765      0.444      -0.015       0.034
genre_History                0.0284      0.020      1.392      0.164      -0.012       0.068
genre_Horror                -0.0382      0.015     -2.610      0.009      -0.067      -0.010
genre_Music                  0.1050      0.019      5.476      0.000       0.067       0.143
genre_Musical                0.3252      0.043      7.502      0.000       0.240       0.410
genre_Mystery               -0.0574      0.013     -4.541      0.000      -0.082      -0.033
genre_News                1.599e-17    6.5e-18      2.460      0.014    3.25e-18    2.87e-17
genre_Romance               -0.0186      0.010     -1.797      0.072      -0.039       0.002
genre_Sci_Fi                -0.0151      0.014     -1.111      0.267      -0.042       0.012
genre_Short              -8.801e-19   5.42e-18     -0.162      0.871   -1.15e-17    9.75e-18
genre_Sport                 -0.0400      0.021     -1.924      0.054      -0.081       0.001
genre_Thriller              -0.0804      0.011     -7.553      0.000      -0.101      -0.060
genre_War                    0.0057      0.029      0.195      0.846      -0.052       0.063
genre_Western               -0.0456      0.052     -0.883      0.377      -0.147       0.056
==============================================================================
Omnibus:                     1693.638   Durbin-Watson:                   2.002
Prob(Omnibus):                  0.000   Jarque-Bera (JB):            14281.137
Skew:                           1.795   Prob(JB):                         0.00
Kurtosis:                      11.517   Cond. No.                     1.02e+16
==============================================================================

Notes:
[1] Standard Errors assume that the covariance matrix of the errors is correctly specified.
[2] The smallest eigenvalue is 6.4e-27. This might indicate that there are
strong multicollinearity problems or that the design matrix is singular.