                            OLS Regression Results                            
==============================================================================
Dep. Variable:              sd_pooled   R-squared:                       0.558
Model:                            OLS   Adj. R-squared:                  0.551
Method:                 Least Squares   F-statistic:                     77.96
Date:                Sun, 29 Mar 2026   Prob (F-statistic):               0.00
Time:                        15:22:37   Log-Likelihood:                 516.64
No. Observations:                4012   AIC:                            -903.3
Df Residuals:                    3947   BIC:                            -494.0
Df Model:                          64                                         
Covariance Type:            nonrobust                                         
============================================================================================
                               coef    std err          t      P>|t|      [0.025      0.975]
--------------------------------------------------------------------------------------------
const                        3.3824      0.049     69.594      0.000       3.287       3.478
FLead                        0.0491      0.008      6.081      0.000       0.033       0.065
mean_pooled                 -0.2346      0.004    -53.037      0.000      -0.243      -0.226
kim_violence_gore            0.0107      0.003      4.176      0.000       0.006       0.016
kim_sex_nudity               0.0097      0.002      4.742      0.000       0.006       0.014
kim_language                -0.0095      0.002     -5.490      0.000      -0.013      -0.006
major                       -0.0398      0.008     -4.930      0.000      -0.056      -0.024
log_bom_opening_theaters     0.0054      0.002      3.035      0.002       0.002       0.009
genres_count                -0.0074      0.007     -1.089      0.276      -0.021       0.006
yr_1993                     -0.0114      0.035     -0.329      0.742      -0.079       0.056
yr_1994                     -0.0064      0.035     -0.180      0.857      -0.076       0.063
yr_1995                      0.0362      0.035      1.040      0.299      -0.032       0.104
yr_1996                     -0.0016      0.034     -0.047      0.963      -0.069       0.065
yr_1997                     -0.0008      0.035     -0.023      0.982      -0.069       0.067
yr_1998                      0.0468      0.034      1.395      0.163      -0.019       0.113
yr_1999                      0.0495      0.033      1.515      0.130      -0.015       0.114
yr_2000                     -0.0195      0.034     -0.580      0.562      -0.086       0.046
yr_2001                      0.0491      0.033      1.482      0.138      -0.016       0.114
yr_2002                      0.0100      0.033      0.307      0.759      -0.054       0.074
yr_2003                     -0.0077      0.033     -0.236      0.813      -0.072       0.057
yr_2004                      0.0616      0.033      1.891      0.059      -0.002       0.125
yr_2005                      0.0455      0.032      1.409      0.159      -0.018       0.109
yr_2006                      0.0944      0.032      2.941      0.003       0.031       0.157
yr_2007                      0.1068      0.032      3.341      0.001       0.044       0.169
yr_2008                      0.0472      0.032      1.466      0.143      -0.016       0.110
yr_2009                      0.0286      0.033      0.877      0.381      -0.035       0.093
yr_2010                      0.0213      0.032      0.654      0.513      -0.042       0.085
yr_2011                      0.0237      0.032      0.741      0.459      -0.039       0.086
yr_2012                      0.0050      0.032      0.158      0.874      -0.057       0.067
yr_2013                     -0.0010      0.032     -0.032      0.974      -0.064       0.062
yr_2014                      0.0292      0.032      0.904      0.366      -0.034       0.093
yr_2015                     -0.0445      0.032     -1.389      0.165      -0.107       0.018
yr_2016                     -0.0463      0.032     -1.431      0.153      -0.110       0.017
yr_2017                      0.0097      0.033      0.296      0.767      -0.054       0.074
yr_2018                      0.0007      0.033      0.023      0.982      -0.063       0.065
mo_2                         0.0114      0.020      0.584      0.559      -0.027       0.050
mo_3                        -0.0062      0.019     -0.334      0.739      -0.043       0.030
mo_4                         0.0011      0.019      0.061      0.951      -0.036       0.038
mo_5                        -0.0095      0.020     -0.480      0.631      -0.048       0.029
mo_6                        -0.0243      0.020     -1.242      0.214      -0.063       0.014
mo_7                        -0.0237      0.019     -1.249      0.212      -0.061       0.014
mo_8                        -0.0253      0.018     -1.381      0.167      -0.061       0.011
mo_9                        -0.0282      0.019     -1.512      0.131      -0.065       0.008
mo_10                       -0.0083      0.018     -0.455      0.649      -0.044       0.028
mo_11                       -0.0213      0.019     -1.129      0.259      -0.058       0.016
mo_12                       -0.0238      0.018     -1.307      0.191      -0.059       0.012
genre_Action                -0.0558      0.011     -5.240      0.000      -0.077      -0.035
genre_Adventure             -0.0011      0.011     -0.100      0.921      -0.023       0.021
genre_Animation             -0.0172      0.018     -0.957      0.339      -0.052       0.018
genre_Biography             -0.0966      0.014     -6.764      0.000      -0.125      -0.069
genre_Comedy                -0.0109      0.009     -1.147      0.251      -0.029       0.008
genre_Crime                 -0.0989      0.010     -9.747      0.000      -0.119      -0.079
genre_Drama                  0.0096      0.010      1.008      0.313      -0.009       0.028
genre_Family                 0.0796      0.015      5.471      0.000       0.051       0.108
genre_Fantasy                0.0086      0.013      0.678      0.498      -0.016       0.033
genre_History                0.0318      0.020      1.557      0.120      -0.008       0.072
genre_Horror                -0.0364      0.015     -2.486      0.013      -0.065      -0.008
genre_Music                  0.1066      0.019      5.556      0.000       0.069       0.144
genre_Musical                0.3273      0.043      7.552      0.000       0.242       0.412
genre_Mystery               -0.0593      0.013     -4.699      0.000      -0.084      -0.035
genre_News                 -2.8e-18   4.84e-18     -0.579      0.563   -1.23e-17    6.69e-18
genre_Romance               -0.0182      0.010     -1.759      0.079      -0.038       0.002
genre_Sci_Fi                -0.0139      0.014     -1.023      0.306      -0.041       0.013
genre_Short               9.431e-18   1.12e-17      0.841      0.400   -1.25e-17    3.14e-17
genre_Sport                 -0.0393      0.021     -1.888      0.059      -0.080       0.002
genre_Thriller              -0.0810      0.011     -7.619      0.000      -0.102      -0.060
genre_War                    0.0052      0.029      0.179      0.858      -0.052       0.063
genre_Western               -0.0474      0.052     -0.917      0.359      -0.149       0.054
==============================================================================
Omnibus:                     1696.578   Durbin-Watson:                   2.004
Prob(Omnibus):                  0.000   Jarque-Bera (JB):            14318.507
Skew:                           1.799   Prob(JB):                         0.00
Kurtosis:                      11.527   Cond. No.                     1.02e+16
==============================================================================

Notes:
[1] Standard Errors assume that the covariance matrix of the errors is correctly specified.
[2] The smallest eigenvalue is 6.39e-27. This might indicate that there are
strong multicollinearity problems or that the design matrix is singular.