                            OLS Regression Results                            
==============================================================================
Dep. Variable:              sd_pooled   R-squared:                       0.561
Model:                            OLS   Adj. R-squared:                  0.554
Method:                 Least Squares   F-statistic:                     78.07
Date:                Tue, 31 Mar 2026   Prob (F-statistic):               0.00
Time:                        11:32:35   Log-Likelihood:                 518.85
No. Observations:                3972   AIC:                            -907.7
Df Residuals:                    3907   BIC:                            -499.1
Df Model:                          64                                         
Covariance Type:            nonrobust                                         
============================================================================================
                               coef    std err          t      P>|t|      [0.025      0.975]
--------------------------------------------------------------------------------------------
const                        3.3779      0.049     69.324      0.000       3.282       3.473
FLead                        0.0475      0.008      5.857      0.000       0.032       0.063
mean_pooled                 -0.2336      0.004    -52.619      0.000      -0.242      -0.225
kim_violence_gore            0.0124      0.003      4.844      0.000       0.007       0.017
kim_sex_nudity               0.0113      0.002      5.521      0.000       0.007       0.015
kim_language                -0.0148      0.002     -7.845      0.000      -0.019      -0.011
major                       -0.0398      0.008     -4.918      0.000      -0.056      -0.024
log_bom_opening_theaters     0.0057      0.002      3.185      0.001       0.002       0.009
genres_count                -0.0097      0.007     -1.420      0.156      -0.023       0.004
yr_1993                     -0.0061      0.035     -0.174      0.862      -0.074       0.062
yr_1994                     -0.0033      0.035     -0.092      0.927      -0.073       0.066
yr_1995                      0.0435      0.035      1.245      0.213      -0.025       0.112
yr_1996                      0.0086      0.034      0.251      0.802      -0.059       0.076
yr_1997                      0.0134      0.035      0.382      0.703      -0.055       0.082
yr_1998                      0.0555      0.034      1.643      0.101      -0.011       0.122
yr_1999                      0.0633      0.033      1.918      0.055      -0.001       0.128
yr_2000                     -0.0084      0.034     -0.247      0.805      -0.075       0.058
yr_2001                      0.0557      0.033      1.674      0.094      -0.010       0.121
yr_2002                      0.0173      0.033      0.528      0.598      -0.047       0.082
yr_2003                     -0.0004      0.033     -0.011      0.991      -0.065       0.064
yr_2004                      0.0609      0.033      1.861      0.063      -0.003       0.125
yr_2005                      0.0462      0.032      1.425      0.154      -0.017       0.110
yr_2006                      0.0978      0.032      3.033      0.002       0.035       0.161
yr_2007                      0.1101      0.032      3.427      0.001       0.047       0.173
yr_2008                      0.0523      0.032      1.615      0.106      -0.011       0.116
yr_2009                      0.0310      0.033      0.945      0.345      -0.033       0.095
yr_2010                      0.0261      0.033      0.801      0.423      -0.038       0.090
yr_2011                      0.0296      0.032      0.919      0.358      -0.034       0.093
yr_2012                      0.0147      0.032      0.460      0.645      -0.048       0.077
yr_2013                      0.0067      0.032      0.208      0.835      -0.056       0.070
yr_2014                      0.0396      0.032      1.219      0.223      -0.024       0.103
yr_2015                     -0.0319      0.032     -0.988      0.323      -0.095       0.031
yr_2016                     -0.0355      0.033     -1.089      0.276      -0.099       0.028
yr_2017                      0.0230      0.033      0.701      0.483      -0.041       0.087
yr_2018                      0.0154      0.033      0.467      0.640      -0.049       0.080
mo_2                         0.0068      0.020      0.350      0.726      -0.032       0.045
mo_3                        -0.0047      0.019     -0.254      0.799      -0.041       0.032
mo_4                         0.0004      0.019      0.021      0.983      -0.036       0.037
mo_5                        -0.0145      0.020     -0.730      0.465      -0.053       0.024
mo_6                        -0.0242      0.020     -1.235      0.217      -0.062       0.014
mo_7                        -0.0222      0.019     -1.167      0.243      -0.060       0.015
mo_8                        -0.0251      0.018     -1.371      0.170      -0.061       0.011
mo_9                        -0.0284      0.019     -1.523      0.128      -0.065       0.008
mo_10                       -0.0075      0.018     -0.412      0.680      -0.043       0.028
mo_11                       -0.0244      0.019     -1.292      0.197      -0.061       0.013
mo_12                       -0.0254      0.018     -1.395      0.163      -0.061       0.010
genre_Action                -0.0554      0.011     -5.185      0.000      -0.076      -0.034
genre_Adventure             -0.0051      0.011     -0.449      0.654      -0.027       0.017
genre_Animation             -0.0281      0.018     -1.555      0.120      -0.064       0.007
genre_Biography             -0.0921      0.014     -6.405      0.000      -0.120      -0.064
genre_Comedy                -0.0019      0.010     -0.197      0.844      -0.021       0.017
genre_Crime                 -0.0900      0.010     -8.711      0.000      -0.110      -0.070
genre_Drama                  0.0138      0.010      1.443      0.149      -0.005       0.033
genre_Family                 0.0723      0.015      4.923      0.000       0.044       0.101
genre_Fantasy                0.0032      0.013      0.252      0.801      -0.022       0.028
genre_History                0.0162      0.021      0.787      0.431      -0.024       0.057
genre_Horror                -0.0356      0.015     -2.423      0.015      -0.064      -0.007
genre_Music                  0.1115      0.019      5.795      0.000       0.074       0.149
genre_Musical                0.3175      0.044      7.178      0.000       0.231       0.404
genre_Mystery               -0.0571      0.013     -4.510      0.000      -0.082      -0.032
genre_News                 2.25e-17   7.36e-18      3.056      0.002    8.07e-18    3.69e-17
genre_Romance               -0.0184      0.010     -1.769      0.077      -0.039       0.002
genre_Sci_Fi                -0.0138      0.014     -1.013      0.311      -0.041       0.013
genre_Short               1.101e-18    2.9e-18      0.379      0.704   -4.59e-18    6.79e-18
genre_Sport                 -0.0372      0.021     -1.774      0.076      -0.078       0.004
genre_Thriller              -0.0735      0.011     -6.842      0.000      -0.095      -0.052
genre_War                    0.0119      0.030      0.402      0.688      -0.046       0.070
genre_Western               -0.0479      0.052     -0.929      0.353      -0.149       0.053
==============================================================================
Omnibus:                     1632.573   Durbin-Watson:                   2.006
Prob(Omnibus):                  0.000   Jarque-Bera (JB):            13188.989
Skew:                           1.752   Prob(JB):                         0.00
Kurtosis:                      11.211   Cond. No.                     1.02e+16
==============================================================================

Notes:
[1] Standard Errors assume that the covariance matrix of the errors is correctly specified.
[2] The smallest eigenvalue is 6.32e-27. This might indicate that there are
strong multicollinearity problems or that the design matrix is singular.