                            OLS Regression Results                            
==============================================================================
Dep. Variable:              sd_pooled   R-squared:                       0.559
Model:                            OLS   Adj. R-squared:                  0.552
Method:                 Least Squares   F-statistic:                     78.07
Date:                Tue, 31 Mar 2026   Prob (F-statistic):               0.00
Time:                        19:25:47   Log-Likelihood:                 518.20
No. Observations:                4012   AIC:                            -906.4
Df Residuals:                    3947   BIC:                            -497.1
Df Model:                          64                                         
Covariance Type:            nonrobust                                         
============================================================================================
                               coef    std err          t      P>|t|      [0.025      0.975]
--------------------------------------------------------------------------------------------
const                        3.3752      0.049     69.505      0.000       3.280       3.470
FLead                        0.0482      0.008      5.966      0.000       0.032       0.064
mean_pooled                 -0.2343      0.004    -52.907      0.000      -0.243      -0.226
kim_violence_gore            0.0106      0.003      4.167      0.000       0.006       0.016
kim_sex_nudity               0.0099      0.002      4.843      0.000       0.006       0.014
kim_language                -0.0103      0.002     -5.765      0.000      -0.014      -0.007
major                       -0.0390      0.008     -4.834      0.000      -0.055      -0.023
log_bom_opening_theaters     0.0055      0.002      3.088      0.002       0.002       0.009
genres_count                -0.0071      0.007     -1.043      0.297      -0.020       0.006
yr_1993                     -0.0045      0.035     -0.130      0.897      -0.072       0.063
yr_1994                     -0.0037      0.035     -0.104      0.917      -0.073       0.066
yr_1995                      0.0399      0.035      1.147      0.252      -0.028       0.108
yr_1996                      0.0036      0.034      0.105      0.916      -0.063       0.071
yr_1997                      0.0076      0.035      0.218      0.827      -0.061       0.076
yr_1998                      0.0551      0.034      1.640      0.101      -0.011       0.121
yr_1999                      0.0542      0.033      1.660      0.097      -0.010       0.118
yr_2000                     -0.0129      0.034     -0.384      0.701      -0.079       0.053
yr_2001                      0.0534      0.033      1.613      0.107      -0.011       0.118
yr_2002                      0.0142      0.033      0.436      0.663      -0.050       0.078
yr_2003                     -0.0014      0.033     -0.043      0.966      -0.066       0.063
yr_2004                      0.0638      0.033      1.958      0.050   -8.58e-05       0.128
yr_2005                      0.0505      0.032      1.562      0.118      -0.013       0.114
yr_2006                      0.0986      0.032      3.072      0.002       0.036       0.161
yr_2007                      0.1096      0.032      3.430      0.001       0.047       0.172
yr_2008                      0.0505      0.032      1.570      0.117      -0.013       0.114
yr_2009                      0.0323      0.033      0.992      0.321      -0.032       0.096
yr_2010                      0.0249      0.032      0.767      0.443      -0.039       0.089
yr_2011                      0.0281      0.032      0.880      0.379      -0.034       0.091
yr_2012                      0.0127      0.032      0.400      0.689      -0.050       0.075
yr_2013                      0.0033      0.032      0.105      0.917      -0.059       0.066
yr_2014                      0.0344      0.032      1.064      0.287      -0.029       0.098
yr_2015                     -0.0365      0.032     -1.137      0.256      -0.099       0.026
yr_2016                     -0.0379      0.032     -1.169      0.242      -0.101       0.026
yr_2017                      0.0152      0.033      0.464      0.643      -0.049       0.079
yr_2018                      0.0094      0.033      0.288      0.773      -0.055       0.074
mo_2                         0.0095      0.020      0.485      0.628      -0.029       0.048
mo_3                        -0.0047      0.019     -0.254      0.799      -0.041       0.032
mo_4                         0.0017      0.019      0.092      0.927      -0.035       0.039
mo_5                        -0.0091      0.020     -0.460      0.646      -0.048       0.030
mo_6                        -0.0239      0.020     -1.226      0.220      -0.062       0.014
mo_7                        -0.0222      0.019     -1.168      0.243      -0.059       0.015
mo_8                        -0.0247      0.018     -1.348      0.178      -0.061       0.011
mo_9                        -0.0275      0.019     -1.476      0.140      -0.064       0.009
mo_10                       -0.0060      0.018     -0.330      0.742      -0.042       0.030
mo_11                       -0.0216      0.019     -1.147      0.251      -0.058       0.015
mo_12                       -0.0254      0.018     -1.398      0.162      -0.061       0.010
genre_Action                -0.0561      0.011     -5.269      0.000      -0.077      -0.035
genre_Adventure             -0.0027      0.011     -0.237      0.813      -0.025       0.019
genre_Animation             -0.0187      0.018     -1.041      0.298      -0.054       0.017
genre_Biography             -0.0943      0.014     -6.606      0.000      -0.122      -0.066
genre_Comedy                -0.0100      0.009     -1.053      0.292      -0.029       0.009
genre_Crime                 -0.0958      0.010     -9.386      0.000      -0.116      -0.076
genre_Drama                  0.0106      0.010      1.111      0.267      -0.008       0.029
genre_Family                 0.0765      0.015      5.243      0.000       0.048       0.105
genre_Fantasy                0.0101      0.013      0.798      0.425      -0.015       0.035
genre_History                0.0258      0.020      1.261      0.207      -0.014       0.066
genre_Horror                -0.0367      0.015     -2.506      0.012      -0.065      -0.008
genre_Music                  0.1092      0.019      5.690      0.000       0.072       0.147
genre_Musical                0.3235      0.043      7.465      0.000       0.239       0.408
genre_Mystery               -0.0594      0.013     -4.705      0.000      -0.084      -0.035
genre_News                1.872e-17   7.86e-17      0.238      0.812   -1.35e-16    1.73e-16
genre_Romance               -0.0186      0.010     -1.801      0.072      -0.039       0.002
genre_Sci_Fi                -0.0135      0.014     -0.991      0.322      -0.040       0.013
genre_Short               1.222e-17   9.97e-18      1.225      0.221   -7.33e-18    3.18e-17
genre_Sport                 -0.0413      0.021     -1.986      0.047      -0.082      -0.001
genre_Thriller              -0.0790      0.011     -7.421      0.000      -0.100      -0.058
genre_War                    0.0077      0.029      0.264      0.792      -0.050       0.065
genre_Western               -0.0444      0.052     -0.859      0.391      -0.146       0.057
==============================================================================
Omnibus:                     1668.509   Durbin-Watson:                   2.003
Prob(Omnibus):                  0.000   Jarque-Bera (JB):            13779.830
Skew:                           1.770   Prob(JB):                         0.00
Kurtosis:                      11.361   Cond. No.                     1.02e+16
==============================================================================

Notes:
[1] Standard Errors assume that the covariance matrix of the errors is correctly specified.
[2] The smallest eigenvalue is 6.39e-27. This might indicate that there are
strong multicollinearity problems or that the design matrix is singular.