                            OLS Regression Results                            
==============================================================================
Dep. Variable:              sd_pooled   R-squared:                       0.559
Model:                            OLS   Adj. R-squared:                  0.552
Method:                 Least Squares   F-statistic:                     78.09
Date:                Tue, 31 Mar 2026   Prob (F-statistic):               0.00
Time:                        19:28:19   Log-Likelihood:                 518.53
No. Observations:                4012   AIC:                            -907.1
Df Residuals:                    3947   BIC:                            -497.8
Df Model:                          64                                         
Covariance Type:            nonrobust                                         
============================================================================================
                               coef    std err          t      P>|t|      [0.025      0.975]
--------------------------------------------------------------------------------------------
const                        3.3772      0.049     69.549      0.000       3.282       3.472
FLead                        0.0496      0.008      6.164      0.000       0.034       0.065
mean_pooled                 -0.2345      0.004    -53.021      0.000      -0.243      -0.226
kim_violence_gore            0.0105      0.003      4.121      0.000       0.005       0.015
kim_sex_nudity               0.0100      0.002      4.910      0.000       0.006       0.014
kim_language                -0.0103      0.002     -5.821      0.000      -0.014      -0.007
major                       -0.0391      0.008     -4.850      0.000      -0.055      -0.023
log_bom_opening_theaters     0.0056      0.002      3.179      0.001       0.002       0.009
genres_count                -0.0068      0.007     -0.999      0.318      -0.020       0.007
yr_1993                     -0.0088      0.035     -0.254      0.800      -0.077       0.059
yr_1994                     -0.0055      0.035     -0.155      0.877      -0.075       0.064
yr_1995                      0.0388      0.035      1.115      0.265      -0.029       0.107
yr_1996                      0.0012      0.034      0.035      0.972      -0.066       0.068
yr_1997                      0.0032      0.035      0.091      0.927      -0.065       0.071
yr_1998                      0.0506      0.034      1.509      0.131      -0.015       0.116
yr_1999                      0.0513      0.033      1.569      0.117      -0.013       0.115
yr_2000                     -0.0158      0.034     -0.469      0.639      -0.082       0.050
yr_2001                      0.0515      0.033      1.555      0.120      -0.013       0.116
yr_2002                      0.0121      0.033      0.370      0.711      -0.052       0.076
yr_2003                     -0.0045      0.033     -0.137      0.891      -0.069       0.060
yr_2004                      0.0619      0.033      1.902      0.057      -0.002       0.126
yr_2005                      0.0463      0.032      1.434      0.152      -0.017       0.110
yr_2006                      0.0963      0.032      3.002      0.003       0.033       0.159
yr_2007                      0.1083      0.032      3.388      0.001       0.046       0.171
yr_2008                      0.0502      0.032      1.560      0.119      -0.013       0.113
yr_2009                      0.0295      0.033      0.905      0.365      -0.034       0.093
yr_2010                      0.0218      0.032      0.670      0.503      -0.042       0.085
yr_2011                      0.0268      0.032      0.840      0.401      -0.036       0.089
yr_2012                      0.0099      0.032      0.310      0.756      -0.052       0.072
yr_2013                      0.0014      0.032      0.045      0.964      -0.061       0.064
yr_2014                      0.0323      0.032      0.999      0.318      -0.031       0.096
yr_2015                     -0.0389      0.032     -1.214      0.225      -0.102       0.024
yr_2016                     -0.0432      0.032     -1.338      0.181      -0.107       0.020
yr_2017                      0.0123      0.033      0.377      0.707      -0.052       0.076
yr_2018                      0.0067      0.033      0.204      0.838      -0.058       0.071
mo_2                         0.0116      0.020      0.596      0.551      -0.027       0.050
mo_3                        -0.0022      0.019     -0.116      0.907      -0.039       0.034
mo_4                         0.0043      0.019      0.230      0.818      -0.032       0.041
mo_5                        -0.0072      0.020     -0.363      0.717      -0.046       0.032
mo_6                        -0.0223      0.020     -1.143      0.253      -0.061       0.016
mo_7                        -0.0210      0.019     -1.108      0.268      -0.058       0.016
mo_8                        -0.0231      0.018     -1.261      0.207      -0.059       0.013
mo_9                        -0.0269      0.019     -1.442      0.149      -0.063       0.010
mo_10                       -0.0064      0.018     -0.348      0.728      -0.042       0.030
mo_11                       -0.0200      0.019     -1.061      0.289      -0.057       0.017
mo_12                       -0.0228      0.018     -1.253      0.210      -0.058       0.013
genre_Action                -0.0569      0.011     -5.344      0.000      -0.078      -0.036
genre_Adventure             -0.0039      0.011     -0.347      0.729      -0.026       0.018
genre_Animation             -0.0198      0.018     -1.103      0.270      -0.055       0.015
genre_Biography             -0.0954      0.014     -6.685      0.000      -0.123      -0.067
genre_Comedy                -0.0113      0.009     -1.198      0.231      -0.030       0.007
genre_Crime                 -0.0966      0.010     -9.479      0.000      -0.117      -0.077
genre_Drama                  0.0097      0.010      1.018      0.309      -0.009       0.028
genre_Family                 0.0780      0.015      5.355      0.000       0.049       0.107
genre_Fantasy                0.0062      0.013      0.485      0.628      -0.019       0.031
genre_History                0.0244      0.020      1.194      0.233      -0.016       0.065
genre_Horror                -0.0373      0.015     -2.548      0.011      -0.066      -0.009
genre_Music                  0.1072      0.019      5.594      0.000       0.070       0.145
genre_Musical                0.3320      0.043      7.666      0.000       0.247       0.417
genre_Mystery               -0.0602      0.013     -4.768      0.000      -0.085      -0.035
genre_News               -5.277e-18   5.26e-17     -0.100      0.920   -1.08e-16    9.78e-17
genre_Romance               -0.0193      0.010     -1.866      0.062      -0.040       0.001
genre_Sci_Fi                -0.0139      0.014     -1.019      0.308      -0.041       0.013
genre_Short               7.649e-18   4.75e-18      1.609      0.108   -1.67e-18     1.7e-17
genre_Sport                 -0.0401      0.021     -1.927      0.054      -0.081       0.001
genre_Thriller              -0.0800      0.011     -7.526      0.000      -0.101      -0.059
genre_War                    0.0093      0.029      0.317      0.752      -0.048       0.067
genre_Western               -0.0388      0.052     -0.751      0.453      -0.140       0.062
==============================================================================
Omnibus:                     1668.979   Durbin-Watson:                   2.005
Prob(Omnibus):                  0.000   Jarque-Bera (JB):            13824.691
Skew:                           1.769   Prob(JB):                         0.00
Kurtosis:                      11.377   Cond. No.                     1.02e+16
==============================================================================

Notes:
[1] Standard Errors assume that the covariance matrix of the errors is correctly specified.
[2] The smallest eigenvalue is 6.36e-27. This might indicate that there are
strong multicollinearity problems or that the design matrix is singular.