                            OLS Regression Results                            
==============================================================================
Dep. Variable:              sd_pooled   R-squared:                       0.559
Model:                            OLS   Adj. R-squared:                  0.552
Method:                 Least Squares   F-statistic:                     78.13
Date:                Wed, 01 Apr 2026   Prob (F-statistic):               0.00
Time:                        00:28:23   Log-Likelihood:                 519.15
No. Observations:                4012   AIC:                            -908.3
Df Residuals:                    3947   BIC:                            -499.0
Df Model:                          64                                         
Covariance Type:            nonrobust                                         
============================================================================================
                               coef    std err          t      P>|t|      [0.025      0.975]
--------------------------------------------------------------------------------------------
const                        3.4129      0.049     69.669      0.000       3.317       3.509
FLead                        0.0529      0.008      6.594      0.000       0.037       0.069
mean_pooled                 -0.2373      0.004    -53.977      0.000      -0.246      -0.229
kim_violence_gore            0.0083      0.002      3.324      0.001       0.003       0.013
kim_sex_nudity               0.0087      0.002      4.413      0.000       0.005       0.013
kim_language                -0.0148      0.003     -5.925      0.000      -0.020      -0.010
major                       -0.0369      0.008     -4.575      0.000      -0.053      -0.021
log_bom_opening_theaters     0.0054      0.002      3.034      0.002       0.002       0.009
genres_count                -0.0066      0.007     -0.969      0.333      -0.020       0.007
yr_1993                     -0.0041      0.035     -0.119      0.906      -0.072       0.064
yr_1994                  -8.057e-06      0.035     -0.000      1.000      -0.069       0.069
yr_1995                      0.0355      0.035      1.019      0.308      -0.033       0.104
yr_1996                      0.0043      0.034      0.127      0.899      -0.063       0.071
yr_1997                      0.0051      0.035      0.146      0.884      -0.063       0.073
yr_1998                      0.0533      0.034      1.590      0.112      -0.012       0.119
yr_1999                      0.0520      0.033      1.592      0.111      -0.012       0.116
yr_2000                     -0.0146      0.034     -0.434      0.664      -0.081       0.051
yr_2001                      0.0610      0.033      1.839      0.066      -0.004       0.126
yr_2002                      0.0184      0.033      0.563      0.573      -0.046       0.082
yr_2003                      0.0045      0.033      0.136      0.892      -0.060       0.069
yr_2004                      0.0695      0.033      2.134      0.033       0.006       0.133
yr_2005                      0.0561      0.032      1.736      0.083      -0.007       0.120
yr_2006                      0.1051      0.032      3.274      0.001       0.042       0.168
yr_2007                      0.1185      0.032      3.703      0.000       0.056       0.181
yr_2008                      0.0570      0.032      1.769      0.077      -0.006       0.120
yr_2009                      0.0363      0.033      1.112      0.266      -0.028       0.100
yr_2010                      0.0290      0.033      0.891      0.373      -0.035       0.093
yr_2011                      0.0345      0.032      1.079      0.281      -0.028       0.097
yr_2012                      0.0162      0.032      0.508      0.611      -0.046       0.079
yr_2013                      0.0055      0.032      0.171      0.864      -0.057       0.068
yr_2014                      0.0367      0.032      1.135      0.256      -0.027       0.100
yr_2015                     -0.0389      0.032     -1.213      0.225      -0.102       0.024
yr_2016                     -0.0388      0.032     -1.199      0.231      -0.102       0.025
yr_2017                      0.0163      0.033      0.498      0.618      -0.048       0.080
yr_2018                      0.0043      0.033      0.132      0.895      -0.060       0.068
mo_2                         0.0119      0.020      0.612      0.541      -0.026       0.050
mo_3                        -0.0050      0.019     -0.267      0.790      -0.041       0.031
mo_4                         0.0039      0.019      0.207      0.836      -0.033       0.041
mo_5                        -0.0080      0.020     -0.403      0.687      -0.047       0.031
mo_6                        -0.0243      0.020     -1.247      0.212      -0.063       0.014
mo_7                        -0.0219      0.019     -1.155      0.248      -0.059       0.015
mo_8                        -0.0251      0.018     -1.369      0.171      -0.061       0.011
mo_9                        -0.0280      0.019     -1.505      0.132      -0.065       0.008
mo_10                       -0.0067      0.018     -0.366      0.715      -0.043       0.029
mo_11                       -0.0193      0.019     -1.026      0.305      -0.056       0.018
mo_12                       -0.0232      0.018     -1.273      0.203      -0.059       0.013
genre_Action                -0.0548      0.011     -5.143      0.000      -0.076      -0.034
genre_Adventure             -0.0016      0.011     -0.141      0.888      -0.024       0.020
genre_Animation             -0.0277      0.018     -1.528      0.127      -0.063       0.008
genre_Biography             -0.0959      0.014     -6.721      0.000      -0.124      -0.068
genre_Comedy                -0.0138      0.009     -1.468      0.142      -0.032       0.005
genre_Crime                 -0.1008      0.010     -9.965      0.000      -0.121      -0.081
genre_Drama                  0.0079      0.010      0.833      0.405      -0.011       0.027
genre_Family                 0.0694      0.015      4.712      0.000       0.041       0.098
genre_Fantasy                0.0092      0.013      0.725      0.468      -0.016       0.034
genre_History                0.0289      0.020      1.414      0.157      -0.011       0.069
genre_Horror                -0.0351      0.015     -2.396      0.017      -0.064      -0.006
genre_Music                  0.1056      0.019      5.514      0.000       0.068       0.143
genre_Musical                0.3275      0.043      7.562      0.000       0.243       0.412
genre_Mystery               -0.0574      0.013     -4.551      0.000      -0.082      -0.033
genre_News                 -5.4e-18   1.78e-17     -0.304      0.761   -4.02e-17    2.94e-17
genre_Romance               -0.0160      0.010     -1.548      0.122      -0.036       0.004
genre_Sci_Fi                -0.0129      0.014     -0.945      0.345      -0.040       0.014
genre_Short              -2.139e-18   6.69e-18     -0.320      0.749   -1.52e-17     1.1e-17
genre_Sport                 -0.0378      0.021     -1.818      0.069      -0.079       0.003
genre_Thriller              -0.0804      0.011     -7.568      0.000      -0.101      -0.060
genre_War                    0.0138      0.029      0.470      0.638      -0.044       0.071
genre_Western               -0.0346      0.052     -0.670      0.503      -0.136       0.067
==============================================================================
Omnibus:                     1707.186   Durbin-Watson:                   2.007
Prob(Omnibus):                  0.000   Jarque-Bera (JB):            14877.563
Skew:                           1.802   Prob(JB):                         0.00
Kurtosis:                      11.719   Cond. No.                     1.02e+16
==============================================================================

Notes:
[1] Standard Errors assume that the covariance matrix of the errors is correctly specified.
[2] The smallest eigenvalue is 5.93e-27. This might indicate that there are
strong multicollinearity problems or that the design matrix is singular.