                            OLS Regression Results                            
==============================================================================
Dep. Variable:              sd_pooled   R-squared:                       0.562
Model:                            OLS   Adj. R-squared:                  0.552
Method:                 Least Squares   F-statistic:                     55.11
Date:                Tue, 31 Mar 2026   Prob (F-statistic):               0.00
Time:                        15:25:49   Log-Likelihood:                 410.75
No. Observations:                2809   AIC:                            -691.5
Df Residuals:                    2744   BIC:                            -305.4
Df Model:                          64                                         
Covariance Type:            nonrobust                                         
============================================================================================
                               coef    std err          t      P>|t|      [0.025      0.975]
--------------------------------------------------------------------------------------------
const                        3.3282      0.059     56.061      0.000       3.212       3.445
FLead                        0.0443      0.010      4.626      0.000       0.026       0.063
mean_pooled                 -0.2332      0.005    -44.737      0.000      -0.243      -0.223
kim_violence_gore            0.0142      0.003      4.604      0.000       0.008       0.020
kim_sex_nudity               0.0125      0.002      5.192      0.000       0.008       0.017
kim_language                -0.0162      0.002     -7.294      0.000      -0.021      -0.012
major                       -0.0400      0.010     -4.198      0.000      -0.059      -0.021
log_bom_opening_theaters     0.0040      0.002      1.925      0.054   -7.45e-05       0.008
genres_count                -0.0031      0.008     -0.378      0.705      -0.019       0.013
yr_1993                      0.0088      0.045      0.196      0.845      -0.079       0.097
yr_1994                      0.0212      0.045      0.473      0.636      -0.067       0.109
yr_1995                      0.0672      0.044      1.514      0.130      -0.020       0.154
yr_1996                      0.0298      0.043      0.687      0.492      -0.055       0.115
yr_1997                      0.0346      0.044      0.784      0.433      -0.052       0.121
yr_1998                      0.0810      0.043      1.869      0.062      -0.004       0.166
yr_1999                      0.0824      0.042      1.962      0.050    6.84e-05       0.165
yr_2000                      0.0083      0.043      0.193      0.847      -0.076       0.092
yr_2001                      0.1087      0.042      2.571      0.010       0.026       0.192
yr_2002                      0.0390      0.042      0.929      0.353      -0.043       0.121
yr_2003                      0.0212      0.043      0.494      0.621      -0.063       0.105
yr_2004                      0.0981      0.043      2.309      0.021       0.015       0.181
yr_2005                      0.0416      0.041      1.005      0.315      -0.040       0.123
yr_2006                      0.1261      0.042      3.035      0.002       0.045       0.208
yr_2007                      0.1218      0.041      2.967      0.003       0.041       0.202
yr_2008                      0.0586      0.042      1.403      0.161      -0.023       0.141
yr_2009                      0.0546      0.041      1.318      0.188      -0.027       0.136
yr_2010                      0.0344      0.041      0.830      0.407      -0.047       0.116
yr_2011                      0.0352      0.041      0.855      0.393      -0.046       0.116
yr_2012                      0.0325      0.041      0.789      0.430      -0.048       0.113
yr_2013                      0.0411      0.041      0.998      0.318      -0.040       0.122
yr_2014                      0.0543      0.041      1.315      0.189      -0.027       0.135
yr_2015                     -0.0122      0.041     -0.295      0.768      -0.093       0.069
yr_2016                     -0.0182      0.042     -0.433      0.665      -0.101       0.064
yr_2017                      0.0476      0.042      1.129      0.259      -0.035       0.130
yr_2018                      0.0211      0.042      0.506      0.613      -0.061       0.103
mo_2                         0.0209      0.023      0.917      0.359      -0.024       0.066
mo_3                         0.0160      0.022      0.744      0.457      -0.026       0.058
mo_4                         0.0114      0.022      0.522      0.602      -0.031       0.054
mo_5                        -0.0109      0.023     -0.466      0.642      -0.057       0.035
mo_6                        -0.0122      0.023     -0.537      0.592      -0.057       0.032
mo_7                        -0.0083      0.022     -0.376      0.707      -0.052       0.035
mo_8                        -0.0108      0.021     -0.507      0.612      -0.052       0.031
mo_9                        -0.0248      0.022     -1.147      0.252      -0.067       0.018
mo_10                       -0.0076      0.021     -0.357      0.721      -0.050       0.034
mo_11                       -0.0251      0.022     -1.134      0.257      -0.068       0.018
mo_12                       -0.0197      0.021     -0.933      0.351      -0.061       0.022
genre_Action                -0.0465      0.013     -3.690      0.000      -0.071      -0.022
genre_Adventure             -0.0155      0.013     -1.172      0.241      -0.041       0.010
genre_Animation             -0.0266      0.022     -1.202      0.230      -0.070       0.017
genre_Biography             -0.0820      0.017     -4.768      0.000      -0.116      -0.048
genre_Comedy                -0.0008      0.011     -0.067      0.946      -0.023       0.022
genre_Crime                 -0.0944      0.012     -7.824      0.000      -0.118      -0.071
genre_Drama                  0.0223      0.011      1.988      0.047       0.000       0.044
genre_Family                 0.0875      0.017      5.016      0.000       0.053       0.122
genre_Fantasy               -0.0025      0.015     -0.165      0.869      -0.032       0.027
genre_History                0.0104      0.024      0.432      0.666      -0.037       0.058
genre_Horror                -0.0232      0.018     -1.323      0.186      -0.058       0.011
genre_Music                  0.1124      0.023      4.840      0.000       0.067       0.158
genre_Musical                0.3004      0.055      5.462      0.000       0.193       0.408
genre_Mystery               -0.0634      0.015     -4.239      0.000      -0.093      -0.034
genre_News                -3.81e-17   6.88e-18     -5.536      0.000   -5.16e-17   -2.46e-17
genre_Romance               -0.0157      0.012     -1.274      0.203      -0.040       0.008
genre_Sci_Fi                -0.0200      0.016     -1.263      0.207      -0.051       0.011
genre_Short               7.051e-18   3.12e-18      2.257      0.024    9.24e-19    1.32e-17
genre_Sport                 -0.0486      0.025     -1.964      0.050      -0.097   -6.71e-05
genre_Thriller              -0.0772      0.013     -6.051      0.000      -0.102      -0.052
genre_War                    0.0219      0.033      0.672      0.502      -0.042       0.086
genre_Western               -0.0417      0.062     -0.676      0.499      -0.163       0.079
==============================================================================
Omnibus:                     1238.608   Durbin-Watson:                   2.038
Prob(Omnibus):                  0.000   Jarque-Bera (JB):            12171.113
Skew:                           1.829   Prob(JB):                         0.00
Kurtosis:                      12.519   Cond. No.                     1.02e+16
==============================================================================

Notes:
[1] Standard Errors assume that the covariance matrix of the errors is correctly specified.
[2] The smallest eigenvalue is 4.49e-27. This might indicate that there are
strong multicollinearity problems or that the design matrix is singular.