                            OLS Regression Results                            
==============================================================================
Dep. Variable:              sd_pooled   R-squared:                       0.560
Model:                            OLS   Adj. R-squared:                  0.553
Method:                 Least Squares   F-statistic:                     78.44
Date:                Tue, 31 Mar 2026   Prob (F-statistic):               0.00
Time:                        22:47:52   Log-Likelihood:                 523.55
No. Observations:                4012   AIC:                            -917.1
Df Residuals:                    3947   BIC:                            -507.8
Df Model:                          64                                         
Covariance Type:            nonrobust                                         
============================================================================================
                               coef    std err          t      P>|t|      [0.025      0.975]
--------------------------------------------------------------------------------------------
const                        3.3875      0.049     69.829      0.000       3.292       3.483
FLead                        0.0451      0.008      5.590      0.000       0.029       0.061
mean_pooled                 -0.2320      0.004    -52.686      0.000      -0.241      -0.223
kim_violence_gore            0.0043      0.002      1.763      0.078      -0.000       0.009
kim_sex_nudity               0.0133      0.002      6.677      0.000       0.009       0.017
kim_language                -0.0136      0.002     -7.280      0.000      -0.017      -0.010
major                       -0.0406      0.008     -5.035      0.000      -0.056      -0.025
log_bom_opening_theaters     0.0059      0.002      3.317      0.001       0.002       0.009
genres_count                -0.0056      0.007     -0.831      0.406      -0.019       0.008
yr_1993                     -0.0002      0.035     -0.004      0.996      -0.068       0.067
yr_1994                      0.0009      0.035      0.026      0.979      -0.068       0.070
yr_1995                      0.0488      0.035      1.405      0.160      -0.019       0.117
yr_1996                      0.0138      0.034      0.405      0.685      -0.053       0.081
yr_1997                      0.0182      0.035      0.525      0.600      -0.050       0.086
yr_1998                      0.0611      0.034      1.823      0.068      -0.005       0.127
yr_1999                      0.0669      0.033      2.051      0.040       0.003       0.131
yr_2000                     -0.0054      0.034     -0.159      0.874      -0.071       0.061
yr_2001                      0.0638      0.033      1.928      0.054      -0.001       0.129
yr_2002                      0.0208      0.033      0.639      0.523      -0.043       0.085
yr_2003                      0.0049      0.033      0.151      0.880      -0.059       0.069
yr_2004                      0.0679      0.033      2.089      0.037       0.004       0.132
yr_2005                      0.0552      0.032      1.712      0.087      -0.008       0.118
yr_2006                      0.1068      0.032      3.338      0.001       0.044       0.169
yr_2007                      0.1193      0.032      3.741      0.000       0.057       0.182
yr_2008                      0.0595      0.032      1.851      0.064      -0.004       0.123
yr_2009                      0.0405      0.032      1.247      0.213      -0.023       0.104
yr_2010                      0.0348      0.032      1.074      0.283      -0.029       0.098
yr_2011                      0.0366      0.032      1.147      0.252      -0.026       0.099
yr_2012                      0.0220      0.032      0.694      0.488      -0.040       0.084
yr_2013                      0.0131      0.032      0.411      0.681      -0.050       0.076
yr_2014                      0.0422      0.032      1.304      0.192      -0.021       0.106
yr_2015                     -0.0301      0.032     -0.937      0.349      -0.093       0.033
yr_2016                     -0.0318      0.032     -0.984      0.325      -0.095       0.032
yr_2017                      0.0230      0.033      0.703      0.482      -0.041       0.087
yr_2018                      0.0185      0.033      0.563      0.573      -0.046       0.083
mo_2                         0.0075      0.019      0.386      0.700      -0.031       0.046
mo_3                        -0.0046      0.019     -0.247      0.805      -0.041       0.032
mo_4                         0.0019      0.019      0.102      0.919      -0.035       0.039
mo_5                        -0.0131      0.020     -0.660      0.509      -0.052       0.026
mo_6                        -0.0267      0.020     -1.370      0.171      -0.065       0.012
mo_7                        -0.0245      0.019     -1.293      0.196      -0.062       0.013
mo_8                        -0.0264      0.018     -1.442      0.149      -0.062       0.009
mo_9                        -0.0291      0.019     -1.567      0.117      -0.066       0.007
mo_10                       -0.0063      0.018     -0.347      0.729      -0.042       0.029
mo_11                       -0.0242      0.019     -1.285      0.199      -0.061       0.013
mo_12                       -0.0257      0.018     -1.416      0.157      -0.061       0.010
genre_Action                -0.0467      0.010     -4.463      0.000      -0.067      -0.026
genre_Adventure             -0.0061      0.011     -0.540      0.590      -0.028       0.016
genre_Animation             -0.0340      0.018     -1.893      0.058      -0.069       0.001
genre_Biography             -0.0961      0.014     -6.747      0.000      -0.124      -0.068
genre_Comedy                -0.0165      0.009     -1.826      0.068      -0.034       0.001
genre_Crime                 -0.0849      0.010     -8.285      0.000      -0.105      -0.065
genre_Drama                  0.0085      0.009      0.898      0.369      -0.010       0.027
genre_Family                 0.0655      0.015      4.501      0.000       0.037       0.094
genre_Fantasy                0.0051      0.013      0.403      0.687      -0.020       0.030
genre_History                0.0234      0.020      1.146      0.252      -0.017       0.063
genre_Horror                -0.0119      0.014     -0.862      0.389      -0.039       0.015
genre_Music                  0.1004      0.019      5.281      0.000       0.063       0.138
genre_Musical                0.3116      0.043      7.204      0.000       0.227       0.396
genre_Mystery               -0.0611      0.013     -4.837      0.000      -0.086      -0.036
genre_News                 -1.3e-19    2.9e-18     -0.045      0.964   -5.82e-18    5.56e-18
genre_Romance               -0.0298      0.010     -2.969      0.003      -0.049      -0.010
genre_Sci_Fi                -0.0119      0.014     -0.876      0.381      -0.039       0.015
genre_Short               1.154e-18   1.04e-18      1.105      0.269   -8.93e-19     3.2e-18
genre_Sport                 -0.0431      0.021     -2.079      0.038      -0.084      -0.002
genre_Thriller              -0.0732      0.011     -6.851      0.000      -0.094      -0.052
genre_War                    0.0262      0.029      0.904      0.366      -0.031       0.083
genre_Western               -0.0311      0.051     -0.604      0.546      -0.132       0.070
==============================================================================
Omnibus:                     1656.147   Durbin-Watson:                   2.004
Prob(Omnibus):                  0.000   Jarque-Bera (JB):            13539.088
Skew:                           1.757   Prob(JB):                         0.00
Kurtosis:                      11.285   Cond. No.                     1.02e+16
==============================================================================

Notes:
[1] Standard Errors assume that the covariance matrix of the errors is correctly specified.
[2] The smallest eigenvalue is 6.15e-27. This might indicate that there are
strong multicollinearity problems or that the design matrix is singular.