                            OLS Regression Results                            
==============================================================================
Dep. Variable:              sd_pooled   R-squared:                       0.562
Model:                            OLS   Adj. R-squared:                  0.555
Method:                 Least Squares   F-statistic:                     79.02
Date:                Tue, 31 Mar 2026   Prob (F-statistic):               0.00
Time:                        20:58:23   Log-Likelihood:                 531.89
No. Observations:                4012   AIC:                            -933.8
Df Residuals:                    3947   BIC:                            -524.5
Df Model:                          64                                         
Covariance Type:            nonrobust                                         
============================================================================================
                               coef    std err          t      P>|t|      [0.025      0.975]
--------------------------------------------------------------------------------------------
const                        3.3795      0.048     69.826      0.000       3.285       3.474
FLead                        0.0471      0.008      5.866      0.000       0.031       0.063
mean_pooled                 -0.2338      0.004    -53.095      0.000      -0.242      -0.225
kim_violence_gore            0.0120      0.003      4.722      0.000       0.007       0.017
kim_sex_nudity               0.0113      0.002      5.594      0.000       0.007       0.015
kim_language                -0.0146      0.002     -7.777      0.000      -0.018      -0.011
major                       -0.0390      0.008     -4.857      0.000      -0.055      -0.023
log_bom_opening_theaters     0.0055      0.002      3.113      0.002       0.002       0.009
genres_count                -0.0092      0.007     -1.358      0.175      -0.022       0.004
yr_1993                     -0.0061      0.034     -0.178      0.859      -0.074       0.061
yr_1994                     -0.0032      0.035     -0.090      0.928      -0.072       0.066
yr_1995                      0.0433      0.035      1.248      0.212      -0.025       0.111
yr_1996                      0.0073      0.034      0.215      0.830      -0.059       0.074
yr_1997                      0.0122      0.035      0.352      0.725      -0.056       0.080
yr_1998                      0.0585      0.033      1.748      0.080      -0.007       0.124
yr_1999                      0.0585      0.033      1.797      0.072      -0.005       0.122
yr_2000                     -0.0117      0.034     -0.348      0.728      -0.077       0.054
yr_2001                      0.0555      0.033      1.683      0.093      -0.009       0.120
yr_2002                      0.0154      0.032      0.476      0.634      -0.048       0.079
yr_2003                     -0.0010      0.033     -0.031      0.975      -0.065       0.063
yr_2004                      0.0609      0.032      1.875      0.061      -0.003       0.124
yr_2005                      0.0472      0.032      1.467      0.142      -0.016       0.110
yr_2006                      0.0966      0.032      3.022      0.003       0.034       0.159
yr_2007                      0.1105      0.032      3.468      0.001       0.048       0.173
yr_2008                      0.0519      0.032      1.619      0.105      -0.011       0.115
yr_2009                      0.0305      0.032      0.938      0.349      -0.033       0.094
yr_2010                      0.0262      0.032      0.810      0.418      -0.037       0.090
yr_2011                      0.0284      0.032      0.893      0.372      -0.034       0.091
yr_2012                      0.0141      0.032      0.446      0.656      -0.048       0.076
yr_2013                      0.0070      0.032      0.219      0.827      -0.055       0.069
yr_2014                      0.0395      0.032      1.226      0.220      -0.024       0.103
yr_2015                     -0.0327      0.032     -1.024      0.306      -0.095       0.030
yr_2016                     -0.0369      0.032     -1.146      0.252      -0.100       0.026
yr_2017                      0.0188      0.033      0.579      0.563      -0.045       0.083
yr_2018                      0.0145      0.033      0.444      0.657      -0.050       0.079
mo_2                         0.0090      0.019      0.465      0.642      -0.029       0.047
mo_3                        -0.0031      0.019     -0.168      0.867      -0.039       0.033
mo_4                         0.0018      0.019      0.097      0.922      -0.035       0.039
mo_5                        -0.0111      0.020     -0.561      0.575      -0.050       0.028
mo_6                        -0.0241      0.019     -1.239      0.216      -0.062       0.014
mo_7                        -0.0218      0.019     -1.151      0.250      -0.059       0.015
mo_8                        -0.0243      0.018     -1.331      0.183      -0.060       0.011
mo_9                        -0.0258      0.019     -1.390      0.165      -0.062       0.011
mo_10                       -0.0059      0.018     -0.322      0.747      -0.042       0.030
mo_11                       -0.0232      0.019     -1.235      0.217      -0.060       0.014
mo_12                       -0.0246      0.018     -1.358      0.174      -0.060       0.011
genre_Action                -0.0555      0.011     -5.230      0.000      -0.076      -0.035
genre_Adventure             -0.0054      0.011     -0.481      0.630      -0.027       0.017
genre_Animation             -0.0275      0.018     -1.530      0.126      -0.063       0.008
genre_Biography             -0.0920      0.014     -6.460      0.000      -0.120      -0.064
genre_Comedy                -0.0036      0.010     -0.375      0.707      -0.022       0.015
genre_Crime                 -0.0903      0.010     -8.835      0.000      -0.110      -0.070
genre_Drama                  0.0134      0.010      1.408      0.159      -0.005       0.032
genre_Family                 0.0714      0.015      4.901      0.000       0.043       0.100
genre_Fantasy                0.0043      0.013      0.344      0.731      -0.020       0.029
genre_History                0.0189      0.020      0.926      0.355      -0.021       0.059
genre_Horror                -0.0338      0.015     -2.314      0.021      -0.062      -0.005
genre_Music                  0.1108      0.019      5.796      0.000       0.073       0.148
genre_Musical                0.3189      0.043      7.383      0.000       0.234       0.404
genre_Mystery               -0.0589      0.013     -4.683      0.000      -0.084      -0.034
genre_News               -3.494e-18    3.3e-18     -1.059      0.290   -9.96e-18    2.98e-18
genre_Romance               -0.0182      0.010     -1.765      0.078      -0.038       0.002
genre_Sci_Fi                -0.0129      0.014     -0.950      0.342      -0.039       0.014
genre_Short               7.757e-18      1e-17      0.773      0.440   -1.19e-17    2.74e-17
genre_Sport                 -0.0381      0.021     -1.839      0.066      -0.079       0.003
genre_Thriller              -0.0747      0.011     -7.018      0.000      -0.096      -0.054
genre_War                    0.0109      0.029      0.374      0.708      -0.046       0.068
genre_Western               -0.0470      0.051     -0.914      0.361      -0.148       0.054
==============================================================================
Omnibus:                     1651.075   Durbin-Watson:                   2.005
Prob(Omnibus):                  0.000   Jarque-Bera (JB):            13420.614
Skew:                           1.753   Prob(JB):                         0.00
Kurtosis:                      11.246   Cond. No.                     1.02e+16
==============================================================================

Notes:
[1] Standard Errors assume that the covariance matrix of the errors is correctly specified.
[2] The smallest eigenvalue is 6.37e-27. This might indicate that there are
strong multicollinearity problems or that the design matrix is singular.