                            OLS Regression Results                            
==============================================================================
Dep. Variable:              sd_pooled   R-squared:                       0.562
Model:                            OLS   Adj. R-squared:                  0.555
Method:                 Least Squares   F-statistic:                     79.22
Date:                Tue, 31 Mar 2026   Prob (F-statistic):               0.00
Time:                        20:57:23   Log-Likelihood:                 534.74
No. Observations:                4012   AIC:                            -939.5
Df Residuals:                    3947   BIC:                            -530.2
Df Model:                          64                                         
Covariance Type:            nonrobust                                         
============================================================================================
                               coef    std err          t      P>|t|      [0.025      0.975]
--------------------------------------------------------------------------------------------
const                        3.3778      0.048     69.843      0.000       3.283       3.473
FLead                        0.0468      0.008      5.833      0.000       0.031       0.063
mean_pooled                 -0.2334      0.004    -52.995      0.000      -0.242      -0.225
kim_violence_gore            0.0121      0.003      4.776      0.000       0.007       0.017
kim_sex_nudity               0.0116      0.002      5.724      0.000       0.008       0.016
kim_language                -0.0153      0.002     -8.136      0.000      -0.019      -0.012
major                       -0.0396      0.008     -4.934      0.000      -0.055      -0.024
log_bom_opening_theaters     0.0055      0.002      3.099      0.002       0.002       0.009
genres_count                -0.0096      0.007     -1.415      0.157      -0.023       0.004
yr_1993                     -0.0043      0.034     -0.125      0.901      -0.072       0.063
yr_1994                     -0.0016      0.035     -0.045      0.964      -0.071       0.067
yr_1995                      0.0455      0.035      1.313      0.189      -0.022       0.114
yr_1996                      0.0108      0.034      0.318      0.751      -0.056       0.078
yr_1997                      0.0152      0.035      0.437      0.662      -0.053       0.083
yr_1998                      0.0613      0.033      1.831      0.067      -0.004       0.127
yr_1999                      0.0622      0.033      1.911      0.056      -0.002       0.126
yr_2000                     -0.0069      0.034     -0.206      0.837      -0.073       0.059
yr_2001                      0.0576      0.033      1.745      0.081      -0.007       0.122
yr_2002                      0.0170      0.032      0.525      0.599      -0.047       0.081
yr_2003                      0.0012      0.033      0.036      0.972      -0.063       0.065
yr_2004                      0.0627      0.032      1.934      0.053      -0.001       0.126
yr_2005                      0.0491      0.032      1.526      0.127      -0.014       0.112
yr_2006                      0.0983      0.032      3.077      0.002       0.036       0.161
yr_2007                      0.1120      0.032      3.518      0.000       0.050       0.174
yr_2008                      0.0529      0.032      1.649      0.099      -0.010       0.116
yr_2009                      0.0337      0.032      1.038      0.299      -0.030       0.097
yr_2010                      0.0284      0.032      0.877      0.381      -0.035       0.092
yr_2011                      0.0317      0.032      0.997      0.319      -0.031       0.094
yr_2012                      0.0156      0.032      0.492      0.623      -0.046       0.078
yr_2013                      0.0091      0.032      0.285      0.775      -0.053       0.072
yr_2014                      0.0414      0.032      1.284      0.199      -0.022       0.105
yr_2015                     -0.0310      0.032     -0.968      0.333      -0.094       0.032
yr_2016                     -0.0341      0.032     -1.058      0.290      -0.097       0.029
yr_2017                      0.0223      0.033      0.684      0.494      -0.042       0.086
yr_2018                      0.0168      0.033      0.516      0.606      -0.047       0.081
mo_2                         0.0086      0.019      0.444      0.657      -0.029       0.047
mo_3                        -0.0039      0.019     -0.208      0.835      -0.040       0.032
mo_4                         0.0017      0.019      0.091      0.928      -0.035       0.038
mo_5                        -0.0120      0.020     -0.606      0.544      -0.051       0.027
mo_6                        -0.0245      0.019     -1.257      0.209      -0.063       0.014
mo_7                        -0.0228      0.019     -1.205      0.228      -0.060       0.014
mo_8                        -0.0240      0.018     -1.315      0.189      -0.060       0.012
mo_9                        -0.0268      0.019     -1.445      0.149      -0.063       0.010
mo_10                       -0.0066      0.018     -0.364      0.716      -0.042       0.029
mo_11                       -0.0233      0.019     -1.243      0.214      -0.060       0.013
mo_12                       -0.0259      0.018     -1.429      0.153      -0.061       0.010
genre_Action                -0.0551      0.011     -5.198      0.000      -0.076      -0.034
genre_Adventure             -0.0057      0.011     -0.504      0.614      -0.028       0.016
genre_Animation             -0.0284      0.018     -1.581      0.114      -0.064       0.007
genre_Biography             -0.0922      0.014     -6.482      0.000      -0.120      -0.064
genre_Comedy                -0.0030      0.010     -0.310      0.756      -0.022       0.016
genre_Crime                 -0.0887      0.010     -8.667      0.000      -0.109      -0.069
genre_Drama                  0.0139      0.010      1.464      0.143      -0.005       0.033
genre_Family                 0.0709      0.015      4.872      0.000       0.042       0.099
genre_Fantasy                0.0039      0.013      0.312      0.755      -0.021       0.029
genre_History                0.0186      0.020      0.914      0.361      -0.021       0.059
genre_Horror                -0.0334      0.015     -2.291      0.022      -0.062      -0.005
genre_Music                  0.1112      0.019      5.821      0.000       0.074       0.149
genre_Musical                0.3186      0.043      7.381      0.000       0.234       0.403
genre_Mystery               -0.0589      0.013     -4.686      0.000      -0.084      -0.034
genre_News                 8.38e-18   7.45e-18      1.125      0.260   -6.22e-18     2.3e-17
genre_Romance               -0.0183      0.010     -1.774      0.076      -0.038       0.002
genre_Sci_Fi                -0.0124      0.014     -0.911      0.362      -0.039       0.014
genre_Short               9.675e-18   7.12e-18      1.360      0.174   -4.28e-18    2.36e-17
genre_Sport                 -0.0376      0.021     -1.814      0.070      -0.078       0.003
genre_Thriller              -0.0733      0.011     -6.884      0.000      -0.094      -0.052
genre_War                    0.0071      0.029      0.243      0.808      -0.050       0.064
genre_Western               -0.0470      0.051     -0.913      0.361      -0.148       0.054
==============================================================================
Omnibus:                     1648.586   Durbin-Watson:                   2.007
Prob(Omnibus):                  0.000   Jarque-Bera (JB):            13367.921
Skew:                           1.750   Prob(JB):                         0.00
Kurtosis:                      11.229   Cond. No.                     1.02e+16
==============================================================================

Notes:
[1] Standard Errors assume that the covariance matrix of the errors is correctly specified.
[2] The smallest eigenvalue is 6.38e-27. This might indicate that there are
strong multicollinearity problems or that the design matrix is singular.