                            OLS Regression Results                            
==============================================================================
Dep. Variable:              sd_pooled   R-squared:                       0.562
Model:                            OLS   Adj. R-squared:                  0.555
Method:                 Least Squares   F-statistic:                     79.22
Date:                Tue, 31 Mar 2026   Prob (F-statistic):               0.00
Time:                        20:56:17   Log-Likelihood:                 534.64
No. Observations:                4012   AIC:                            -939.3
Df Residuals:                    3947   BIC:                            -530.0
Df Model:                          64                                         
Covariance Type:            nonrobust                                         
============================================================================================
                               coef    std err          t      P>|t|      [0.025      0.975]
--------------------------------------------------------------------------------------------
const                        3.3804      0.048     69.890      0.000       3.286       3.475
FLead                        0.0468      0.008      5.825      0.000       0.031       0.063
mean_pooled                 -0.2335      0.004    -53.011      0.000      -0.242      -0.225
kim_violence_gore            0.0123      0.003      4.820      0.000       0.007       0.017
kim_sex_nudity               0.0115      0.002      5.684      0.000       0.008       0.015
kim_language                -0.0153      0.002     -8.124      0.000      -0.019      -0.012
major                       -0.0393      0.008     -4.894      0.000      -0.055      -0.024
log_bom_opening_theaters     0.0055      0.002      3.103      0.002       0.002       0.009
genres_count                -0.0095      0.007     -1.405      0.160      -0.023       0.004
yr_1993                     -0.0062      0.034     -0.180      0.857      -0.074       0.061
yr_1994                     -0.0032      0.035     -0.090      0.928      -0.072       0.066
yr_1995                      0.0437      0.035      1.260      0.208      -0.024       0.112
yr_1996                      0.0087      0.034      0.256      0.798      -0.058       0.075
yr_1997                      0.0120      0.035      0.347      0.728      -0.056       0.080
yr_1998                      0.0560      0.033      1.677      0.094      -0.009       0.122
yr_1999                      0.0605      0.033      1.859      0.063      -0.003       0.124
yr_2000                     -0.0092      0.034     -0.275      0.783      -0.075       0.057
yr_2001                      0.0558      0.033      1.692      0.091      -0.009       0.120
yr_2002                      0.0163      0.032      0.502      0.616      -0.047       0.080
yr_2003                     -0.0004      0.033     -0.014      0.989      -0.064       0.064
yr_2004                      0.0610      0.032      1.880      0.060      -0.003       0.125
yr_2005                      0.0478      0.032      1.488      0.137      -0.015       0.111
yr_2006                      0.0964      0.032      3.016      0.003       0.034       0.159
yr_2007                      0.1104      0.032      3.469      0.001       0.048       0.173
yr_2008                      0.0515      0.032      1.606      0.108      -0.011       0.114
yr_2009                      0.0317      0.032      0.978      0.328      -0.032       0.095
yr_2010                      0.0265      0.032      0.819      0.413      -0.037       0.090
yr_2011                      0.0296      0.032      0.931      0.352      -0.033       0.092
yr_2012                      0.0150      0.032      0.473      0.636      -0.047       0.077
yr_2013                      0.0072      0.032      0.227      0.821      -0.055       0.070
yr_2014                      0.0385      0.032      1.197      0.231      -0.025       0.102
yr_2015                     -0.0318      0.032     -0.994      0.320      -0.094       0.031
yr_2016                     -0.0367      0.032     -1.138      0.255      -0.100       0.027
yr_2017                      0.0209      0.033      0.643      0.520      -0.043       0.085
yr_2018                      0.0140      0.033      0.429      0.668      -0.050       0.078
mo_2                         0.0080      0.019      0.412      0.680      -0.030       0.046
mo_3                        -0.0038      0.019     -0.208      0.836      -0.040       0.032
mo_4                         0.0006      0.019      0.032      0.974      -0.036       0.037
mo_5                        -0.0126      0.020     -0.637      0.524      -0.051       0.026
mo_6                        -0.0252      0.019     -1.298      0.194      -0.063       0.013
mo_7                        -0.0233      0.019     -1.233      0.218      -0.060       0.014
mo_8                        -0.0253      0.018     -1.390      0.165      -0.061       0.010
mo_9                        -0.0283      0.019     -1.528      0.127      -0.065       0.008
mo_10                       -0.0067      0.018     -0.367      0.713      -0.042       0.029
mo_11                       -0.0242      0.019     -1.289      0.198      -0.061       0.013
mo_12                       -0.0266      0.018     -1.466      0.143      -0.062       0.009
genre_Action                -0.0553      0.011     -5.215      0.000      -0.076      -0.035
genre_Adventure             -0.0063      0.011     -0.560      0.576      -0.028       0.016
genre_Animation             -0.0284      0.018     -1.582      0.114      -0.064       0.007
genre_Biography             -0.0916      0.014     -6.441      0.000      -0.120      -0.064
genre_Comedy                -0.0031      0.010     -0.331      0.741      -0.022       0.016
genre_Crime                 -0.0890      0.010     -8.695      0.000      -0.109      -0.069
genre_Drama                  0.0134      0.010      1.409      0.159      -0.005       0.032
genre_Family                 0.0708      0.015      4.862      0.000       0.042       0.099
genre_Fantasy                0.0040      0.013      0.319      0.750      -0.021       0.029
genre_History                0.0182      0.020      0.890      0.374      -0.022       0.058
genre_Horror                -0.0343      0.015     -2.349      0.019      -0.063      -0.006
genre_Music                  0.1121      0.019      5.864      0.000       0.075       0.150
genre_Musical                0.3183      0.043      7.374      0.000       0.234       0.403
genre_Mystery               -0.0586      0.013     -4.661      0.000      -0.083      -0.034
genre_News               -5.557e-18   4.34e-18     -1.280      0.201   -1.41e-17    2.95e-18
genre_Romance               -0.0184      0.010     -1.788      0.074      -0.039       0.002
genre_Sci_Fi                -0.0127      0.014     -0.934      0.351      -0.039       0.014
genre_Short              -1.689e-18   4.71e-18     -0.359      0.720   -1.09e-17    7.54e-18
genre_Sport                 -0.0372      0.021     -1.795      0.073      -0.078       0.003
genre_Thriller              -0.0743      0.011     -6.981      0.000      -0.095      -0.053
genre_War                    0.0102      0.029      0.349      0.727      -0.047       0.067
genre_Western               -0.0473      0.051     -0.919      0.358      -0.148       0.054
==============================================================================
Omnibus:                     1649.642   Durbin-Watson:                   2.006
Prob(Omnibus):                  0.000   Jarque-Bera (JB):            13375.378
Skew:                           1.752   Prob(JB):                         0.00
Kurtosis:                      11.230   Cond. No.                     1.02e+16
==============================================================================

Notes:
[1] Standard Errors assume that the covariance matrix of the errors is correctly specified.
[2] The smallest eigenvalue is 6.38e-27. This might indicate that there are
strong multicollinearity problems or that the design matrix is singular.