                            OLS Regression Results                            
==============================================================================
Dep. Variable:              sd_pooled   R-squared:                       0.561
Model:                            OLS   Adj. R-squared:                  0.551
Method:                 Least Squares   F-statistic:                     54.75
Date:                Tue, 31 Mar 2026   Prob (F-statistic):               0.00
Time:                        19:37:33   Log-Likelihood:                 329.89
No. Observations:                2809   AIC:                            -529.8
Df Residuals:                    2744   BIC:                            -143.6
Df Model:                          64                                         
Covariance Type:            nonrobust                                         
============================================================================================
                               coef    std err          t      P>|t|      [0.025      0.975]
--------------------------------------------------------------------------------------------
const                        3.4069      0.060     56.994      0.000       3.290       3.524
FLead                        0.0455      0.010      4.684      0.000       0.026       0.065
mean_pooled                 -0.2341      0.005    -43.022      0.000      -0.245      -0.223
kim_violence_gore            0.0096      0.003      3.120      0.002       0.004       0.016
kim_sex_nudity               0.0115      0.002      4.618      0.000       0.007       0.016
kim_language                -0.0168      0.002     -7.373      0.000      -0.021      -0.012
major                       -0.0404      0.010     -4.110      0.000      -0.060      -0.021
log_bom_opening_theaters     0.0064      0.002      2.997      0.003       0.002       0.011
genres_count                -0.0088      0.008     -1.115      0.265      -0.024       0.007
yr_1993                     -0.0006      0.043     -0.014      0.989      -0.084       0.083
yr_1994                     -0.0272      0.045     -0.609      0.543      -0.115       0.060
yr_1995                      0.0308      0.043      0.710      0.478      -0.054       0.116
yr_1996                      0.0016      0.042      0.038      0.969      -0.081       0.085
yr_1997                      0.0221      0.043      0.515      0.606      -0.062       0.106
yr_1998                      0.0623      0.041      1.501      0.133      -0.019       0.144
yr_1999                      0.0601      0.040      1.490      0.136      -0.019       0.139
yr_2000                     -0.0044      0.042     -0.104      0.917      -0.087       0.078
yr_2001                      0.0666      0.041      1.621      0.105      -0.014       0.147
yr_2002                      0.0185      0.040      0.462      0.644      -0.060       0.097
yr_2003                     -0.0137      0.041     -0.339      0.734      -0.093       0.066
yr_2004                      0.0790      0.040      1.951      0.051      -0.000       0.158
yr_2005                      0.0513      0.040      1.286      0.199      -0.027       0.130
yr_2006                      0.0947      0.040      2.354      0.019       0.016       0.174
yr_2007                      0.1277      0.040      3.176      0.002       0.049       0.207
yr_2008                      0.0652      0.040      1.635      0.102      -0.013       0.143
yr_2009                      0.0279      0.040      0.695      0.487      -0.051       0.106
yr_2010                      0.0174      0.040      0.434      0.664      -0.061       0.096
yr_2011                      0.0336      0.039      0.853      0.394      -0.044       0.111
yr_2012                      0.0089      0.040      0.226      0.821      -0.069       0.087
yr_2013                      0.0065      0.039      0.165      0.869      -0.071       0.084
yr_2014                      0.0399      0.040      0.986      0.324      -0.039       0.119
yr_2015                     -0.0283      0.039     -0.716      0.474      -0.106       0.049
yr_2016                     -0.0195      0.040     -0.481      0.631      -0.099       0.060
yr_2017                     -0.0075      0.040     -0.187      0.852      -0.086       0.071
yr_2018                      0.0253      0.041      0.621      0.535      -0.055       0.105
mo_2                        -0.0072      0.024     -0.299      0.765      -0.054       0.040
mo_3                        -0.0194      0.023     -0.849      0.396      -0.064       0.025
mo_4                        -0.0083      0.023     -0.359      0.720      -0.054       0.037
mo_5                        -0.0223      0.025     -0.908      0.364      -0.070       0.026
mo_6                        -0.0332      0.024     -1.403      0.161      -0.080       0.013
mo_7                        -0.0361      0.023     -1.538      0.124      -0.082       0.010
mo_8                        -0.0438      0.023     -1.942      0.052      -0.088       0.000
mo_9                        -0.0306      0.023     -1.330      0.184      -0.076       0.015
mo_10                       -0.0201      0.022     -0.903      0.367      -0.064       0.024
mo_11                       -0.0487      0.024     -2.061      0.039      -0.095      -0.002
mo_12                       -0.0484      0.022     -2.163      0.031      -0.092      -0.005
genre_Action                -0.0561      0.013     -4.250      0.000      -0.082      -0.030
genre_Adventure             -0.0068      0.014     -0.474      0.636      -0.035       0.021
genre_Animation             -0.0267      0.022     -1.201      0.230      -0.070       0.017
genre_Biography             -0.0795      0.017     -4.556      0.000      -0.114      -0.045
genre_Comedy                -0.0050      0.012     -0.433      0.665      -0.028       0.018
genre_Crime                 -0.0805      0.013     -6.337      0.000      -0.105      -0.056
genre_Drama                  0.0210      0.012      1.787      0.074      -0.002       0.044
genre_Family                 0.0678      0.019      3.636      0.000       0.031       0.104
genre_Fantasy                0.0136      0.016      0.855      0.393      -0.018       0.045
genre_History               -0.0247      0.026     -0.945      0.345      -0.076       0.027
genre_Horror                -0.0181      0.018     -0.991      0.322      -0.054       0.018
genre_Music                  0.1105      0.024      4.678      0.000       0.064       0.157
genre_Musical                0.2931      0.050      5.864      0.000       0.195       0.391
genre_Mystery               -0.0613      0.016     -3.770      0.000      -0.093      -0.029
genre_News               -2.752e-18   8.15e-18     -0.338      0.736   -1.87e-17    1.32e-17
genre_Romance               -0.0197      0.012     -1.583      0.113      -0.044       0.005
genre_Sci_Fi                -0.0156      0.017     -0.905      0.366      -0.049       0.018
genre_Short              -8.056e-18   2.66e-18     -3.029      0.002   -1.33e-17   -2.84e-18
genre_Sport                 -0.0743      0.027     -2.705      0.007      -0.128      -0.020
genre_Thriller              -0.0760      0.013     -5.736      0.000      -0.102      -0.050
genre_War                    0.0453      0.033      1.360      0.174      -0.020       0.111
genre_Western               -0.0157      0.063     -0.248      0.804      -0.140       0.109
==============================================================================
Omnibus:                     1026.683   Durbin-Watson:                   1.957
Prob(Omnibus):                  0.000   Jarque-Bera (JB):             5829.176
Skew:                           1.630   Prob(JB):                         0.00
Kurtosis:                       9.259   Cond. No.                     1.02e+16
==============================================================================

Notes:
[1] Standard Errors assume that the covariance matrix of the errors is correctly specified.
[2] The smallest eigenvalue is 4.44e-27. This might indicate that there are
strong multicollinearity problems or that the design matrix is singular.