                            OLS Regression Results                            
==============================================================================
Dep. Variable:              sd_pooled   R-squared:                       0.561
Model:                            OLS   Adj. R-squared:                  0.554
Method:                 Least Squares   F-statistic:                     78.96
Date:                Tue, 31 Mar 2026   Prob (F-statistic):               0.00
Time:                        23:50:50   Log-Likelihood:                 531.07
No. Observations:                4012   AIC:                            -932.1
Df Residuals:                    3947   BIC:                            -522.8
Df Model:                          64                                         
Covariance Type:            nonrobust                                         
============================================================================================
                               coef    std err          t      P>|t|      [0.025      0.975]
--------------------------------------------------------------------------------------------
const                        3.3925      0.049     69.910      0.000       3.297       3.488
FLead                        0.0464      0.008      5.769      0.000       0.031       0.062
mean_pooled                 -0.2337      0.004    -52.278      0.000      -0.242      -0.225
kim_violence_gore            0.0126      0.003      4.938      0.000       0.008       0.018
kim_sex_nudity               0.0114      0.002      5.618      0.000       0.007       0.015
kim_language                -0.0149      0.002     -7.964      0.000      -0.019      -0.011
major                       -0.0375      0.008     -4.600      0.000      -0.054      -0.022
log_bom_opening_theaters     0.0036      0.002      2.253      0.024       0.000       0.007
genres_count                -0.0089      0.007     -1.308      0.191      -0.022       0.004
yr_1993                     -0.0063      0.034     -0.183      0.855      -0.074       0.061
yr_1994                     -0.0034      0.035     -0.096      0.924      -0.072       0.066
yr_1995                      0.0424      0.035      1.220      0.222      -0.026       0.110
yr_1996                      0.0087      0.034      0.254      0.799      -0.058       0.075
yr_1997                      0.0130      0.035      0.375      0.707      -0.055       0.081
yr_1998                      0.0602      0.033      1.797      0.072      -0.005       0.126
yr_1999                      0.0596      0.033      1.829      0.068      -0.004       0.124
yr_2000                     -0.0090      0.034     -0.267      0.789      -0.075       0.057
yr_2001                      0.0563      0.033      1.704      0.088      -0.008       0.121
yr_2002                      0.0161      0.032      0.495      0.621      -0.048       0.080
yr_2003                      0.0001      0.033      0.004      0.997      -0.064       0.064
yr_2004                      0.0623      0.032      1.919      0.055      -0.001       0.126
yr_2005                      0.0478      0.032      1.485      0.138      -0.015       0.111
yr_2006                      0.0964      0.032      3.014      0.003       0.034       0.159
yr_2007                      0.1117      0.032      3.505      0.000       0.049       0.174
yr_2008                      0.0527      0.032      1.643      0.100      -0.010       0.116
yr_2009                      0.0334      0.032      1.027      0.304      -0.030       0.097
yr_2010                      0.0273      0.032      0.844      0.399      -0.036       0.091
yr_2011                      0.0299      0.032      0.939      0.348      -0.033       0.092
yr_2012                      0.0137      0.032      0.433      0.665      -0.048       0.076
yr_2013                      0.0066      0.032      0.207      0.836      -0.056       0.069
yr_2014                      0.0395      0.032      1.224      0.221      -0.024       0.103
yr_2015                     -0.0315      0.032     -0.984      0.325      -0.094       0.031
yr_2016                     -0.0342      0.032     -1.060      0.289      -0.097       0.029
yr_2017                      0.0217      0.033      0.666      0.505      -0.042       0.086
yr_2018                      0.0162      0.033      0.496      0.620      -0.048       0.080
mo_2                         0.0084      0.019      0.431      0.667      -0.030       0.047
mo_3                        -0.0052      0.019     -0.283      0.777      -0.042       0.031
mo_4                         0.0005      0.019      0.026      0.979      -0.036       0.037
mo_5                        -0.0135      0.020     -0.682      0.495      -0.052       0.025
mo_6                        -0.0261      0.019     -1.341      0.180      -0.064       0.012
mo_7                        -0.0245      0.019     -1.296      0.195      -0.062       0.013
mo_8                        -0.0252      0.018     -1.382      0.167      -0.061       0.011
mo_9                        -0.0287      0.019     -1.547      0.122      -0.065       0.008
mo_10                       -0.0076      0.018     -0.418      0.676      -0.043       0.028
mo_11                       -0.0253      0.019     -1.349      0.177      -0.062       0.011
mo_12                       -0.0300      0.018     -1.662      0.097      -0.065       0.005
genre_Action                -0.0543      0.011     -5.118      0.000      -0.075      -0.033
genre_Adventure             -0.0056      0.011     -0.498      0.619      -0.028       0.016
genre_Animation             -0.0282      0.018     -1.568      0.117      -0.063       0.007
genre_Biography             -0.0944      0.014     -6.647      0.000      -0.122      -0.067
genre_Comedy                -0.0026      0.010     -0.278      0.781      -0.021       0.016
genre_Crime                 -0.0892      0.010     -8.701      0.000      -0.109      -0.069
genre_Drama                  0.0109      0.009      1.158      0.247      -0.008       0.029
genre_Family                 0.0723      0.015      4.962      0.000       0.044       0.101
genre_Fantasy                0.0036      0.013      0.287      0.774      -0.021       0.028
genre_History                0.0180      0.020      0.884      0.377      -0.022       0.058
genre_Horror                -0.0339      0.015     -2.323      0.020      -0.063      -0.005
genre_Music                  0.1114      0.019      5.825      0.000       0.074       0.149
genre_Musical                0.3202      0.043      7.411      0.000       0.235       0.405
genre_Mystery               -0.0591      0.013     -4.698      0.000      -0.084      -0.034
genre_News                9.616e-19   7.48e-18      0.129      0.898   -1.37e-17    1.56e-17
genre_Romance               -0.0187      0.010     -1.815      0.070      -0.039       0.001
genre_Sci_Fi                -0.0131      0.014     -0.969      0.333      -0.040       0.013
genre_Short              -1.042e-17   5.39e-18     -1.932      0.053    -2.1e-17    1.51e-19
genre_Sport                 -0.0341      0.021     -1.649      0.099      -0.075       0.006
genre_Thriller              -0.0739      0.011     -6.936      0.000      -0.095      -0.053
genre_War                    0.0084      0.029      0.289      0.773      -0.049       0.066
genre_Western               -0.0466      0.051     -0.904      0.366      -0.148       0.054
==============================================================================
Omnibus:                     1664.629   Durbin-Watson:                   2.008
Prob(Omnibus):                  0.000   Jarque-Bera (JB):            13797.029
Skew:                           1.764   Prob(JB):                         0.00
Kurtosis:                      11.372   Cond. No.                     1.02e+16
==============================================================================

Notes:
[1] Standard Errors assume that the covariance matrix of the errors is correctly specified.
[2] The smallest eigenvalue is 6.13e-27. This might indicate that there are
strong multicollinearity problems or that the design matrix is singular.