                            OLS Regression Results                            
==============================================================================
Dep. Variable:              sd_pooled   R-squared:                       0.561
Model:                            OLS   Adj. R-squared:                  0.554
Method:                 Least Squares   F-statistic:                     78.82
Date:                Wed, 01 Apr 2026   Prob (F-statistic):               0.00
Time:                        00:38:05   Log-Likelihood:                 529.02
No. Observations:                4012   AIC:                            -928.0
Df Residuals:                    3947   BIC:                            -518.7
Df Model:                          64                                         
Covariance Type:            nonrobust                                         
============================================================================================
                               coef    std err          t      P>|t|      [0.025      0.975]
--------------------------------------------------------------------------------------------
const                        3.4125      0.048     70.429      0.000       3.318       3.508
FLead                        0.0463      0.008      5.760      0.000       0.031       0.062
mean_pooled                 -0.2349      0.005    -51.971      0.000      -0.244      -0.226
kim_violence_gore            0.0126      0.003      4.949      0.000       0.008       0.018
kim_sex_nudity               0.0111      0.002      5.481      0.000       0.007       0.015
kim_language                -0.0150      0.002     -7.995      0.000      -0.019      -0.011
major                       -0.0339      0.008     -4.054      0.000      -0.050      -0.018
log_bom_opening_theaters     0.0016      0.002      1.024      0.306      -0.001       0.005
genres_count                -0.0084      0.007     -1.236      0.217      -0.022       0.005
yr_1993                     -0.0071      0.034     -0.206      0.837      -0.075       0.060
yr_1994                     -0.0046      0.035     -0.132      0.895      -0.074       0.064
yr_1995                      0.0433      0.035      1.246      0.213      -0.025       0.111
yr_1996                      0.0072      0.034      0.212      0.832      -0.060       0.074
yr_1997                      0.0129      0.035      0.371      0.711      -0.055       0.081
yr_1998                      0.0588      0.033      1.755      0.079      -0.007       0.124
yr_1999                      0.0590      0.033      1.808      0.071      -0.005       0.123
yr_2000                     -0.0082      0.034     -0.245      0.806      -0.074       0.058
yr_2001                      0.0554      0.033      1.675      0.094      -0.009       0.120
yr_2002                      0.0155      0.032      0.476      0.634      -0.048       0.079
yr_2003                  -6.581e-05      0.033     -0.002      0.998      -0.064       0.064
yr_2004                      0.0616      0.032      1.896      0.058      -0.002       0.125
yr_2005                      0.0469      0.032      1.456      0.146      -0.016       0.110
yr_2006                      0.0963      0.032      3.008      0.003       0.034       0.159
yr_2007                      0.1108      0.032      3.476      0.001       0.048       0.173
yr_2008                      0.0529      0.032      1.647      0.100      -0.010       0.116
yr_2009                      0.0325      0.033      1.000      0.318      -0.031       0.096
yr_2010                      0.0265      0.032      0.817      0.414      -0.037       0.090
yr_2011                      0.0287      0.032      0.900      0.368      -0.034       0.091
yr_2012                      0.0122      0.032      0.385      0.700      -0.050       0.074
yr_2013                      0.0053      0.032      0.165      0.869      -0.057       0.068
yr_2014                      0.0390      0.032      1.208      0.227      -0.024       0.102
yr_2015                     -0.0324      0.032     -1.012      0.312      -0.095       0.030
yr_2016                     -0.0345      0.032     -1.069      0.285      -0.098       0.029
yr_2017                      0.0219      0.033      0.671      0.502      -0.042       0.086
yr_2018                      0.0160      0.033      0.490      0.624      -0.048       0.080
mo_2                         0.0085      0.019      0.436      0.663      -0.030       0.047
mo_3                        -0.0051      0.019     -0.276      0.783      -0.041       0.031
mo_4                        -0.0004      0.019     -0.020      0.984      -0.037       0.036
mo_5                        -0.0145      0.020     -0.734      0.463      -0.053       0.024
mo_6                        -0.0272      0.019     -1.400      0.162      -0.065       0.011
mo_7                        -0.0255      0.019     -1.348      0.178      -0.063       0.012
mo_8                        -0.0261      0.018     -1.428      0.153      -0.062       0.010
mo_9                        -0.0288      0.019     -1.553      0.121      -0.065       0.008
mo_10                       -0.0085      0.018     -0.468      0.640      -0.044       0.027
mo_11                       -0.0261      0.019     -1.388      0.165      -0.063       0.011
mo_12                       -0.0321      0.018     -1.780      0.075      -0.068       0.003
genre_Action                -0.0541      0.011     -5.100      0.000      -0.075      -0.033
genre_Adventure             -0.0049      0.011     -0.434      0.664      -0.027       0.017
genre_Animation             -0.0275      0.018     -1.527      0.127      -0.063       0.008
genre_Biography             -0.0956      0.014     -6.730      0.000      -0.123      -0.068
genre_Comedy                -0.0031      0.010     -0.326      0.744      -0.022       0.016
genre_Crime                 -0.0887      0.010     -8.653      0.000      -0.109      -0.069
genre_Drama                  0.0093      0.009      0.985      0.325      -0.009       0.028
genre_Family                 0.0722      0.015      4.955      0.000       0.044       0.101
genre_Fantasy                0.0045      0.013      0.352      0.725      -0.020       0.029
genre_History                0.0167      0.020      0.816      0.415      -0.023       0.057
genre_Horror                -0.0334      0.015     -2.285      0.022      -0.062      -0.005
genre_Music                  0.1115      0.019      5.824      0.000       0.074       0.149
genre_Musical                0.3206      0.043      7.416      0.000       0.236       0.405
genre_Mystery               -0.0586      0.013     -4.652      0.000      -0.083      -0.034
genre_News                6.697e-18   5.24e-18      1.278      0.201   -3.58e-18     1.7e-17
genre_Romance               -0.0182      0.010     -1.766      0.078      -0.038       0.002
genre_Sci_Fi                -0.0124      0.014     -0.912      0.362      -0.039       0.014
genre_Short               3.933e-19   9.31e-19      0.422      0.673   -1.43e-18    2.22e-18
genre_Sport                 -0.0326      0.021     -1.576      0.115      -0.073       0.008
genre_Thriller              -0.0740      0.011     -6.939      0.000      -0.095      -0.053
genre_War                    0.0061      0.029      0.209      0.834      -0.051       0.063
genre_Western               -0.0461      0.052     -0.895      0.371      -0.147       0.055
==============================================================================
Omnibus:                     1672.749   Durbin-Watson:                   2.007
Prob(Omnibus):                  0.000   Jarque-Bera (JB):            13942.849
Skew:                           1.772   Prob(JB):                         0.00
Kurtosis:                      11.417   Cond. No.                     1.02e+16
==============================================================================

Notes:
[1] Standard Errors assume that the covariance matrix of the errors is correctly specified.
[2] The smallest eigenvalue is 6.03e-27. This might indicate that there are
strong multicollinearity problems or that the design matrix is singular.