                            OLS Regression Results                            
==============================================================================
Dep. Variable:              sd_pooled   R-squared:                       0.559
Model:                            OLS   Adj. R-squared:                  0.551
Method:                 Least Squares   F-statistic:                     78.06
Date:                Tue, 31 Mar 2026   Prob (F-statistic):               0.00
Time:                        15:31:50   Log-Likelihood:                 518.12
No. Observations:                4012   AIC:                            -906.2
Df Residuals:                    3947   BIC:                            -496.9
Df Model:                          64                                         
Covariance Type:            nonrobust                                         
============================================================================================
                               coef    std err          t      P>|t|      [0.025      0.975]
--------------------------------------------------------------------------------------------
const                        3.3892      0.049     69.691      0.000       3.294       3.485
FLead                        0.0488      0.008      6.049      0.000       0.033       0.065
mean_pooled                 -0.2355      0.004    -53.437      0.000      -0.244      -0.227
kim_violence_gore            0.0108      0.003      4.225      0.000       0.006       0.016
kim_sex_nudity               0.0097      0.002      4.795      0.000       0.006       0.014
kim_language                -0.0100      0.002     -5.751      0.000      -0.013      -0.007
major                       -0.0384      0.008     -4.762      0.000      -0.054      -0.023
log_bom_opening_theaters     0.0054      0.002      3.048      0.002       0.002       0.009
genres_count                -0.0076      0.007     -1.123      0.262      -0.021       0.006
yr_1993                     -0.0054      0.035     -0.156      0.876      -0.073       0.062
yr_1994                     -0.0062      0.035     -0.175      0.861      -0.075       0.063
yr_1995                      0.0399      0.035      1.147      0.251      -0.028       0.108
yr_1996                     -0.0032      0.034     -0.094      0.925      -0.070       0.064
yr_1997                      0.0054      0.035      0.154      0.878      -0.063       0.074
yr_1998                      0.0499      0.034      1.488      0.137      -0.016       0.116
yr_1999                      0.0503      0.033      1.539      0.124      -0.014       0.114
yr_2000                     -0.0157      0.034     -0.467      0.641      -0.082       0.050
yr_2001                      0.0523      0.033      1.581      0.114      -0.013       0.117
yr_2002                      0.0108      0.033      0.333      0.739      -0.053       0.075
yr_2003                     -0.0047      0.033     -0.144      0.886      -0.069       0.060
yr_2004                      0.0625      0.033      1.919      0.055      -0.001       0.126
yr_2005                      0.0462      0.032      1.430      0.153      -0.017       0.109
yr_2006                      0.0947      0.032      2.951      0.003       0.032       0.158
yr_2007                      0.1085      0.032      3.394      0.001       0.046       0.171
yr_2008                      0.0475      0.032      1.475      0.140      -0.016       0.111
yr_2009                      0.0291      0.033      0.893      0.372      -0.035       0.093
yr_2010                      0.0237      0.032      0.730      0.466      -0.040       0.087
yr_2011                      0.0271      0.032      0.848      0.396      -0.035       0.090
yr_2012                      0.0080      0.032      0.252      0.801      -0.054       0.070
yr_2013                      0.0001      0.032      0.004      0.997      -0.063       0.063
yr_2014                      0.0317      0.032      0.982      0.326      -0.032       0.095
yr_2015                     -0.0405      0.032     -1.262      0.207      -0.103       0.022
yr_2016                     -0.0427      0.032     -1.321      0.187      -0.106       0.021
yr_2017                      0.0140      0.033      0.428      0.669      -0.050       0.078
yr_2018                      0.0059      0.033      0.179      0.858      -0.058       0.070
mo_2                         0.0109      0.020      0.558      0.577      -0.027       0.049
mo_3                        -0.0042      0.019     -0.224      0.823      -0.041       0.032
mo_4                        -0.0010      0.019     -0.053      0.958      -0.038       0.036
mo_5                        -0.0121      0.020     -0.610      0.542      -0.051       0.027
mo_6                        -0.0252      0.020     -1.292      0.197      -0.064       0.013
mo_7                        -0.0230      0.019     -1.214      0.225      -0.060       0.014
mo_8                        -0.0268      0.018     -1.462      0.144      -0.063       0.009
mo_9                        -0.0294      0.019     -1.577      0.115      -0.066       0.007
mo_10                       -0.0090      0.018     -0.491      0.623      -0.045       0.027
mo_11                       -0.0236      0.019     -1.251      0.211      -0.060       0.013
mo_12                       -0.0273      0.018     -1.502      0.133      -0.063       0.008
genre_Action                -0.0572      0.011     -5.371      0.000      -0.078      -0.036
genre_Adventure             -0.0025      0.011     -0.223      0.824      -0.025       0.020
genre_Animation             -0.0197      0.018     -1.099      0.272      -0.055       0.015
genre_Biography             -0.0931      0.014     -6.517      0.000      -0.121      -0.065
genre_Comedy                -0.0106      0.009     -1.126      0.260      -0.029       0.008
genre_Crime                 -0.0984      0.010     -9.691      0.000      -0.118      -0.078
genre_Drama                  0.0097      0.010      1.022      0.307      -0.009       0.028
genre_Family                 0.0779      0.015      5.346      0.000       0.049       0.106
genre_Fantasy                0.0085      0.013      0.673      0.501      -0.016       0.033
genre_History                0.0249      0.020      1.215      0.224      -0.015       0.065
genre_Horror                -0.0394      0.015     -2.692      0.007      -0.068      -0.011
genre_Music                  0.1085      0.019      5.654      0.000       0.071       0.146
genre_Musical                0.3312      0.043      7.648      0.000       0.246       0.416
genre_Mystery               -0.0588      0.013     -4.661      0.000      -0.084      -0.034
genre_News               -2.408e-18   4.97e-18     -0.485      0.628   -1.21e-17    7.33e-18
genre_Romance               -0.0199      0.010     -1.926      0.054      -0.040       0.000
genre_Sci_Fi                -0.0133      0.014     -0.976      0.329      -0.040       0.013
genre_Short              -1.872e-18   3.02e-18     -0.620      0.535   -7.79e-18    4.04e-18
genre_Sport                 -0.0387      0.021     -1.863      0.063      -0.080       0.002
genre_Thriller              -0.0801      0.011     -7.528      0.000      -0.101      -0.059
genre_War                    0.0064      0.029      0.219      0.827      -0.051       0.064
genre_Western               -0.0429      0.052     -0.831      0.406      -0.144       0.058
==============================================================================
Omnibus:                     1682.983   Durbin-Watson:                   2.012
Prob(Omnibus):                  0.000   Jarque-Bera (JB):            14167.214
Skew:                           1.782   Prob(JB):                         0.00
Kurtosis:                      11.488   Cond. No.                     1.02e+16
==============================================================================

Notes:
[1] Standard Errors assume that the covariance matrix of the errors is correctly specified.
[2] The smallest eigenvalue is 6.37e-27. This might indicate that there are
strong multicollinearity problems or that the design matrix is singular.