                            OLS Regression Results                            
==============================================================================
Dep. Variable:              sd_pooled   R-squared:                       0.561
Model:                            OLS   Adj. R-squared:                  0.554
Method:                 Least Squares   F-statistic:                     78.96
Date:                Sun, 29 Mar 2026   Prob (F-statistic):               0.00
Time:                        15:42:11   Log-Likelihood:                 531.07
No. Observations:                4012   AIC:                            -932.1
Df Residuals:                    3947   BIC:                            -522.8
Df Model:                          64                                         
Covariance Type:            nonrobust                                         
============================================================================================
                               coef    std err          t      P>|t|      [0.025      0.975]
--------------------------------------------------------------------------------------------
const                        3.3931      0.048     70.053      0.000       3.298       3.488
FLead                        0.0470      0.008      5.840      0.000       0.031       0.063
mean_pooled                 -0.2340      0.004    -52.691      0.000      -0.243      -0.225
kim_violence_gore            0.0122      0.003      4.789      0.000       0.007       0.017
kim_sex_nudity               0.0114      0.002      5.610      0.000       0.007       0.015
kim_language                -0.0149      0.002     -7.952      0.000      -0.019      -0.011
major                       -0.0372      0.008     -4.592      0.000      -0.053      -0.021
log_bom_opening_theaters     0.0038      0.002      2.253      0.024       0.000       0.007
genres_count                -0.0091      0.007     -1.343      0.179      -0.022       0.004
yr_1993                     -0.0054      0.034     -0.157      0.875      -0.073       0.062
yr_1994                     -0.0029      0.035     -0.082      0.935      -0.072       0.066
yr_1995                      0.0426      0.035      1.227      0.220      -0.025       0.111
yr_1996                      0.0080      0.034      0.234      0.815      -0.059       0.075
yr_1997                      0.0131      0.035      0.376      0.707      -0.055       0.081
yr_1998                      0.0591      0.033      1.767      0.077      -0.006       0.125
yr_1999                      0.0598      0.033      1.833      0.067      -0.004       0.124
yr_2000                     -0.0078      0.034     -0.231      0.817      -0.074       0.058
yr_2001                      0.0550      0.033      1.665      0.096      -0.010       0.120
yr_2002                      0.0172      0.032      0.530      0.596      -0.046       0.081
yr_2003                     -0.0004      0.033     -0.012      0.991      -0.064       0.064
yr_2004                      0.0618      0.032      1.903      0.057      -0.002       0.125
yr_2005                      0.0473      0.032      1.468      0.142      -0.016       0.110
yr_2006                      0.0966      0.032      3.019      0.003       0.034       0.159
yr_2007                      0.1110      0.032      3.486      0.000       0.049       0.174
yr_2008                      0.0528      0.032      1.646      0.100      -0.010       0.116
yr_2009                      0.0322      0.032      0.990      0.322      -0.032       0.096
yr_2010                      0.0261      0.032      0.807      0.420      -0.037       0.090
yr_2011                      0.0294      0.032      0.923      0.356      -0.033       0.092
yr_2012                      0.0142      0.032      0.448      0.654      -0.048       0.076
yr_2013                      0.0064      0.032      0.201      0.841      -0.056       0.069
yr_2014                      0.0397      0.032      1.230      0.219      -0.024       0.103
yr_2015                     -0.0308      0.032     -0.963      0.335      -0.094       0.032
yr_2016                     -0.0345      0.032     -1.068      0.285      -0.098       0.029
yr_2017                      0.0226      0.033      0.693      0.488      -0.041       0.086
yr_2018                      0.0157      0.033      0.482      0.630      -0.048       0.080
mo_2                         0.0078      0.019      0.401      0.689      -0.030       0.046
mo_3                        -0.0051      0.019     -0.278      0.781      -0.041       0.031
mo_4                        -0.0006      0.019     -0.032      0.975      -0.037       0.036
mo_5                        -0.0147      0.020     -0.745      0.456      -0.053       0.024
mo_6                        -0.0276      0.019     -1.417      0.156      -0.066       0.011
mo_7                        -0.0250      0.019     -1.323      0.186      -0.062       0.012
mo_8                        -0.0259      0.018     -1.419      0.156      -0.062       0.010
mo_9                        -0.0290      0.019     -1.563      0.118      -0.065       0.007
mo_10                       -0.0086      0.018     -0.474      0.636      -0.044       0.027
mo_11                       -0.0250      0.019     -1.334      0.182      -0.062       0.012
mo_12                       -0.0304      0.018     -1.683      0.092      -0.066       0.005
genre_Action                -0.0542      0.011     -5.113      0.000      -0.075      -0.033
genre_Adventure             -0.0055      0.011     -0.493      0.622      -0.028       0.017
genre_Animation             -0.0274      0.018     -1.525      0.127      -0.063       0.008
genre_Biography             -0.0947      0.014     -6.674      0.000      -0.123      -0.067
genre_Comedy                -0.0030      0.010     -0.314      0.754      -0.022       0.016
genre_Crime                 -0.0887      0.010     -8.656      0.000      -0.109      -0.069
genre_Drama                  0.0110      0.009      1.161      0.246      -0.008       0.029
genre_Family                 0.0717      0.015      4.924      0.000       0.043       0.100
genre_Fantasy                0.0045      0.013      0.356      0.722      -0.020       0.029
genre_History                0.0180      0.020      0.880      0.379      -0.022       0.058
genre_Horror                -0.0333      0.015     -2.280      0.023      -0.062      -0.005
genre_Music                  0.1117      0.019      5.838      0.000       0.074       0.149
genre_Musical                0.3185      0.043      7.370      0.000       0.234       0.403
genre_Mystery               -0.0598      0.013     -4.745      0.000      -0.084      -0.035
genre_News                4.504e-18   5.93e-18      0.759      0.448   -7.13e-18    1.61e-17
genre_Romance               -0.0184      0.010     -1.780      0.075      -0.039       0.002
genre_Sci_Fi                -0.0126      0.014     -0.926      0.355      -0.039       0.014
genre_Short              -1.172e-18   1.14e-18     -1.024      0.306   -3.42e-18    1.07e-18
genre_Sport                 -0.0351      0.021     -1.697      0.090      -0.076       0.005
genre_Thriller              -0.0739      0.011     -6.941      0.000      -0.095      -0.053
genre_War                    0.0079      0.029      0.270      0.787      -0.049       0.065
genre_Western               -0.0457      0.051     -0.887      0.375      -0.147       0.055
==============================================================================
Omnibus:                     1661.193   Durbin-Watson:                   2.007
Prob(Omnibus):                  0.000   Jarque-Bera (JB):            13634.223
Skew:                           1.762   Prob(JB):                         0.00
Kurtosis:                      11.315   Cond. No.                     1.02e+16
==============================================================================

Notes:
[1] Standard Errors assume that the covariance matrix of the errors is correctly specified.
[2] The smallest eigenvalue is 6.4e-27. This might indicate that there are
strong multicollinearity problems or that the design matrix is singular.