                            OLS Regression Results                            
==============================================================================
Dep. Variable:              sd_pooled   R-squared:                       0.567
Model:                            OLS   Adj. R-squared:                  0.558
Method:                 Least Squares   F-statistic:                     64.29
Date:                Sun, 29 Mar 2026   Prob (F-statistic):               0.00
Time:                        15:38:10   Log-Likelihood:                 444.67
No. Observations:                3210   AIC:                            -759.3
Df Residuals:                    3145   BIC:                            -364.5
Df Model:                          64                                         
Covariance Type:            nonrobust                                         
============================================================================================
                               coef    std err          t      P>|t|      [0.025      0.975]
--------------------------------------------------------------------------------------------
const                        3.4109      0.054     63.624      0.000       3.306       3.516
FLead                        0.0393      0.009      4.410      0.000       0.022       0.057
mean_pooled                 -0.2369      0.005    -48.456      0.000      -0.247      -0.227
kim_violence_gore            0.0126      0.003      4.429      0.000       0.007       0.018
kim_sex_nudity               0.0091      0.002      3.957      0.000       0.005       0.014
kim_language                -0.0131      0.002     -6.236      0.000      -0.017      -0.009
major                       -0.0438      0.009     -4.826      0.000      -0.062      -0.026
log_bom_opening_theaters     0.0041      0.002      2.067      0.039       0.000       0.008
genres_count                -0.0023      0.007     -0.322      0.748      -0.017       0.012
yr_1993                      0.0079      0.038      0.205      0.837      -0.068       0.083
yr_1994                     -0.0153      0.039     -0.390      0.697      -0.092       0.062
yr_1995                      0.0433      0.039      1.125      0.261      -0.032       0.119
yr_1996                     -0.0044      0.038     -0.115      0.909      -0.079       0.071
yr_1997                      0.0220      0.039      0.566      0.572      -0.054       0.098
yr_1998                      0.0765      0.037      2.060      0.039       0.004       0.149
yr_1999                      0.0789      0.037      2.149      0.032       0.007       0.151
yr_2000                     -0.0098      0.038     -0.261      0.794      -0.084       0.064
yr_2001                      0.0670      0.037      1.805      0.071      -0.006       0.140
yr_2002                      0.0263      0.036      0.727      0.467      -0.045       0.097
yr_2003                      0.0030      0.036      0.083      0.934      -0.068       0.074
yr_2004                      0.0640      0.036      1.758      0.079      -0.007       0.135
yr_2005                      0.0370      0.036      1.030      0.303      -0.033       0.107
yr_2006                      0.0927      0.036      2.592      0.010       0.023       0.163
yr_2007                      0.1148      0.036      3.205      0.001       0.045       0.185
yr_2008                      0.0652      0.036      1.822      0.069      -0.005       0.135
yr_2009                      0.0359      0.036      0.999      0.318      -0.035       0.106
yr_2010                      0.0324      0.036      0.889      0.374      -0.039       0.104
yr_2011                      0.0307      0.035      0.865      0.387      -0.039       0.100
yr_2012                      0.0106      0.036      0.298      0.766      -0.059       0.080
yr_2013                     -0.0092      0.036     -0.257      0.797      -0.080       0.061
yr_2014                      0.0383      0.036      1.053      0.292      -0.033       0.110
yr_2015                     -0.0444      0.036     -1.236      0.216      -0.115       0.026
yr_2016                     -0.0431      0.036     -1.199      0.231      -0.114       0.027
yr_2017                     -0.0096      0.037     -0.261      0.794      -0.082       0.062
yr_2018                      0.0043      0.037      0.118      0.906      -0.068       0.076
mo_2                         0.0070      0.021      0.327      0.744      -0.035       0.049
mo_3                        -0.0087      0.021     -0.424      0.672      -0.049       0.032
mo_4                        -0.0072      0.020     -0.350      0.726      -0.047       0.033
mo_5                        -0.0257      0.022     -1.177      0.239      -0.068       0.017
mo_6                        -0.0287      0.021     -1.342      0.180      -0.071       0.013
mo_7                        -0.0331      0.021     -1.586      0.113      -0.074       0.008
mo_8                        -0.0299      0.020     -1.481      0.139      -0.070       0.010
mo_9                        -0.0231      0.021     -1.122      0.262      -0.063       0.017
mo_10                       -0.0134      0.020     -0.668      0.504      -0.053       0.026
mo_11                       -0.0342      0.021     -1.648      0.099      -0.075       0.006
mo_12                       -0.0419      0.020     -2.090      0.037      -0.081      -0.003
genre_Action                -0.0565      0.012     -4.700      0.000      -0.080      -0.033
genre_Adventure             -0.0169      0.013     -1.322      0.186      -0.042       0.008
genre_Animation             -0.0125      0.020     -0.609      0.542      -0.053       0.028
genre_Biography             -0.0878      0.016     -5.434      0.000      -0.119      -0.056
genre_Comedy                -0.0046      0.011     -0.436      0.663      -0.025       0.016
genre_Crime                 -0.0875      0.011     -7.703      0.000      -0.110      -0.065
genre_Drama                  0.0040      0.011      0.379      0.705      -0.017       0.025
genre_Family                 0.0666      0.016      4.092      0.000       0.035       0.099
genre_Fantasy                0.0043      0.014      0.306      0.760      -0.023       0.032
genre_History                0.0381      0.023      1.639      0.101      -0.007       0.084
genre_Horror                -0.0430      0.016     -2.611      0.009      -0.075      -0.011
genre_Music                  0.1067      0.022      4.831      0.000       0.063       0.150
genre_Musical                0.3303      0.045      7.295      0.000       0.242       0.419
genre_Mystery               -0.0680      0.014     -4.795      0.000      -0.096      -0.040
genre_News               -5.598e-19   3.76e-18     -0.149      0.882   -7.92e-18     6.8e-18
genre_Romance               -0.0226      0.011     -1.976      0.048      -0.045      -0.000
genre_Sci_Fi                -0.0244      0.015     -1.601      0.109      -0.054       0.005
genre_Short               1.283e-18   1.84e-18      0.697      0.486   -2.32e-18    4.89e-18
genre_Sport                 -0.0337      0.023     -1.433      0.152      -0.080       0.012
genre_Thriller              -0.0823      0.012     -6.913      0.000      -0.106      -0.059
genre_War                    0.0232      0.033      0.706      0.480      -0.041       0.088
genre_Western               -0.0360      0.055     -0.656      0.512      -0.144       0.072
==============================================================================
Omnibus:                     1423.922   Durbin-Watson:                   1.996
Prob(Omnibus):                  0.000   Jarque-Bera (JB):            13992.100
Skew:                           1.848   Prob(JB):                         0.00
Kurtosis:                      12.537   Cond. No.                     1.02e+16
==============================================================================

Notes:
[1] Standard Errors assume that the covariance matrix of the errors is correctly specified.
[2] The smallest eigenvalue is 5.08e-27. This might indicate that there are
strong multicollinearity problems or that the design matrix is singular.