                            OLS Regression Results                            
==============================================================================
Dep. Variable:              sd_pooled   R-squared:                       0.563
Model:                            OLS   Adj. R-squared:                  0.554
Method:                 Least Squares   F-statistic:                     63.38
Date:                Sun, 29 Mar 2026   Prob (F-statistic):               0.00
Time:                        15:38:20   Log-Likelihood:                 426.48
No. Observations:                3210   AIC:                            -723.0
Df Residuals:                    3145   BIC:                            -328.1
Df Model:                          64                                         
Covariance Type:            nonrobust                                         
============================================================================================
                               coef    std err          t      P>|t|      [0.025      0.975]
--------------------------------------------------------------------------------------------
const                        3.3937      0.054     63.216      0.000       3.288       3.499
FLead                        0.0451      0.009      5.007      0.000       0.027       0.063
mean_pooled                 -0.2326      0.005    -46.868      0.000      -0.242      -0.223
kim_violence_gore            0.0136      0.003      4.734      0.000       0.008       0.019
kim_sex_nudity               0.0098      0.002      4.350      0.000       0.005       0.014
kim_language                -0.0143      0.002     -6.711      0.000      -0.018      -0.010
major                       -0.0349      0.009     -3.871      0.000      -0.053      -0.017
log_bom_opening_theaters     0.0049      0.002      2.505      0.012       0.001       0.009
genres_count                -0.0106      0.007     -1.432      0.152      -0.025       0.004
yr_1993                     -0.0199      0.038     -0.518      0.604      -0.095       0.056
yr_1994                     -0.0124      0.039     -0.321      0.749      -0.089       0.064
yr_1995                      0.0381      0.038      0.992      0.321      -0.037       0.113
yr_1996                     -0.0048      0.038     -0.126      0.900      -0.079       0.070
yr_1997                     -0.0154      0.038     -0.402      0.688      -0.091       0.060
yr_1998                      0.0622      0.037      1.676      0.094      -0.011       0.135
yr_1999                      0.0359      0.036      0.986      0.324      -0.035       0.107
yr_2000                     -0.0153      0.038     -0.406      0.685      -0.089       0.058
yr_2001                      0.0587      0.037      1.600      0.110      -0.013       0.131
yr_2002                      0.0053      0.036      0.146      0.884      -0.066       0.077
yr_2003                     -0.0153      0.036     -0.426      0.670      -0.086       0.055
yr_2004                      0.0439      0.036      1.219      0.223      -0.027       0.114
yr_2005                      0.0396      0.036      1.096      0.273      -0.031       0.111
yr_2006                      0.0941      0.036      2.649      0.008       0.024       0.164
yr_2007                      0.0897      0.036      2.524      0.012       0.020       0.159
yr_2008                      0.0509      0.036      1.428      0.153      -0.019       0.121
yr_2009                      0.0079      0.036      0.216      0.829      -0.064       0.079
yr_2010                      0.0143      0.036      0.400      0.689      -0.056       0.085
yr_2011                      0.0157      0.035      0.447      0.655      -0.053       0.085
yr_2012                      0.0093      0.035      0.264      0.792      -0.060       0.078
yr_2013                     -0.0083      0.036     -0.234      0.815      -0.078       0.061
yr_2014                      0.0430      0.036      1.196      0.232      -0.027       0.114
yr_2015                     -0.0520      0.036     -1.462      0.144      -0.122       0.018
yr_2016                     -0.0559      0.036     -1.555      0.120      -0.126       0.015
yr_2017                      0.0225      0.036      0.621      0.535      -0.048       0.093
yr_2018                      0.0073      0.037      0.199      0.842      -0.065       0.079
mo_2                         0.0070      0.022      0.327      0.744      -0.035       0.049
mo_3                        -0.0047      0.021     -0.226      0.821      -0.045       0.036
mo_4                        -0.0066      0.021     -0.316      0.752      -0.047       0.034
mo_5                        -0.0288      0.022     -1.303      0.193      -0.072       0.015
mo_6                        -0.0379      0.022     -1.734      0.083      -0.081       0.005
mo_7                        -0.0347      0.021     -1.634      0.102      -0.076       0.007
mo_8                        -0.0310      0.020     -1.537      0.124      -0.070       0.009
mo_9                        -0.0331      0.021     -1.613      0.107      -0.073       0.007
mo_10                       -0.0256      0.020     -1.265      0.206      -0.065       0.014
mo_11                       -0.0364      0.021     -1.746      0.081      -0.077       0.004
mo_12                       -0.0355      0.020     -1.764      0.078      -0.075       0.004
genre_Action                -0.0592      0.012     -4.921      0.000      -0.083      -0.036
genre_Adventure             -0.0038      0.013     -0.297      0.767      -0.029       0.022
genre_Animation             -0.0240      0.020     -1.170      0.242      -0.064       0.016
genre_Biography             -0.0841      0.016     -5.285      0.000      -0.115      -0.053
genre_Comedy                 0.0008      0.011      0.077      0.938      -0.020       0.022
genre_Crime                 -0.0873      0.012     -7.490      0.000      -0.110      -0.064
genre_Drama                  0.0119      0.011      1.101      0.271      -0.009       0.033
genre_Family                 0.0680      0.017      4.113      0.000       0.036       0.100
genre_Fantasy                0.0077      0.015      0.524      0.600      -0.021       0.037
genre_History                0.0140      0.023      0.611      0.541      -0.031       0.059
genre_Horror                -0.0305      0.017     -1.828      0.068      -0.063       0.002
genre_Music                  0.1173      0.021      5.537      0.000       0.076       0.159
genre_Musical                0.2903      0.052      5.588      0.000       0.188       0.392
genre_Mystery               -0.0646      0.014     -4.520      0.000      -0.093      -0.037
genre_News               -5.562e-19   3.84e-18     -0.145      0.885   -8.08e-18    6.96e-18
genre_Romance               -0.0111      0.012     -0.951      0.342      -0.034       0.012
genre_Sci_Fi                -0.0216      0.016     -1.380      0.168      -0.052       0.009
genre_Short               4.302e-18   6.33e-18      0.680      0.496    -8.1e-18    1.67e-17
genre_Sport                 -0.0452      0.023     -1.936      0.053      -0.091       0.001
genre_Thriller              -0.0832      0.012     -6.838      0.000      -0.107      -0.059
genre_War                    0.0213      0.034      0.635      0.525      -0.045       0.087
genre_Western               -0.0275      0.057     -0.480      0.631      -0.140       0.085
==============================================================================
Omnibus:                     1345.647   Durbin-Watson:                   1.980
Prob(Omnibus):                  0.000   Jarque-Bera (JB):            11388.059
Skew:                           1.772   Prob(JB):                         0.00
Kurtosis:                      11.520   Cond. No.                     1.02e+16
==============================================================================

Notes:
[1] Standard Errors assume that the covariance matrix of the errors is correctly specified.
[2] The smallest eigenvalue is 5.08e-27. This might indicate that there are
strong multicollinearity problems or that the design matrix is singular.