                            OLS Regression Results                            
==============================================================================
Dep. Variable:              sd_pooled   R-squared:                       0.555
Model:                            OLS   Adj. R-squared:                  0.546
Method:                 Least Squares   F-statistic:                     61.35
Date:                Tue, 31 Mar 2026   Prob (F-statistic):               0.00
Time:                        19:23:24   Log-Likelihood:                 391.22
No. Observations:                3210   AIC:                            -652.4
Df Residuals:                    3145   BIC:                            -257.6
Df Model:                          64                                         
Covariance Type:            nonrobust                                         
============================================================================================
                               coef    std err          t      P>|t|      [0.025      0.975]
--------------------------------------------------------------------------------------------
const                        3.3564      0.055     61.304      0.000       3.249       3.464
FLead                        0.0540      0.009      5.929      0.000       0.036       0.072
mean_pooled                 -0.2315      0.005    -45.854      0.000      -0.241      -0.222
kim_violence_gore            0.0107      0.003      3.708      0.000       0.005       0.016
kim_sex_nudity               0.0136      0.002      5.936      0.000       0.009       0.018
kim_language                -0.0158      0.002     -7.330      0.000      -0.020      -0.012
major                       -0.0452      0.009     -4.984      0.000      -0.063      -0.027
log_bom_opening_theaters     0.0062      0.002      3.146      0.002       0.002       0.010
genres_count                -0.0084      0.008     -1.083      0.279      -0.023       0.007
yr_1993                      0.0055      0.039      0.142      0.887      -0.071       0.082
yr_1994                      0.0022      0.039      0.057      0.955      -0.075       0.079
yr_1995                      0.0498      0.040      1.236      0.217      -0.029       0.129
yr_1996                      0.0243      0.039      0.627      0.531      -0.052       0.100
yr_1997                      0.0172      0.039      0.440      0.660      -0.059       0.094
yr_1998                      0.0786      0.038      2.089      0.037       0.005       0.152
yr_1999                      0.0662      0.037      1.797      0.072      -0.006       0.138
yr_2000                     -0.0067      0.038     -0.176      0.861      -0.082       0.068
yr_2001                      0.0806      0.037      2.178      0.029       0.008       0.153
yr_2002                      0.0275      0.037      0.747      0.455      -0.045       0.100
yr_2003                      0.0025      0.037      0.068      0.945      -0.070       0.075
yr_2004                      0.0605      0.036      1.660      0.097      -0.011       0.132
yr_2005                      0.0476      0.036      1.311      0.190      -0.024       0.119
yr_2006                      0.0969      0.036      2.678      0.007       0.026       0.168
yr_2007                      0.1140      0.036      3.183      0.001       0.044       0.184
yr_2008                      0.0703      0.036      1.957      0.050      -0.000       0.141
yr_2009                      0.0274      0.037      0.750      0.453      -0.044       0.099
yr_2010                      0.0212      0.036      0.583      0.560      -0.050       0.093
yr_2011                      0.0316      0.036      0.886      0.376      -0.038       0.102
yr_2012                      0.0160      0.036      0.447      0.655      -0.054       0.086
yr_2013                      0.0200      0.036      0.554      0.579      -0.051       0.091
yr_2014                      0.0449      0.036      1.236      0.216      -0.026       0.116
yr_2015                     -0.0221      0.036     -0.612      0.540      -0.093       0.049
yr_2016                     -0.0152      0.036     -0.419      0.675      -0.086       0.056
yr_2017                      0.0348      0.037      0.950      0.342      -0.037       0.107
yr_2018                      0.0204      0.037      0.547      0.585      -0.053       0.094
mo_2                         0.0091      0.022      0.416      0.678      -0.034       0.052
mo_3                        -0.0022      0.021     -0.104      0.917      -0.043       0.039
mo_4                         0.0046      0.021      0.219      0.827      -0.036       0.046
mo_5                        -0.0063      0.022     -0.284      0.777      -0.050       0.038
mo_6                        -0.0194      0.022     -0.879      0.380      -0.063       0.024
mo_7                        -0.0177      0.021     -0.839      0.401      -0.059       0.024
mo_8                        -0.0310      0.020     -1.515      0.130      -0.071       0.009
mo_9                        -0.0169      0.021     -0.807      0.419      -0.058       0.024
mo_10                       -0.0043      0.020     -0.210      0.833      -0.044       0.036
mo_11                       -0.0229      0.021     -1.079      0.281      -0.065       0.019
mo_12                       -0.0234      0.020     -1.155      0.248      -0.063       0.016
genre_Action                -0.0536      0.012     -4.412      0.000      -0.077      -0.030
genre_Adventure              0.0012      0.013      0.090      0.928      -0.024       0.027
genre_Animation             -0.0250      0.022     -1.162      0.245      -0.067       0.017
genre_Biography             -0.0973      0.017     -5.895      0.000      -0.130      -0.065
genre_Comedy                -0.0124      0.011     -1.135      0.257      -0.034       0.009
genre_Crime                 -0.0892      0.012     -7.528      0.000      -0.112      -0.066
genre_Drama                  0.0116      0.011      1.069      0.285      -0.010       0.033
genre_Family                 0.0703      0.017      4.163      0.000       0.037       0.103
genre_Fantasy               -0.0021      0.015     -0.147      0.883      -0.031       0.026
genre_History                0.0421      0.024      1.787      0.074      -0.004       0.088
genre_Horror                -0.0309      0.017     -1.844      0.065      -0.064       0.002
genre_Music                  0.1199      0.022      5.506      0.000       0.077       0.163
genre_Musical                0.2995      0.054      5.526      0.000       0.193       0.406
genre_Mystery               -0.0539      0.015     -3.703      0.000      -0.082      -0.025
genre_News               -2.296e-18   3.83e-18     -0.599      0.549   -9.81e-18    5.22e-18
genre_Romance               -0.0214      0.012     -1.810      0.070      -0.045       0.002
genre_Sci_Fi                -0.0131      0.016     -0.833      0.405      -0.044       0.018
genre_Short              -6.484e-18   3.04e-18     -2.131      0.033   -1.25e-17   -5.17e-19
genre_Sport                 -0.0266      0.024     -1.127      0.260      -0.073       0.020
genre_Thriller              -0.0781      0.012     -6.407      0.000      -0.102      -0.054
genre_War                -2.369e-05      0.033     -0.001      0.999      -0.064       0.064
genre_Western               -0.0494      0.063     -0.783      0.434      -0.173       0.074
==============================================================================
Omnibus:                     1309.303   Durbin-Watson:                   1.975
Prob(Omnibus):                  0.000   Jarque-Bera (JB):            10534.797
Skew:                           1.731   Prob(JB):                         0.00
Kurtosis:                      11.172   Cond. No.                     1.02e+16
==============================================================================

Notes:
[1] Standard Errors assume that the covariance matrix of the errors is correctly specified.
[2] The smallest eigenvalue is 5.11e-27. This might indicate that there are
strong multicollinearity problems or that the design matrix is singular.