                            OLS Regression Results                            
==============================================================================
Dep. Variable:              sd_pooled   R-squared:                       0.562
Model:                            OLS   Adj. R-squared:                  0.553
Method:                 Least Squares   F-statistic:                     63.02
Date:                Sun, 29 Mar 2026   Prob (F-statistic):               0.00
Time:                        15:38:18   Log-Likelihood:                 423.75
No. Observations:                3210   AIC:                            -717.5
Df Residuals:                    3145   BIC:                            -322.7
Df Model:                          64                                         
Covariance Type:            nonrobust                                         
============================================================================================
                               coef    std err          t      P>|t|      [0.025      0.975]
--------------------------------------------------------------------------------------------
const                        3.3666      0.054     61.819      0.000       3.260       3.473
FLead                        0.0441      0.009      4.882      0.000       0.026       0.062
mean_pooled                 -0.2298      0.005    -46.389      0.000      -0.239      -0.220
kim_violence_gore            0.0138      0.003      4.906      0.000       0.008       0.019
kim_sex_nudity               0.0117      0.002      5.213      0.000       0.007       0.016
kim_language                -0.0168      0.002     -8.068      0.000      -0.021      -0.013
major                       -0.0454      0.009     -5.024      0.000      -0.063      -0.028
log_bom_opening_theaters     0.0074      0.002      3.734      0.000       0.004       0.011
genres_count                -0.0136      0.007     -1.820      0.069      -0.028       0.001
yr_1993                     -0.0132      0.040     -0.333      0.739      -0.091       0.064
yr_1994                     -0.0240      0.040     -0.595      0.552      -0.103       0.055
yr_1995                      0.0351      0.040      0.881      0.378      -0.043       0.113
yr_1996                     -0.0042      0.039     -0.108      0.914      -0.081       0.073
yr_1997                     -0.0187      0.040     -0.471      0.637      -0.096       0.059
yr_1998                      0.0457      0.038      1.193      0.233      -0.029       0.121
yr_1999                      0.0464      0.037      1.242      0.214      -0.027       0.120
yr_2000                     -0.0331      0.038     -0.862      0.389      -0.108       0.042
yr_2001                      0.0356      0.038      0.939      0.348      -0.039       0.110
yr_2002                      0.0031      0.037      0.083      0.934      -0.070       0.076
yr_2003                     -0.0261      0.037     -0.696      0.486      -0.100       0.047
yr_2004                      0.0324      0.037      0.865      0.387      -0.041       0.106
yr_2005                      0.0283      0.037      0.760      0.447      -0.045       0.101
yr_2006                      0.0786      0.037      2.122      0.034       0.006       0.151
yr_2007                      0.0852      0.037      2.309      0.021       0.013       0.158
yr_2008                      0.0324      0.037      0.879      0.380      -0.040       0.105
yr_2009                      0.0205      0.037      0.547      0.585      -0.053       0.094
yr_2010                      0.0051      0.037      0.138      0.890      -0.068       0.078
yr_2011                      0.0070      0.037      0.190      0.849      -0.065       0.079
yr_2012                     -0.0048      0.036     -0.132      0.895      -0.076       0.066
yr_2013                     -0.0114      0.037     -0.309      0.757      -0.084       0.061
yr_2014                      0.0017      0.037      0.045      0.964      -0.072       0.075
yr_2015                     -0.0415      0.037     -1.122      0.262      -0.114       0.031
yr_2016                     -0.0374      0.037     -1.005      0.315      -0.110       0.036
yr_2017                      0.0063      0.037      0.170      0.865      -0.067       0.080
yr_2018                      0.0009      0.038      0.024      0.981      -0.074       0.076
mo_2                         0.0186      0.022      0.855      0.393      -0.024       0.061
mo_3                         0.0086      0.021      0.414      0.679      -0.032       0.049
mo_4                         0.0072      0.021      0.345      0.730      -0.034       0.048
mo_5                        -0.0100      0.022     -0.444      0.657      -0.054       0.034
mo_6                        -0.0156      0.022     -0.714      0.475      -0.058       0.027
mo_7                        -0.0172      0.021     -0.804      0.422      -0.059       0.025
mo_8                        -0.0201      0.020     -0.986      0.324      -0.060       0.020
mo_9                        -0.0166      0.021     -0.799      0.424      -0.057       0.024
mo_10                        0.0060      0.020      0.296      0.767      -0.034       0.046
mo_11                       -0.0197      0.021     -0.939      0.348      -0.061       0.021
mo_12                       -0.0311      0.020     -1.536      0.125      -0.071       0.009
genre_Action                -0.0653      0.012     -5.398      0.000      -0.089      -0.042
genre_Adventure             -0.0015      0.013     -0.116      0.907      -0.027       0.024
genre_Animation             -0.0252      0.021     -1.206      0.228      -0.066       0.016
genre_Biography             -0.1033      0.016     -6.377      0.000      -0.135      -0.072
genre_Comedy                -0.0013      0.011     -0.120      0.904      -0.022       0.020
genre_Crime                 -0.0840      0.012     -7.215      0.000      -0.107      -0.061
genre_Drama                  0.0221      0.011      2.057      0.040       0.001       0.043
genre_Family                 0.0468      0.017      2.766      0.006       0.014       0.080
genre_Fantasy                0.0176      0.015      1.205      0.228      -0.011       0.046
genre_History                0.0088      0.023      0.373      0.709      -0.037       0.055
genre_Horror                -0.0447      0.016     -2.711      0.007      -0.077      -0.012
genre_Music                  0.1117      0.021      5.345      0.000       0.071       0.153
genre_Musical                0.3378      0.054      6.296      0.000       0.233       0.443
genre_Mystery               -0.0686      0.014     -4.779      0.000      -0.097      -0.040
genre_News               -2.207e-15   2.38e-15     -0.929      0.353   -6.87e-15    2.45e-15
genre_Romance               -0.0170      0.012     -1.464      0.143      -0.040       0.006
genre_Sci_Fi                -0.0127      0.016     -0.821      0.412      -0.043       0.018
genre_Short               1.937e-15   2.08e-15      0.930      0.352   -2.15e-15    6.02e-15
genre_Sport                 -0.0629      0.023     -2.700      0.007      -0.109      -0.017
genre_Thriller              -0.0774      0.012     -6.485      0.000      -0.101      -0.054
genre_War                    0.0429      0.033      1.306      0.191      -0.021       0.107
genre_Western               -0.0374      0.053     -0.700      0.484      -0.142       0.067
==============================================================================
Omnibus:                     1366.583   Durbin-Watson:                   1.997
Prob(Omnibus):                  0.000   Jarque-Bera (JB):            12075.201
Skew:                           1.791   Prob(JB):                         0.00
Kurtosis:                      11.801   Cond. No.                     1.02e+16
==============================================================================

Notes:
[1] Standard Errors assume that the covariance matrix of the errors is correctly specified.
[2] The smallest eigenvalue is 5.12e-27. This might indicate that there are
strong multicollinearity problems or that the design matrix is singular.