                            OLS Regression Results                            
==============================================================================
Dep. Variable:              sd_pooled   R-squared:                       0.559
Model:                            OLS   Adj. R-squared:                  0.551
Method:                 Least Squares   F-statistic:                     78.06
Date:                Wed, 01 Apr 2026   Prob (F-statistic):               0.00
Time:                        00:10:28   Log-Likelihood:                 518.08
No. Observations:                4012   AIC:                            -906.2
Df Residuals:                    3947   BIC:                            -496.9
Df Model:                          64                                         
Covariance Type:            nonrobust                                         
============================================================================================
                               coef    std err          t      P>|t|      [0.025      0.975]
--------------------------------------------------------------------------------------------
const                        3.4075      0.049     70.013      0.000       3.312       3.503
FLead                        0.0497      0.008      6.180      0.000       0.034       0.066
mean_pooled                 -0.2362      0.004    -53.754      0.000      -0.245      -0.228
kim_violence_gore            0.0151      0.002      6.033      0.000       0.010       0.020
kim_sex_nudity               0.0047      0.004      1.308      0.191      -0.002       0.012
kim_language                -0.0112      0.002     -6.374      0.000      -0.015      -0.008
major                       -0.0398      0.008     -4.933      0.000      -0.056      -0.024
log_bom_opening_theaters     0.0047      0.002      2.643      0.008       0.001       0.008
genres_count                -0.0147      0.007     -2.185      0.029      -0.028      -0.002
yr_1993                     -0.0089      0.035     -0.258      0.796      -0.077       0.059
yr_1994                     -0.0033      0.035     -0.094      0.925      -0.073       0.066
yr_1995                      0.0392      0.035      1.127      0.260      -0.029       0.108
yr_1996                      0.0027      0.034      0.080      0.936      -0.064       0.070
yr_1997                      0.0043      0.035      0.123      0.902      -0.064       0.072
yr_1998                      0.0557      0.034      1.657      0.098      -0.010       0.121
yr_1999                      0.0618      0.033      1.889      0.059      -0.002       0.126
yr_2000                     -0.0050      0.034     -0.147      0.883      -0.071       0.061
yr_2001                      0.0617      0.033      1.861      0.063      -0.003       0.127
yr_2002                      0.0187      0.033      0.573      0.567      -0.045       0.083
yr_2003                      0.0059      0.033      0.181      0.856      -0.058       0.070
yr_2004                      0.0701      0.033      2.151      0.032       0.006       0.134
yr_2005                      0.0550      0.032      1.702      0.089      -0.008       0.118
yr_2006                      0.1064      0.032      3.317      0.001       0.043       0.169
yr_2007                      0.1184      0.032      3.703      0.000       0.056       0.181
yr_2008                      0.0598      0.032      1.859      0.063      -0.003       0.123
yr_2009                      0.0432      0.033      1.327      0.184      -0.021       0.107
yr_2010                      0.0356      0.032      1.096      0.273      -0.028       0.099
yr_2011                      0.0379      0.032      1.187      0.235      -0.025       0.100
yr_2012                      0.0201      0.032      0.631      0.528      -0.042       0.082
yr_2013                      0.0122      0.032      0.382      0.702      -0.050       0.075
yr_2014                      0.0418      0.032      1.293      0.196      -0.022       0.105
yr_2015                     -0.0282      0.032     -0.876      0.381      -0.091       0.035
yr_2016                     -0.0351      0.032     -1.084      0.279      -0.099       0.028
yr_2017                      0.0235      0.033      0.718      0.473      -0.041       0.088
yr_2018                      0.0144      0.033      0.438      0.662      -0.050       0.079
mo_2                         0.0105      0.020      0.537      0.591      -0.028       0.049
mo_3                        -0.0026      0.019     -0.140      0.888      -0.039       0.034
mo_4                         0.0020      0.019      0.104      0.917      -0.035       0.039
mo_5                        -0.0093      0.020     -0.470      0.638      -0.048       0.029
mo_6                        -0.0224      0.020     -1.148      0.251      -0.061       0.016
mo_7                        -0.0207      0.019     -1.093      0.274      -0.058       0.016
mo_8                        -0.0231      0.018     -1.263      0.207      -0.059       0.013
mo_9                        -0.0257      0.019     -1.382      0.167      -0.062       0.011
mo_10                       -0.0056      0.018     -0.306      0.760      -0.041       0.030
mo_11                       -0.0200      0.019     -1.063      0.288      -0.057       0.017
mo_12                       -0.0251      0.018     -1.381      0.167      -0.061       0.011
genre_Action                -0.0617      0.011     -5.828      0.000      -0.082      -0.041
genre_Adventure             -0.0062      0.011     -0.553      0.580      -0.028       0.016
genre_Animation             -0.0295      0.018     -1.627      0.104      -0.065       0.006
genre_Biography             -0.0893      0.014     -6.257      0.000      -0.117      -0.061
genre_Comedy                 0.0027      0.010      0.288      0.774      -0.016       0.021
genre_Crime                 -0.0883      0.010     -8.586      0.000      -0.109      -0.068
genre_Drama                  0.0151      0.010      1.586      0.113      -0.004       0.034
genre_Family                 0.0655      0.015      4.449      0.000       0.037       0.094
genre_Fantasy                0.0068      0.013      0.535      0.593      -0.018       0.032
genre_History                0.0200      0.020      0.975      0.330      -0.020       0.060
genre_Horror                -0.0428      0.015     -2.937      0.003      -0.071      -0.014
genre_Music                  0.1169      0.019      6.099      0.000       0.079       0.155
genre_Musical                0.3253      0.043      7.499      0.000       0.240       0.410
genre_Mystery               -0.0567      0.013     -4.496      0.000      -0.081      -0.032
genre_News                -1.73e-18    4.3e-18     -0.402      0.688   -1.02e-17    6.71e-18
genre_Romance               -0.0066      0.010     -0.648      0.517      -0.026       0.013
genre_Sci_Fi                -0.0138      0.014     -1.014      0.311      -0.041       0.013
genre_Short              -3.185e-18   3.03e-18     -1.050      0.294   -9.13e-18    2.76e-18
genre_Sport                 -0.0393      0.021     -1.891      0.059      -0.080       0.001
genre_Thriller              -0.0757      0.011     -7.083      0.000      -0.097      -0.055
genre_War                   -0.0004      0.029     -0.012      0.990      -0.058       0.057
genre_Western               -0.0566      0.052     -1.097      0.273      -0.158       0.045
==============================================================================
Omnibus:                     1634.312   Durbin-Watson:                   2.006
Prob(Omnibus):                  0.000   Jarque-Bera (JB):            12857.156
Skew:                           1.742   Prob(JB):                         0.00
Kurtosis:                      11.048   Cond. No.                     1.02e+16
==============================================================================

Notes:
[1] Standard Errors assume that the covariance matrix of the errors is correctly specified.
[2] The smallest eigenvalue is 5.98e-27. This might indicate that there are
strong multicollinearity problems or that the design matrix is singular.