                            OLS Regression Results                            
==============================================================================
Dep. Variable:              sd_pooled   R-squared:                       0.560
Model:                            OLS   Adj. R-squared:                  0.550
Method:                 Least Squares   F-statistic:                     54.67
Date:                Sun, 29 Mar 2026   Prob (F-statistic):               0.00
Time:                        16:03:47   Log-Likelihood:                 315.94
No. Observations:                2809   AIC:                            -501.9
Df Residuals:                    2744   BIC:                            -115.7
Df Model:                          64                                         
Covariance Type:            nonrobust                                         
============================================================================================
                               coef    std err          t      P>|t|      [0.025      0.975]
--------------------------------------------------------------------------------------------
const                        3.4952      0.060     57.925      0.000       3.377       3.613
FLead                        0.0532      0.010      5.490      0.000       0.034       0.072
mean_pooled                 -0.2460      0.006    -44.086      0.000      -0.257      -0.235
kim_violence_gore            0.0078      0.004      2.167      0.030       0.001       0.015
kim_sex_nudity               0.0105      0.003      3.916      0.000       0.005       0.016
kim_language                -0.0147      0.002     -6.101      0.000      -0.019      -0.010
major                       -0.0412      0.010     -4.077      0.000      -0.061      -0.021
log_bom_opening_theaters     0.0064      0.002      2.956      0.003       0.002       0.011
genres_count                -0.0052      0.009     -0.582      0.560      -0.023       0.012
yr_1993                     -0.0282      0.041     -0.694      0.488      -0.108       0.052
yr_1994                     -0.0389      0.041     -0.937      0.349      -0.120       0.042
yr_1995                      0.0388      0.042      0.928      0.353      -0.043       0.121
yr_1996                     -0.0091      0.041     -0.224      0.823      -0.089       0.071
yr_1997                      0.0123      0.041      0.299      0.765      -0.068       0.093
yr_1998                      0.0498      0.040      1.248      0.212      -0.028       0.128
yr_1999                      0.0629      0.039      1.613      0.107      -0.014       0.139
yr_2000                     -0.0178      0.041     -0.437      0.662      -0.098       0.062
yr_2001                      0.0688      0.040      1.707      0.088      -0.010       0.148
yr_2002                      0.0121      0.039      0.312      0.755      -0.064       0.088
yr_2003                     -0.0151      0.039     -0.384      0.701      -0.092       0.062
yr_2004                      0.0588      0.040      1.486      0.137      -0.019       0.136
yr_2005                      0.0390      0.039      0.995      0.320      -0.038       0.116
yr_2006                      0.0887      0.039      2.281      0.023       0.012       0.165
yr_2007                      0.1048      0.039      2.707      0.007       0.029       0.181
yr_2008                      0.0421      0.039      1.082      0.279      -0.034       0.118
yr_2009                      0.0041      0.040      0.103      0.918      -0.074       0.082
yr_2010                      0.0002      0.040      0.005      0.996      -0.077       0.078
yr_2011                      0.0189      0.039      0.486      0.627      -0.057       0.095
yr_2012                     -0.0052      0.038     -0.136      0.892      -0.080       0.070
yr_2013                     -0.0189      0.039     -0.491      0.623      -0.095       0.057
yr_2014                      0.0223      0.039      0.574      0.566      -0.054       0.099
yr_2015                     -0.0563      0.038     -1.474      0.141      -0.131       0.019
yr_2016                     -0.0630      0.039     -1.614      0.107      -0.140       0.014
yr_2017                     -0.0178      0.040     -0.445      0.656      -0.096       0.060
yr_2018                     -0.0060      0.040     -0.152      0.879      -0.084       0.072
mo_2                         0.0124      0.024      0.510      0.610      -0.035       0.060
mo_3                        -0.0209      0.023     -0.896      0.370      -0.067       0.025
mo_4                        -0.0195      0.023     -0.840      0.401      -0.065       0.026
mo_5                        -0.0316      0.024     -1.312      0.189      -0.079       0.016
mo_6                        -0.0375      0.024     -1.562      0.118      -0.085       0.010
mo_7                        -0.0284      0.023     -1.228      0.219      -0.074       0.017
mo_8                        -0.0410      0.023     -1.806      0.071      -0.085       0.004
mo_9                        -0.0442      0.023     -1.901      0.057      -0.090       0.001
mo_10                       -0.0361      0.023     -1.571      0.116      -0.081       0.009
mo_11                       -0.0429      0.023     -1.860      0.063      -0.088       0.002
mo_12                       -0.0389      0.022     -1.756      0.079      -0.082       0.005
genre_Action                -0.0650      0.015     -4.451      0.000      -0.094      -0.036
genre_Adventure             -0.0004      0.014     -0.030      0.976      -0.029       0.028
genre_Animation             -0.0231      0.021     -1.113      0.266      -0.064       0.018
genre_Biography             -0.0965      0.018     -5.338      0.000      -0.132      -0.061
genre_Comedy                -0.0095      0.012     -0.810      0.418      -0.033       0.014
genre_Crime                 -0.0937      0.014     -6.712      0.000      -0.121      -0.066
genre_Drama                  0.0299      0.012      2.426      0.015       0.006       0.054
genre_Family                 0.0503      0.017      3.038      0.002       0.018       0.083
genre_Fantasy                0.0023      0.016      0.143      0.887      -0.029       0.033
genre_History                0.0112      0.026      0.426      0.670      -0.040       0.063
genre_Horror                -0.0272      0.023     -1.175      0.240      -0.073       0.018
genre_Music                  0.0970      0.021      4.563      0.000       0.055       0.139
genre_Musical                0.3255      0.046      7.137      0.000       0.236       0.415
genre_Mystery               -0.0685      0.018     -3.869      0.000      -0.103      -0.034
genre_News               -6.846e-18   5.04e-18     -1.357      0.175   -1.67e-17    3.05e-18
genre_Romance               -0.0327      0.012     -2.664      0.008      -0.057      -0.009
genre_Sci_Fi                -0.0074      0.019     -0.388      0.698      -0.045       0.030
genre_Short              -5.874e-19   2.67e-18     -0.220      0.826   -5.83e-18    4.65e-18
genre_Sport                 -0.0325      0.024     -1.356      0.175      -0.080       0.015
genre_Thriller              -0.0750      0.015     -4.883      0.000      -0.105      -0.045
genre_War                   -0.0448      0.047     -0.953      0.341      -0.137       0.047
genre_Western                0.0549      0.094      0.584      0.559      -0.130       0.240
==============================================================================
Omnibus:                      962.007   Durbin-Watson:                   1.985
Prob(Omnibus):                  0.000   Jarque-Bera (JB):             4760.874
Skew:                           1.562   Prob(JB):                         0.00
Kurtosis:                       8.561   Cond. No.                     1.02e+16
==============================================================================

Notes:
[1] Standard Errors assume that the covariance matrix of the errors is correctly specified.
[2] The smallest eigenvalue is 4.07e-27. This might indicate that there are
strong multicollinearity problems or that the design matrix is singular.