                            OLS Regression Results                            
==============================================================================
Dep. Variable:              sd_pooled   R-squared:                       0.561
Model:                            OLS   Adj. R-squared:                  0.553
Method:                 Least Squares   F-statistic:                     78.66
Date:                Tue, 31 Mar 2026   Prob (F-statistic):               0.00
Time:                        14:10:34   Log-Likelihood:                 526.64
No. Observations:                4012   AIC:                            -923.3
Df Residuals:                    3947   BIC:                            -514.0
Df Model:                          64                                         
Covariance Type:            nonrobust                                         
============================================================================================
                               coef    std err          t      P>|t|      [0.025      0.975]
--------------------------------------------------------------------------------------------
const                        3.3883      0.048     70.003      0.000       3.293       3.483
FLead                        0.0454      0.008      5.641      0.000       0.030       0.061
mean_pooled                 -0.2327      0.004    -52.793      0.000      -0.241      -0.224
kim_violence_gore            0.0065      0.002      3.035      0.002       0.002       0.011
kim_sex_nudity               0.0128      0.002      6.366      0.000       0.009       0.017
kim_language                -0.0142      0.002     -7.573      0.000      -0.018      -0.011
major                       -0.0400      0.008     -4.971      0.000      -0.056      -0.024
log_bom_opening_theaters     0.0057      0.002      3.208      0.001       0.002       0.009
genres_count                -0.0076      0.007     -1.125      0.261      -0.021       0.006
yr_1993                     -0.0013      0.034     -0.038      0.970      -0.069       0.066
yr_1994                     -0.0008      0.035     -0.024      0.981      -0.070       0.068
yr_1995                      0.0486      0.035      1.399      0.162      -0.020       0.117
yr_1996                      0.0112      0.034      0.328      0.743      -0.056       0.078
yr_1997                      0.0176      0.035      0.507      0.612      -0.050       0.086
yr_1998                      0.0604      0.034      1.803      0.071      -0.005       0.126
yr_1999                      0.0655      0.033      2.010      0.045       0.002       0.129
yr_2000                     -0.0057      0.034     -0.168      0.866      -0.072       0.060
yr_2001                      0.0619      0.033      1.875      0.061      -0.003       0.127
yr_2002                      0.0206      0.032      0.636      0.525      -0.043       0.084
yr_2003                      0.0041      0.033      0.126      0.900      -0.060       0.068
yr_2004                      0.0667      0.032      2.054      0.040       0.003       0.130
yr_2005                      0.0537      0.032      1.670      0.095      -0.009       0.117
yr_2006                      0.1040      0.032      3.254      0.001       0.041       0.167
yr_2007                      0.1179      0.032      3.705      0.000       0.056       0.180
yr_2008                      0.0585      0.032      1.823      0.068      -0.004       0.121
yr_2009                      0.0379      0.032      1.168      0.243      -0.026       0.102
yr_2010                      0.0339      0.032      1.046      0.296      -0.030       0.097
yr_2011                      0.0344      0.032      1.081      0.280      -0.028       0.097
yr_2012                      0.0198      0.032      0.624      0.533      -0.042       0.082
yr_2013                      0.0126      0.032      0.394      0.693      -0.050       0.075
yr_2014                      0.0433      0.032      1.343      0.179      -0.020       0.107
yr_2015                     -0.0288      0.032     -0.900      0.368      -0.092       0.034
yr_2016                     -0.0314      0.032     -0.974      0.330      -0.095       0.032
yr_2017                      0.0238      0.033      0.730      0.466      -0.040       0.088
yr_2018                      0.0185      0.033      0.565      0.572      -0.046       0.083
mo_2                         0.0071      0.019      0.366      0.714      -0.031       0.045
mo_3                        -0.0052      0.019     -0.282      0.778      -0.042       0.031
mo_4                         0.0012      0.019      0.066      0.947      -0.036       0.038
mo_5                        -0.0136      0.020     -0.688      0.491      -0.052       0.025
mo_6                        -0.0265      0.019     -1.359      0.174      -0.065       0.012
mo_7                        -0.0242      0.019     -1.277      0.202      -0.061       0.013
mo_8                        -0.0260      0.018     -1.423      0.155      -0.062       0.010
mo_9                        -0.0295      0.019     -1.586      0.113      -0.066       0.007
mo_10                       -0.0071      0.018     -0.388      0.698      -0.043       0.029
mo_11                       -0.0245      0.019     -1.302      0.193      -0.061       0.012
mo_12                       -0.0262      0.018     -1.442      0.149      -0.062       0.009
genre_Action                -0.0487      0.010     -4.651      0.000      -0.069      -0.028
genre_Adventure             -0.0047      0.011     -0.416      0.677      -0.027       0.017
genre_Animation             -0.0325      0.018     -1.810      0.070      -0.068       0.003
genre_Biography             -0.0940      0.014     -6.599      0.000      -0.122      -0.066
genre_Comedy                -0.0124      0.009     -1.350      0.177      -0.030       0.006
genre_Crime                 -0.0854      0.010     -8.361      0.000      -0.105      -0.065
genre_Drama                  0.0108      0.009      1.139      0.255      -0.008       0.029
genre_Family                 0.0670      0.015      4.606      0.000       0.038       0.096
genre_Fantasy                0.0056      0.013      0.445      0.657      -0.019       0.030
genre_History                0.0207      0.020      1.013      0.311      -0.019       0.061
genre_Horror                -0.0199      0.014     -1.413      0.158      -0.048       0.008
genre_Music                  0.1029      0.019      5.415      0.000       0.066       0.140
genre_Musical                0.3145      0.043      7.273      0.000       0.230       0.399
genre_Mystery               -0.0597      0.013     -4.743      0.000      -0.084      -0.035
genre_News               -2.145e-19    3.5e-18     -0.061      0.951   -7.09e-18    6.66e-18
genre_Romance               -0.0263      0.010     -2.604      0.009      -0.046      -0.007
genre_Sci_Fi                -0.0118      0.014     -0.870      0.384      -0.038       0.015
genre_Short               5.018e-18   6.45e-18      0.778      0.437   -7.63e-18    1.77e-17
genre_Sport                 -0.0412      0.021     -1.986      0.047      -0.082      -0.001
genre_Thriller              -0.0729      0.011     -6.838      0.000      -0.094      -0.052
genre_War                    0.0187      0.029      0.642      0.521      -0.038       0.076
genre_Western               -0.0383      0.051     -0.744      0.457      -0.139       0.063
==============================================================================
Omnibus:                     1660.040   Durbin-Watson:                   2.005
Prob(Omnibus):                  0.000   Jarque-Bera (JB):            13657.871
Skew:                           1.760   Prob(JB):                         0.00
Kurtosis:                      11.325   Cond. No.                     1.02e+16
==============================================================================

Notes:
[1] Standard Errors assume that the covariance matrix of the errors is correctly specified.
[2] The smallest eigenvalue is 6.37e-27. This might indicate that there are
strong multicollinearity problems or that the design matrix is singular.