                            OLS Regression Results                            
==============================================================================
Dep. Variable:              sd_pooled   R-squared:                       0.561
Model:                            OLS   Adj. R-squared:                  0.554
Method:                 Least Squares   F-statistic:                     78.85
Date:                Sun, 29 Mar 2026   Prob (F-statistic):               0.00
Time:                        15:46:16   Log-Likelihood:                 529.38
No. Observations:                4012   AIC:                            -928.8
Df Residuals:                    3947   BIC:                            -519.5
Df Model:                          64                                         
Covariance Type:            nonrobust                                         
============================================================================================
                               coef    std err          t      P>|t|      [0.025      0.975]
--------------------------------------------------------------------------------------------
const                        3.4070      0.049     70.035      0.000       3.312       3.502
FLead                        0.0468      0.008      5.806      0.000       0.031       0.063
mean_pooled                 -0.2347      0.004    -52.244      0.000      -0.243      -0.226
kim_violence_gore            0.0124      0.003      4.842      0.000       0.007       0.017
kim_sex_nudity               0.0112      0.002      5.510      0.000       0.007       0.015
kim_language                -0.0150      0.002     -7.986      0.000      -0.019      -0.011
major                       -0.0336      0.008     -4.240      0.000      -0.049      -0.018
log_bom_opening_theaters     0.0021      0.002      1.326      0.185      -0.001       0.005
genres_count                -0.0087      0.007     -1.290      0.197      -0.022       0.005
yr_1993                     -0.0074      0.034     -0.214      0.831      -0.075       0.060
yr_1994                     -0.0042      0.035     -0.119      0.905      -0.073       0.065
yr_1995                      0.0427      0.035      1.230      0.219      -0.025       0.111
yr_1996                      0.0079      0.034      0.232      0.816      -0.059       0.075
yr_1997                      0.0121      0.035      0.349      0.727      -0.056       0.080
yr_1998                      0.0587      0.033      1.753      0.080      -0.007       0.124
yr_1999                      0.0583      0.033      1.787      0.074      -0.006       0.122
yr_2000                     -0.0090      0.034     -0.269      0.788      -0.075       0.057
yr_2001                      0.0551      0.033      1.667      0.096      -0.010       0.120
yr_2002                      0.0157      0.032      0.484      0.628      -0.048       0.079
yr_2003                     -0.0006      0.033     -0.017      0.986      -0.065       0.064
yr_2004                      0.0610      0.032      1.878      0.061      -0.003       0.125
yr_2005                      0.0469      0.032      1.455      0.146      -0.016       0.110
yr_2006                      0.0958      0.032      2.993      0.003       0.033       0.159
yr_2007                      0.1110      0.032      3.482      0.001       0.048       0.173
yr_2008                      0.0528      0.032      1.645      0.100      -0.010       0.116
yr_2009                      0.0318      0.033      0.979      0.328      -0.032       0.096
yr_2010                      0.0259      0.032      0.800      0.424      -0.038       0.089
yr_2011                      0.0289      0.032      0.908      0.364      -0.034       0.091
yr_2012                      0.0125      0.032      0.394      0.694      -0.050       0.075
yr_2013                      0.0051      0.032      0.161      0.872      -0.057       0.068
yr_2014                      0.0384      0.032      1.190      0.234      -0.025       0.102
yr_2015                     -0.0324      0.032     -1.011      0.312      -0.095       0.030
yr_2016                     -0.0354      0.032     -1.097      0.273      -0.099       0.028
yr_2017                      0.0210      0.033      0.645      0.519      -0.043       0.085
yr_2018                      0.0155      0.033      0.473      0.636      -0.049       0.080
mo_2                         0.0085      0.019      0.437      0.662      -0.030       0.047
mo_3                        -0.0050      0.019     -0.269      0.788      -0.041       0.031
mo_4                        -0.0004      0.019     -0.020      0.984      -0.037       0.036
mo_5                        -0.0145      0.020     -0.736      0.462      -0.053       0.024
mo_6                        -0.0273      0.019     -1.404      0.160      -0.065       0.011
mo_7                        -0.0256      0.019     -1.352      0.176      -0.063       0.011
mo_8                        -0.0258      0.018     -1.411      0.158      -0.062       0.010
mo_9                        -0.0284      0.019     -1.527      0.127      -0.065       0.008
mo_10                       -0.0084      0.018     -0.461      0.645      -0.044       0.027
mo_11                       -0.0257      0.019     -1.370      0.171      -0.063       0.011
mo_12                       -0.0320      0.018     -1.772      0.076      -0.067       0.003
genre_Action                -0.0540      0.011     -5.096      0.000      -0.075      -0.033
genre_Adventure             -0.0050      0.011     -0.447      0.655      -0.027       0.017
genre_Animation             -0.0278      0.018     -1.545      0.122      -0.063       0.007
genre_Biography             -0.0957      0.014     -6.749      0.000      -0.124      -0.068
genre_Comedy                -0.0030      0.010     -0.311      0.756      -0.022       0.016
genre_Crime                 -0.0885      0.010     -8.627      0.000      -0.109      -0.068
genre_Drama                  0.0099      0.009      1.047      0.295      -0.009       0.028
genre_Family                 0.0722      0.015      4.956      0.000       0.044       0.101
genre_Fantasy                0.0045      0.013      0.357      0.721      -0.020       0.029
genre_History                0.0170      0.020      0.834      0.404      -0.023       0.057
genre_Horror                -0.0329      0.015     -2.253      0.024      -0.062      -0.004
genre_Music                  0.1118      0.019      5.840      0.000       0.074       0.149
genre_Musical                0.3188      0.043      7.374      0.000       0.234       0.404
genre_Mystery               -0.0587      0.013     -4.665      0.000      -0.083      -0.034
genre_News               -2.112e-17   9.65e-18     -2.189      0.029      -4e-17    -2.2e-18
genre_Romance               -0.0181      0.010     -1.752      0.080      -0.038       0.002
genre_Sci_Fi                -0.0124      0.014     -0.912      0.362      -0.039       0.014
genre_Short               3.332e-18   1.67e-18      1.997      0.046    6.05e-20     6.6e-18
genre_Sport                 -0.0329      0.021     -1.591      0.112      -0.073       0.008
genre_Thriller              -0.0736      0.011     -6.904      0.000      -0.094      -0.053
genre_War                    0.0058      0.029      0.200      0.841      -0.051       0.063
genre_Western               -0.0462      0.052     -0.897      0.370      -0.147       0.055
==============================================================================
Omnibus:                     1671.512   Durbin-Watson:                   2.007
Prob(Omnibus):                  0.000   Jarque-Bera (JB):            13880.097
Skew:                           1.772   Prob(JB):                         0.00
Kurtosis:                      11.395   Cond. No.                     1.02e+16
==============================================================================

Notes:
[1] Standard Errors assume that the covariance matrix of the errors is correctly specified.
[2] The smallest eigenvalue is 6.39e-27. This might indicate that there are
strong multicollinearity problems or that the design matrix is singular.