                            OLS Regression Results                            
==============================================================================
Dep. Variable:              sd_pooled   R-squared:                       0.561
Model:                            OLS   Adj. R-squared:                  0.554
Method:                 Least Squares   F-statistic:                     78.84
Date:                Sun, 29 Mar 2026   Prob (F-statistic):               0.00
Time:                        15:46:31   Log-Likelihood:                 529.31
No. Observations:                4012   AIC:                            -928.6
Df Residuals:                    3947   BIC:                            -519.3
Df Model:                          64                                         
Covariance Type:            nonrobust                                         
============================================================================================
                               coef    std err          t      P>|t|      [0.025      0.975]
--------------------------------------------------------------------------------------------
const                        3.4087      0.048     70.368      0.000       3.314       3.504
FLead                        0.0467      0.008      5.800      0.000       0.031       0.062
mean_pooled                 -0.2348      0.004    -52.600      0.000      -0.244      -0.226
kim_violence_gore            0.0125      0.003      4.874      0.000       0.007       0.017
kim_sex_nudity               0.0112      0.002      5.508      0.000       0.007       0.015
kim_language                -0.0150      0.002     -7.986      0.000      -0.019      -0.011
major                       -0.0338      0.008     -4.213      0.000      -0.050      -0.018
log_bom_opening_theaters     0.0021      0.002      1.272      0.203      -0.001       0.005
genres_count                -0.0087      0.007     -1.280      0.201      -0.022       0.005
yr_1993                     -0.0066      0.034     -0.193      0.847      -0.074       0.061
yr_1994                     -0.0050      0.035     -0.141      0.888      -0.074       0.064
yr_1995                      0.0435      0.035      1.253      0.210      -0.025       0.112
yr_1996                      0.0072      0.034      0.210      0.834      -0.060       0.074
yr_1997                      0.0131      0.035      0.376      0.707      -0.055       0.081
yr_1998                      0.0588      0.033      1.755      0.079      -0.007       0.124
yr_1999                      0.0594      0.033      1.822      0.068      -0.005       0.123
yr_2000                     -0.0085      0.034     -0.252      0.801      -0.074       0.057
yr_2001                      0.0553      0.033      1.673      0.094      -0.009       0.120
yr_2002                      0.0159      0.032      0.490      0.624      -0.048       0.080
yr_2003                     -0.0007      0.033     -0.022      0.982      -0.065       0.063
yr_2004                      0.0613      0.032      1.888      0.059      -0.002       0.125
yr_2005                      0.0471      0.032      1.461      0.144      -0.016       0.110
yr_2006                      0.0964      0.032      3.011      0.003       0.034       0.159
yr_2007                      0.1104      0.032      3.463      0.001       0.048       0.173
yr_2008                      0.0526      0.032      1.638      0.102      -0.010       0.115
yr_2009                      0.0322      0.033      0.990      0.322      -0.032       0.096
yr_2010                      0.0260      0.032      0.802      0.423      -0.038       0.090
yr_2011                      0.0282      0.032      0.886      0.376      -0.034       0.091
yr_2012                      0.0125      0.032      0.394      0.693      -0.050       0.075
yr_2013                      0.0049      0.032      0.154      0.877      -0.058       0.067
yr_2014                      0.0384      0.032      1.191      0.234      -0.025       0.102
yr_2015                     -0.0327      0.032     -1.022      0.307      -0.095       0.030
yr_2016                     -0.0355      0.032     -1.099      0.272      -0.099       0.028
yr_2017                      0.0217      0.033      0.666      0.506      -0.042       0.086
yr_2018                      0.0158      0.033      0.483      0.629      -0.048       0.080
mo_2                         0.0089      0.019      0.459      0.646      -0.029       0.047
mo_3                        -0.0052      0.019     -0.280      0.780      -0.042       0.031
mo_4                        -0.0005      0.019     -0.028      0.978      -0.037       0.036
mo_5                        -0.0143      0.020     -0.722      0.470      -0.053       0.024
mo_6                        -0.0271      0.019     -1.395      0.163      -0.065       0.011
mo_7                        -0.0256      0.019     -1.355      0.175      -0.063       0.011
mo_8                        -0.0259      0.018     -1.418      0.156      -0.062       0.010
mo_9                        -0.0289      0.019     -1.555      0.120      -0.065       0.008
mo_10                       -0.0086      0.018     -0.472      0.637      -0.044       0.027
mo_11                       -0.0256      0.019     -1.364      0.172      -0.062       0.011
mo_12                       -0.0316      0.018     -1.749      0.080      -0.067       0.004
genre_Action                -0.0540      0.011     -5.093      0.000      -0.075      -0.033
genre_Adventure             -0.0053      0.011     -0.476      0.634      -0.027       0.017
genre_Animation             -0.0274      0.018     -1.524      0.127      -0.063       0.008
genre_Biography             -0.0954      0.014     -6.720      0.000      -0.123      -0.068
genre_Comedy                -0.0032      0.010     -0.336      0.737      -0.022       0.015
genre_Crime                 -0.0888      0.010     -8.659      0.000      -0.109      -0.069
genre_Drama                  0.0096      0.009      1.015      0.310      -0.009       0.028
genre_Family                 0.0721      0.015      4.944      0.000       0.043       0.101
genre_Fantasy                0.0045      0.013      0.352      0.725      -0.020       0.029
genre_History                0.0169      0.020      0.826      0.409      -0.023       0.057
genre_Horror                -0.0337      0.015     -2.308      0.021      -0.062      -0.005
genre_Music                  0.1118      0.019      5.844      0.000       0.074       0.149
genre_Musical                0.3199      0.043      7.400      0.000       0.235       0.405
genre_Mystery               -0.0588      0.013     -4.667      0.000      -0.083      -0.034
genre_News                1.872e-18   1.24e-17      0.151      0.880   -2.24e-17    2.62e-17
genre_Romance               -0.0187      0.010     -1.808      0.071      -0.039       0.002
genre_Sci_Fi                -0.0125      0.014     -0.918      0.359      -0.039       0.014
genre_Short               3.154e-18   1.23e-17      0.256      0.798    -2.1e-17    2.73e-17
genre_Sport                 -0.0327      0.021     -1.580      0.114      -0.073       0.008
genre_Thriller              -0.0735      0.011     -6.899      0.000      -0.094      -0.053
genre_War                    0.0068      0.029      0.233      0.815      -0.050       0.064
genre_Western               -0.0461      0.052     -0.895      0.371      -0.147       0.055
==============================================================================
Omnibus:                     1669.951   Durbin-Watson:                   2.007
Prob(Omnibus):                  0.000   Jarque-Bera (JB):            13858.211
Skew:                           1.770   Prob(JB):                         0.00
Kurtosis:                      11.389   Cond. No.                     1.02e+16
==============================================================================

Notes:
[1] Standard Errors assume that the covariance matrix of the errors is correctly specified.
[2] The smallest eigenvalue is 6.39e-27. This might indicate that there are
strong multicollinearity problems or that the design matrix is singular.