                            OLS Regression Results                            
==============================================================================
Dep. Variable:              sd_pooled   R-squared:                       0.562
Model:                            OLS   Adj. R-squared:                  0.555
Method:                 Least Squares   F-statistic:                     79.02
Date:                Tue, 31 Mar 2026   Prob (F-statistic):               0.00
Time:                        13:20:50   Log-Likelihood:                 531.88
No. Observations:                4012   AIC:                            -933.8
Df Residuals:                    3947   BIC:                            -524.4
Df Model:                          64                                         
Covariance Type:            nonrobust                                         
============================================================================================
                               coef    std err          t      P>|t|      [0.025      0.975]
--------------------------------------------------------------------------------------------
const                        3.3795      0.048     69.756      0.000       3.284       3.474
FLead                        0.0472      0.008      5.874      0.000       0.031       0.063
mean_pooled                 -0.2337      0.004    -53.020      0.000      -0.242      -0.225
kim_violence_gore            0.0129      0.003      5.113      0.000       0.008       0.018
kim_sex_nudity               0.0107      0.002      5.382      0.000       0.007       0.015
kim_language                -0.0150      0.002     -7.932      0.000      -0.019      -0.011
major                       -0.0396      0.008     -4.921      0.000      -0.055      -0.024
log_bom_opening_theaters     0.0055      0.002      3.137      0.002       0.002       0.009
genres_count                -0.0099      0.007     -1.463      0.144      -0.023       0.003
yr_1993                     -0.0077      0.034     -0.224      0.823      -0.075       0.060
yr_1994                     -0.0028      0.035     -0.079      0.937      -0.072       0.066
yr_1995                      0.0434      0.035      1.251      0.211      -0.025       0.111
yr_1996                      0.0074      0.034      0.218      0.828      -0.059       0.074
yr_1997                      0.0116      0.035      0.336      0.737      -0.056       0.080
yr_1998                      0.0572      0.033      1.709      0.088      -0.008       0.123
yr_1999                      0.0611      0.033      1.875      0.061      -0.003       0.125
yr_2000                     -0.0087      0.034     -0.259      0.795      -0.075       0.057
yr_2001                      0.0572      0.033      1.732      0.083      -0.008       0.122
yr_2002                      0.0172      0.032      0.529      0.597      -0.046       0.081
yr_2003                      0.0012      0.033      0.036      0.971      -0.063       0.065
yr_2004                      0.0620      0.032      1.910      0.056      -0.002       0.126
yr_2005                      0.0496      0.032      1.543      0.123      -0.013       0.113
yr_2006                      0.0986      0.032      3.086      0.002       0.036       0.161
yr_2007                      0.1104      0.032      3.467      0.001       0.048       0.173
yr_2008                      0.0528      0.032      1.646      0.100      -0.010       0.116
yr_2009                      0.0341      0.032      1.052      0.293      -0.029       0.098
yr_2010                      0.0283      0.032      0.873      0.383      -0.035       0.092
yr_2011                      0.0314      0.032      0.987      0.324      -0.031       0.094
yr_2012                      0.0153      0.032      0.482      0.630      -0.047       0.077
yr_2013                      0.0079      0.032      0.247      0.805      -0.055       0.070
yr_2014                      0.0404      0.032      1.253      0.210      -0.023       0.104
yr_2015                     -0.0306      0.032     -0.956      0.339      -0.093       0.032
yr_2016                     -0.0347      0.032     -1.076      0.282      -0.098       0.029
yr_2017                      0.0209      0.033      0.643      0.521      -0.043       0.085
yr_2018                      0.0152      0.033      0.465      0.642      -0.049       0.079
mo_2                         0.0090      0.019      0.465      0.642      -0.029       0.047
mo_3                        -0.0037      0.019     -0.202      0.840      -0.040       0.033
mo_4                         0.0009      0.019      0.047      0.963      -0.036       0.038
mo_5                        -0.0122      0.020     -0.619      0.536      -0.051       0.026
mo_6                        -0.0253      0.019     -1.302      0.193      -0.063       0.013
mo_7                        -0.0226      0.019     -1.193      0.233      -0.060       0.015
mo_8                        -0.0249      0.018     -1.366      0.172      -0.061       0.011
mo_9                        -0.0271      0.019     -1.458      0.145      -0.063       0.009
mo_10                       -0.0063      0.018     -0.343      0.731      -0.042       0.029
mo_11                       -0.0225      0.019     -1.202      0.229      -0.059       0.014
mo_12                       -0.0258      0.018     -1.420      0.156      -0.061       0.010
genre_Action                -0.0561      0.011     -5.296      0.000      -0.077      -0.035
genre_Adventure             -0.0071      0.011     -0.632      0.527      -0.029       0.015
genre_Animation             -0.0285      0.018     -1.587      0.113      -0.064       0.007
genre_Biography             -0.0910      0.014     -6.396      0.000      -0.119      -0.063
genre_Comedy                -0.0015      0.009     -0.163      0.871      -0.020       0.017
genre_Crime                 -0.0894      0.010     -8.720      0.000      -0.109      -0.069
genre_Drama                  0.0135      0.010      1.422      0.155      -0.005       0.032
genre_Family                 0.0697      0.015      4.792      0.000       0.041       0.098
genre_Fantasy                0.0035      0.013      0.277      0.782      -0.021       0.028
genre_History                0.0184      0.020      0.900      0.368      -0.022       0.058
genre_Horror                -0.0355      0.015     -2.432      0.015      -0.064      -0.007
genre_Music                  0.1130      0.019      5.914      0.000       0.076       0.151
genre_Musical                0.3222      0.043      7.462      0.000       0.238       0.407
genre_Mystery               -0.0581      0.013     -4.620      0.000      -0.083      -0.033
genre_News                1.152e-17   1.27e-17      0.908      0.364   -1.33e-17    3.64e-17
genre_Romance               -0.0162      0.010     -1.581      0.114      -0.036       0.004
genre_Sci_Fi                -0.0133      0.014     -0.979      0.328      -0.040       0.013
genre_Short               1.047e-17   8.56e-18      1.224      0.221    -6.3e-18    2.72e-17
genre_Sport                 -0.0383      0.021     -1.848      0.065      -0.079       0.002
genre_Thriller              -0.0748      0.011     -7.024      0.000      -0.096      -0.054
genre_War                    0.0084      0.029      0.287      0.774      -0.049       0.066
genre_Western               -0.0488      0.051     -0.949      0.343      -0.150       0.052
==============================================================================
Omnibus:                     1641.868   Durbin-Watson:                   2.004
Prob(Omnibus):                  0.000   Jarque-Bera (JB):            13197.571
Skew:                           1.745   Prob(JB):                         0.00
Kurtosis:                      11.172   Cond. No.                     1.02e+16
==============================================================================

Notes:
[1] Standard Errors assume that the covariance matrix of the errors is correctly specified.
[2] The smallest eigenvalue is 6.38e-27. This might indicate that there are
strong multicollinearity problems or that the design matrix is singular.