                            OLS Regression Results                            
==============================================================================
Dep. Variable:              sd_pooled   R-squared:                       0.558
Model:                            OLS   Adj. R-squared:                  0.551
Method:                 Least Squares   F-statistic:                     77.81
Date:                Tue, 31 Mar 2026   Prob (F-statistic):               0.00
Time:                        14:42:03   Log-Likelihood:                 514.56
No. Observations:                4012   AIC:                            -899.1
Df Residuals:                    3947   BIC:                            -489.8
Df Model:                          64                                         
Covariance Type:            nonrobust                                         
============================================================================================
                               coef    std err          t      P>|t|      [0.025      0.975]
--------------------------------------------------------------------------------------------
const                        3.3776      0.049     69.486      0.000       3.282       3.473
FLead                        0.0507      0.008      6.303      0.000       0.035       0.067
mean_pooled                 -0.2349      0.004    -53.100      0.000      -0.244      -0.226
kim_violence_gore            0.0101      0.003      3.961      0.000       0.005       0.015
kim_sex_nudity               0.0093      0.002      4.568      0.000       0.005       0.013
kim_language                -0.0090      0.002     -5.101      0.000      -0.013      -0.006
major                       -0.0383      0.008     -4.740      0.000      -0.054      -0.022
log_bom_opening_theaters     0.0055      0.002      3.116      0.002       0.002       0.009
genres_count                -0.0057      0.007     -0.844      0.399      -0.019       0.008
yr_1993                     -0.0072      0.035     -0.208      0.835      -0.075       0.061
yr_1994                     -0.0010      0.035     -0.027      0.978      -0.070       0.068
yr_1995                      0.0393      0.035      1.127      0.260      -0.029       0.108
yr_1996                      0.0002      0.034      0.006      0.995      -0.067       0.067
yr_1997                      0.0045      0.035      0.128      0.898      -0.064       0.073
yr_1998                      0.0514      0.034      1.531      0.126      -0.014       0.117
yr_1999                      0.0553      0.033      1.690      0.091      -0.009       0.119
yr_2000                     -0.0146      0.034     -0.433      0.665      -0.081       0.052
yr_2001                      0.0523      0.033      1.577      0.115      -0.013       0.117
yr_2002                      0.0109      0.033      0.335      0.737      -0.053       0.075
yr_2003                     -0.0019      0.033     -0.058      0.953      -0.066       0.062
yr_2004                      0.0619      0.033      1.899      0.058      -0.002       0.126
yr_2005                      0.0478      0.032      1.480      0.139      -0.016       0.111
yr_2006                      0.0969      0.032      3.017      0.003       0.034       0.160
yr_2007                      0.1102      0.032      3.446      0.001       0.048       0.173
yr_2008                      0.0508      0.032      1.576      0.115      -0.012       0.114
yr_2009                      0.0298      0.033      0.912      0.362      -0.034       0.094
yr_2010                      0.0242      0.033      0.744      0.457      -0.040       0.088
yr_2011                      0.0276      0.032      0.865      0.387      -0.035       0.090
yr_2012                      0.0107      0.032      0.335      0.737      -0.052       0.073
yr_2013                      0.0011      0.032      0.034      0.973      -0.062       0.064
yr_2014                      0.0332      0.032      1.026      0.305      -0.030       0.097
yr_2015                     -0.0395      0.032     -1.229      0.219      -0.102       0.023
yr_2016                     -0.0430      0.032     -1.329      0.184      -0.106       0.020
yr_2017                      0.0140      0.033      0.430      0.668      -0.050       0.078
yr_2018                      0.0060      0.033      0.184      0.854      -0.058       0.070
mo_2                         0.0107      0.020      0.550      0.582      -0.028       0.049
mo_3                        -0.0038      0.019     -0.202      0.840      -0.040       0.033
mo_4                         0.0011      0.019      0.059      0.953      -0.036       0.038
mo_5                        -0.0099      0.020     -0.498      0.619      -0.049       0.029
mo_6                        -0.0261      0.020     -1.337      0.181      -0.064       0.012
mo_7                        -0.0240      0.019     -1.265      0.206      -0.061       0.013
mo_8                        -0.0257      0.018     -1.401      0.161      -0.062       0.010
mo_9                        -0.0294      0.019     -1.578      0.115      -0.066       0.007
mo_10                       -0.0082      0.018     -0.448      0.654      -0.044       0.028
mo_11                       -0.0230      0.019     -1.220      0.222      -0.060       0.014
mo_12                       -0.0262      0.018     -1.440      0.150      -0.062       0.009
genre_Action                -0.0569      0.011     -5.342      0.000      -0.078      -0.036
genre_Adventure             -0.0028      0.011     -0.251      0.802      -0.025       0.019
genre_Animation             -0.0213      0.018     -1.179      0.239      -0.057       0.014
genre_Biography             -0.0933      0.014     -6.529      0.000      -0.121      -0.065
genre_Comedy                -0.0106      0.009     -1.115      0.265      -0.029       0.008
genre_Crime                 -0.0972      0.010     -9.525      0.000      -0.117      -0.077
genre_Drama                  0.0089      0.010      0.935      0.350      -0.010       0.028
genre_Family                 0.0757      0.015      5.176      0.000       0.047       0.104
genre_Fantasy                0.0080      0.013      0.631      0.528      -0.017       0.033
genre_History                0.0276      0.020      1.351      0.177      -0.012       0.068
genre_Horror                -0.0372      0.015     -2.536      0.011      -0.066      -0.008
genre_Music                  0.1098      0.019      5.711      0.000       0.072       0.148
genre_Musical                0.3242      0.043      7.472      0.000       0.239       0.409
genre_Mystery               -0.0598      0.013     -4.732      0.000      -0.085      -0.035
genre_News               -7.646e-18   4.58e-18     -1.669      0.095   -1.66e-17    1.33e-18
genre_Romance               -0.0182      0.010     -1.753      0.080      -0.038       0.002
genre_Sci_Fi                -0.0143      0.014     -1.050      0.294      -0.041       0.012
genre_Short              -1.155e-18   3.06e-18     -0.377      0.706   -7.15e-18    4.84e-18
genre_Sport                 -0.0412      0.021     -1.979      0.048      -0.082      -0.000
genre_Thriller              -0.0788      0.011     -7.380      0.000      -0.100      -0.058
genre_War                    0.0116      0.029      0.397      0.691      -0.046       0.069
genre_Western               -0.0401      0.052     -0.776      0.438      -0.141       0.061
==============================================================================
Omnibus:                     1682.708   Durbin-Watson:                   2.003
Prob(Omnibus):                  0.000   Jarque-Bera (JB):            14077.743
Skew:                           1.784   Prob(JB):                         0.00
Kurtosis:                      11.455   Cond. No.                     1.02e+16
==============================================================================

Notes:
[1] Standard Errors assume that the covariance matrix of the errors is correctly specified.
[2] The smallest eigenvalue is 6.39e-27. This might indicate that there are
strong multicollinearity problems or that the design matrix is singular.