                            OLS Regression Results                            
==============================================================================
Dep. Variable:              sd_pooled   R-squared:                       0.560
Model:                            OLS   Adj. R-squared:                  0.553
Method:                 Least Squares   F-statistic:                     78.60
Date:                Sun, 29 Mar 2026   Prob (F-statistic):               0.00
Time:                        15:37:23   Log-Likelihood:                 525.92
No. Observations:                4012   AIC:                            -921.8
Df Residuals:                    3947   BIC:                            -512.5
Df Model:                          64                                         
Covariance Type:            nonrobust                                         
============================================================================================
                               coef    std err          t      P>|t|      [0.025      0.975]
--------------------------------------------------------------------------------------------
const                        3.3853      0.048     69.853      0.000       3.290       3.480
FLead                        0.0455      0.008      5.658      0.000       0.030       0.061
mean_pooled                 -0.2324      0.004    -52.766      0.000      -0.241      -0.224
kim_violence_gore            0.0059      0.002      2.788      0.005       0.002       0.010
kim_sex_nudity               0.0127      0.002      6.335      0.000       0.009       0.017
kim_language                -0.0140      0.002     -7.497      0.000      -0.018      -0.010
major                       -0.0400      0.008     -4.971      0.000      -0.056      -0.024
log_bom_opening_theaters     0.0057      0.002      3.240      0.001       0.002       0.009
genres_count                -0.0067      0.007     -0.998      0.318      -0.020       0.007
yr_1993                     -0.0011      0.034     -0.031      0.975      -0.069       0.067
yr_1994                      0.0015      0.035      0.044      0.965      -0.068       0.071
yr_1995                      0.0487      0.035      1.403      0.161      -0.019       0.117
yr_1996                      0.0125      0.034      0.368      0.713      -0.054       0.079
yr_1997                      0.0182      0.035      0.524      0.601      -0.050       0.086
yr_1998                      0.0610      0.034      1.821      0.069      -0.005       0.127
yr_1999                      0.0646      0.033      1.980      0.048       0.001       0.129
yr_2000                     -0.0052      0.034     -0.155      0.877      -0.071       0.061
yr_2001                      0.0631      0.033      1.912      0.056      -0.002       0.128
yr_2002                      0.0214      0.032      0.658      0.510      -0.042       0.085
yr_2003                      0.0051      0.033      0.156      0.876      -0.059       0.069
yr_2004                      0.0673      0.032      2.072      0.038       0.004       0.131
yr_2005                      0.0541      0.032      1.681      0.093      -0.009       0.117
yr_2006                      0.1047      0.032      3.277      0.001       0.042       0.167
yr_2007                      0.1188      0.032      3.733      0.000       0.056       0.181
yr_2008                      0.0592      0.032      1.847      0.065      -0.004       0.122
yr_2009                      0.0382      0.032      1.175      0.240      -0.026       0.102
yr_2010                      0.0341      0.032      1.053      0.292      -0.029       0.098
yr_2011                      0.0363      0.032      1.141      0.254      -0.026       0.099
yr_2012                      0.0210      0.032      0.663      0.507      -0.041       0.083
yr_2013                      0.0136      0.032      0.428      0.669      -0.049       0.076
yr_2014                      0.0434      0.032      1.345      0.179      -0.020       0.107
yr_2015                     -0.0280      0.032     -0.875      0.382      -0.091       0.035
yr_2016                     -0.0310      0.032     -0.962      0.336      -0.094       0.032
yr_2017                      0.0249      0.033      0.766      0.444      -0.039       0.089
yr_2018                      0.0197      0.033      0.601      0.548      -0.044       0.084
mo_2                         0.0073      0.019      0.376      0.707      -0.031       0.046
mo_3                        -0.0045      0.019     -0.242      0.809      -0.041       0.032
mo_4                         0.0022      0.019      0.116      0.908      -0.035       0.039
mo_5                        -0.0125      0.020     -0.631      0.528      -0.051       0.026
mo_6                        -0.0255      0.019     -1.311      0.190      -0.064       0.013
mo_7                        -0.0242      0.019     -1.280      0.201      -0.061       0.013
mo_8                        -0.0260      0.018     -1.426      0.154      -0.062       0.010
mo_9                        -0.0286      0.019     -1.537      0.124      -0.065       0.008
mo_10                       -0.0060      0.018     -0.329      0.743      -0.042       0.030
mo_11                       -0.0244      0.019     -1.300      0.194      -0.061       0.012
mo_12                       -0.0263      0.018     -1.450      0.147      -0.062       0.009
genre_Action                -0.0488      0.010     -4.650      0.000      -0.069      -0.028
genre_Adventure             -0.0049      0.011     -0.435      0.663      -0.027       0.017
genre_Animation             -0.0332      0.018     -1.849      0.065      -0.068       0.002
genre_Biography             -0.0948      0.014     -6.659      0.000      -0.123      -0.067
genre_Comedy                -0.0134      0.009     -1.464      0.143      -0.031       0.005
genre_Crime                 -0.0857      0.010     -8.375      0.000      -0.106      -0.066
genre_Drama                  0.0098      0.009      1.036      0.300      -0.009       0.028
genre_Family                 0.0664      0.015      4.565      0.000       0.038       0.095
genre_Fantasy                0.0056      0.013      0.445      0.656      -0.019       0.030
genre_History                0.0210      0.020      1.026      0.305      -0.019       0.061
genre_Horror                -0.0192      0.014     -1.358      0.174      -0.047       0.009
genre_Music                  0.1031      0.019      5.418      0.000       0.066       0.140
genre_Musical                0.3144      0.043      7.270      0.000       0.230       0.399
genre_Mystery               -0.0588      0.013     -4.666      0.000      -0.084      -0.034
genre_News                2.672e-18   3.24e-18      0.825      0.409   -3.68e-18    9.02e-18
genre_Romance               -0.0273      0.010     -2.710      0.007      -0.047      -0.008
genre_Sci_Fi                -0.0115      0.014     -0.844      0.399      -0.038       0.015
genre_Short              -3.714e-18   3.12e-18     -1.189      0.234   -9.84e-18    2.41e-18
genre_Sport                 -0.0412      0.021     -1.985      0.047      -0.082      -0.001
genre_Thriller              -0.0738      0.011     -6.910      0.000      -0.095      -0.053
genre_War                    0.0239      0.029      0.823      0.411      -0.033       0.081
genre_Western               -0.0385      0.052     -0.747      0.455      -0.139       0.063
==============================================================================
Omnibus:                     1669.441   Durbin-Watson:                   2.007
Prob(Omnibus):                  0.000   Jarque-Bera (JB):            13937.445
Skew:                           1.767   Prob(JB):                         0.00
Kurtosis:                      11.419   Cond. No.                     1.02e+16
==============================================================================

Notes:
[1] Standard Errors assume that the covariance matrix of the errors is correctly specified.
[2] The smallest eigenvalue is 6.38e-27. This might indicate that there are
strong multicollinearity problems or that the design matrix is singular.