                            OLS Regression Results                            
==============================================================================
Dep. Variable:              sd_pooled   R-squared:                       0.562
Model:                            OLS   Adj. R-squared:                  0.555
Method:                 Least Squares   F-statistic:                     79.15
Date:                Tue, 31 Mar 2026   Prob (F-statistic):               0.00
Time:                        18:34:28   Log-Likelihood:                 533.64
No. Observations:                4012   AIC:                            -937.3
Df Residuals:                    3947   BIC:                            -528.0
Df Model:                          64                                         
Covariance Type:            nonrobust                                         
============================================================================================
                               coef    std err          t      P>|t|      [0.025      0.975]
--------------------------------------------------------------------------------------------
const                        3.3787      0.048     69.830      0.000       3.284       3.474
FLead                        0.0467      0.008      5.818      0.000       0.031       0.063
mean_pooled                 -0.2335      0.004    -52.971      0.000      -0.242      -0.225
kim_violence_gore            0.0121      0.003      4.762      0.000       0.007       0.017
kim_sex_nudity               0.0115      0.002      5.684      0.000       0.008       0.016
kim_language                -0.0149      0.002     -7.983      0.000      -0.019      -0.011
major                       -0.0397      0.008     -4.938      0.000      -0.055      -0.024
log_bom_opening_theaters     0.0056      0.002      3.187      0.001       0.002       0.009
genres_count                -0.0095      0.007     -1.404      0.160      -0.023       0.004
yr_1993                     -0.0059      0.034     -0.173      0.863      -0.073       0.062
yr_1994                     -0.0030      0.035     -0.085      0.932      -0.072       0.066
yr_1995                      0.0437      0.035      1.259      0.208      -0.024       0.112
yr_1996                      0.0088      0.034      0.259      0.796      -0.058       0.076
yr_1997                      0.0131      0.035      0.377      0.706      -0.055       0.081
yr_1998                      0.0589      0.033      1.761      0.078      -0.007       0.124
yr_1999                      0.0603      0.033      1.852      0.064      -0.004       0.124
yr_2000                     -0.0089      0.034     -0.264      0.792      -0.075       0.057
yr_2001                      0.0560      0.033      1.698      0.090      -0.009       0.121
yr_2002                      0.0161      0.032      0.495      0.621      -0.048       0.080
yr_2003                  -6.185e-05      0.033     -0.002      0.998      -0.064       0.064
yr_2004                      0.0613      0.032      1.889      0.059      -0.002       0.125
yr_2005                      0.0478      0.032      1.487      0.137      -0.015       0.111
yr_2006                      0.0966      0.032      3.022      0.003       0.034       0.159
yr_2007                      0.1103      0.032      3.465      0.001       0.048       0.173
yr_2008                      0.0519      0.032      1.619      0.106      -0.011       0.115
yr_2009                      0.0317      0.032      0.976      0.329      -0.032       0.095
yr_2010                      0.0263      0.032      0.813      0.416      -0.037       0.090
yr_2011                      0.0297      0.032      0.932      0.351      -0.033       0.092
yr_2012                      0.0148      0.032      0.467      0.641      -0.047       0.077
yr_2013                      0.0070      0.032      0.220      0.826      -0.055       0.069
yr_2014                      0.0396      0.032      1.229      0.219      -0.024       0.103
yr_2015                     -0.0315      0.032     -0.983      0.325      -0.094       0.031
yr_2016                     -0.0356      0.032     -1.106      0.269      -0.099       0.028
yr_2017                      0.0209      0.033      0.641      0.522      -0.043       0.085
yr_2018                      0.0148      0.033      0.453      0.651      -0.049       0.079
mo_2                         0.0077      0.019      0.395      0.693      -0.030       0.046
mo_3                        -0.0042      0.019     -0.226      0.821      -0.040       0.032
mo_4                         0.0008      0.019      0.040      0.968      -0.036       0.037
mo_5                        -0.0125      0.020     -0.634      0.526      -0.051       0.026
mo_6                        -0.0253      0.019     -1.302      0.193      -0.063       0.013
mo_7                        -0.0232      0.019     -1.227      0.220      -0.060       0.014
mo_8                        -0.0251      0.018     -1.378      0.168      -0.061       0.011
mo_9                        -0.0276      0.019     -1.487      0.137      -0.064       0.009
mo_10                       -0.0069      0.018     -0.380      0.704      -0.043       0.029
mo_11                       -0.0242      0.019     -1.293      0.196      -0.061       0.013
mo_12                       -0.0263      0.018     -1.451      0.147      -0.062       0.009
genre_Action                -0.0554      0.011     -5.220      0.000      -0.076      -0.035
genre_Adventure             -0.0059      0.011     -0.525      0.600      -0.028       0.016
genre_Animation             -0.0282      0.018     -1.570      0.116      -0.063       0.007
genre_Biography             -0.0922      0.014     -6.486      0.000      -0.120      -0.064
genre_Comedy                -0.0033      0.010     -0.345      0.730      -0.022       0.015
genre_Crime                 -0.0890      0.010     -8.689      0.000      -0.109      -0.069
genre_Drama                  0.0137      0.010      1.438      0.151      -0.005       0.032
genre_Family                 0.0711      0.015      4.881      0.000       0.043       0.100
genre_Fantasy                0.0041      0.013      0.328      0.743      -0.021       0.029
genre_History                0.0184      0.020      0.900      0.368      -0.022       0.058
genre_Horror                -0.0340      0.015     -2.328      0.020      -0.063      -0.005
genre_Music                  0.1115      0.019      5.832      0.000       0.074       0.149
genre_Musical                0.3185      0.043      7.376      0.000       0.234       0.403
genre_Mystery               -0.0588      0.013     -4.676      0.000      -0.083      -0.034
genre_News               -1.211e-17   7.57e-18     -1.601      0.110   -2.69e-17    2.72e-18
genre_Romance               -0.0186      0.010     -1.803      0.071      -0.039       0.002
genre_Sci_Fi                -0.0131      0.014     -0.964      0.335      -0.040       0.014
genre_Short              -5.956e-18    2.6e-18     -2.289      0.022   -1.11e-17   -8.54e-19
genre_Sport                 -0.0376      0.021     -1.817      0.069      -0.078       0.003
genre_Thriller              -0.0742      0.011     -6.967      0.000      -0.095      -0.053
genre_War                    0.0104      0.029      0.357      0.721      -0.047       0.068
genre_Western               -0.0469      0.051     -0.911      0.362      -0.148       0.054
==============================================================================
Omnibus:                     1647.000   Durbin-Watson:                   2.006
Prob(Omnibus):                  0.000   Jarque-Bera (JB):            13326.370
Skew:                           1.749   Prob(JB):                         0.00
Kurtosis:                      11.215   Cond. No.                     1.02e+16
==============================================================================

Notes:
[1] Standard Errors assume that the covariance matrix of the errors is correctly specified.
[2] The smallest eigenvalue is 6.39e-27. This might indicate that there are
strong multicollinearity problems or that the design matrix is singular.