                            OLS Regression Results                            
==============================================================================
Dep. Variable:              sd_pooled   R-squared:                       0.562
Model:                            OLS   Adj. R-squared:                  0.555
Method:                 Least Squares   F-statistic:                     79.13
Date:                Tue, 31 Mar 2026   Prob (F-statistic):               0.00
Time:                        11:10:34   Log-Likelihood:                 533.38
No. Observations:                4012   AIC:                            -936.8
Df Residuals:                    3947   BIC:                            -527.5
Df Model:                          64                                         
Covariance Type:            nonrobust                                         
============================================================================================
                               coef    std err          t      P>|t|      [0.025      0.975]
--------------------------------------------------------------------------------------------
const                        3.3794      0.048     69.845      0.000       3.285       3.474
FLead                        0.0467      0.008      5.812      0.000       0.031       0.062
mean_pooled                 -0.2335      0.004    -52.994      0.000      -0.242      -0.225
kim_violence_gore            0.0122      0.003      4.812      0.000       0.007       0.017
kim_sex_nudity               0.0115      0.002      5.652      0.000       0.007       0.015
kim_language                -0.0150      0.002     -7.980      0.000      -0.019      -0.011
major                       -0.0396      0.008     -4.929      0.000      -0.055      -0.024
log_bom_opening_theaters     0.0056      0.002      3.151      0.002       0.002       0.009
genres_count                -0.0097      0.007     -1.426      0.154      -0.023       0.004
yr_1993                     -0.0062      0.034     -0.179      0.858      -0.074       0.061
yr_1994                     -0.0030      0.035     -0.086      0.931      -0.072       0.066
yr_1995                      0.0434      0.035      1.253      0.210      -0.025       0.111
yr_1996                      0.0089      0.034      0.262      0.793      -0.058       0.076
yr_1997                      0.0129      0.035      0.371      0.711      -0.055       0.081
yr_1998                      0.0588      0.033      1.757      0.079      -0.007       0.124
yr_1999                      0.0601      0.033      1.843      0.065      -0.004       0.124
yr_2000                     -0.0089      0.034     -0.264      0.792      -0.075       0.057
yr_2001                      0.0562      0.033      1.704      0.088      -0.008       0.121
yr_2002                      0.0166      0.032      0.511      0.609      -0.047       0.080
yr_2003                     -0.0003      0.033     -0.009      0.993      -0.064       0.064
yr_2004                      0.0609      0.032      1.877      0.061      -0.003       0.125
yr_2005                      0.0480      0.032      1.492      0.136      -0.015       0.111
yr_2006                      0.0965      0.032      3.019      0.003       0.034       0.159
yr_2007                      0.1104      0.032      3.467      0.001       0.048       0.173
yr_2008                      0.0520      0.032      1.622      0.105      -0.011       0.115
yr_2009                      0.0319      0.032      0.983      0.326      -0.032       0.096
yr_2010                      0.0263      0.032      0.814      0.416      -0.037       0.090
yr_2011                      0.0296      0.032      0.930      0.352      -0.033       0.092
yr_2012                      0.0147      0.032      0.465      0.642      -0.047       0.077
yr_2013                      0.0071      0.032      0.224      0.823      -0.055       0.070
yr_2014                      0.0395      0.032      1.227      0.220      -0.024       0.103
yr_2015                     -0.0314      0.032     -0.982      0.326      -0.094       0.031
yr_2016                     -0.0355      0.032     -1.100      0.271      -0.099       0.028
yr_2017                      0.0209      0.033      0.642      0.521      -0.043       0.085
yr_2018                      0.0140      0.033      0.429      0.668      -0.050       0.078
mo_2                         0.0075      0.019      0.384      0.701      -0.031       0.046
mo_3                        -0.0043      0.019     -0.234      0.815      -0.041       0.032
mo_4                         0.0004      0.019      0.020      0.984      -0.036       0.037
mo_5                        -0.0125      0.020     -0.634      0.526      -0.051       0.026
mo_6                        -0.0255      0.019     -1.309      0.191      -0.064       0.013
mo_7                        -0.0233      0.019     -1.234      0.217      -0.060       0.014
mo_8                        -0.0251      0.018     -1.378      0.168      -0.061       0.011
mo_9                        -0.0279      0.019     -1.501      0.133      -0.064       0.009
mo_10                       -0.0071      0.018     -0.389      0.697      -0.043       0.029
mo_11                       -0.0242      0.019     -1.292      0.196      -0.061       0.013
mo_12                       -0.0263      0.018     -1.451      0.147      -0.062       0.009
genre_Action                -0.0556      0.011     -5.240      0.000      -0.076      -0.035
genre_Adventure             -0.0060      0.011     -0.531      0.596      -0.028       0.016
genre_Animation             -0.0280      0.018     -1.558      0.119      -0.063       0.007
genre_Biography             -0.0920      0.014     -6.465      0.000      -0.120      -0.064
genre_Comedy                -0.0029      0.010     -0.309      0.757      -0.022       0.016
genre_Crime                 -0.0889      0.010     -8.681      0.000      -0.109      -0.069
genre_Drama                  0.0137      0.010      1.441      0.150      -0.005       0.032
genre_Family                 0.0711      0.015      4.879      0.000       0.043       0.100
genre_Fantasy                0.0042      0.013      0.330      0.741      -0.021       0.029
genre_History                0.0180      0.020      0.880      0.379      -0.022       0.058
genre_Horror                -0.0341      0.015     -2.336      0.020      -0.063      -0.005
genre_Music                  0.1121      0.019      5.863      0.000       0.075       0.150
genre_Musical                0.3185      0.043      7.376      0.000       0.234       0.403
genre_Mystery               -0.0587      0.013     -4.668      0.000      -0.083      -0.034
genre_News                5.846e-18   5.98e-18      0.978      0.328   -5.88e-18    1.76e-17
genre_Romance               -0.0183      0.010     -1.779      0.075      -0.039       0.002
genre_Sci_Fi                -0.0129      0.014     -0.950      0.342      -0.039       0.014
genre_Short              -3.207e-18   2.57e-18     -1.250      0.211   -8.24e-18    1.82e-18
genre_Sport                 -0.0376      0.021     -1.814      0.070      -0.078       0.003
genre_Thriller              -0.0738      0.011     -6.934      0.000      -0.095      -0.053
genre_War                    0.0095      0.029      0.324      0.746      -0.048       0.067
genre_Western               -0.0478      0.051     -0.929      0.353      -0.149       0.053
==============================================================================
Omnibus:                     1645.864   Durbin-Watson:                   2.006
Prob(Omnibus):                  0.000   Jarque-Bera (JB):            13329.027
Skew:                           1.747   Prob(JB):                         0.00
Kurtosis:                      11.217   Cond. No.                     1.02e+16
==============================================================================

Notes:
[1] Standard Errors assume that the covariance matrix of the errors is correctly specified.
[2] The smallest eigenvalue is 6.39e-27. This might indicate that there are
strong multicollinearity problems or that the design matrix is singular.