                            OLS Regression Results                            
==============================================================================
Dep. Variable:              sd_pooled   R-squared:                       0.560
Model:                            OLS   Adj. R-squared:                  0.553
Method:                 Least Squares   F-statistic:                     78.55
Date:                Sun, 29 Mar 2026   Prob (F-statistic):               0.00
Time:                        15:53:57   Log-Likelihood:                 525.13
No. Observations:                4012   AIC:                            -920.3
Df Residuals:                    3947   BIC:                            -511.0
Df Model:                          64                                         
Covariance Type:            nonrobust                                         
============================================================================================
                               coef    std err          t      P>|t|      [0.025      0.975]
--------------------------------------------------------------------------------------------
const                        3.3835      0.049     69.702      0.000       3.288       3.479
FLead                        0.0452      0.008      5.620      0.000       0.029       0.061
mean_pooled                 -0.2324      0.004    -52.744      0.000      -0.241      -0.224
kim_violence_gore            0.0062      0.002      2.496      0.013       0.001       0.011
kim_sex_nudity               0.0127      0.002      6.288      0.000       0.009       0.017
kim_language                -0.0139      0.002     -7.440      0.000      -0.018      -0.010
major                       -0.0409      0.008     -5.086      0.000      -0.057      -0.025
log_bom_opening_theaters     0.0060      0.002      3.411      0.001       0.003       0.009
genres_count                -0.0067      0.007     -0.991      0.322      -0.020       0.007
yr_1993                     -0.0019      0.035     -0.054      0.957      -0.070       0.066
yr_1994                      0.0006      0.035      0.016      0.987      -0.069       0.070
yr_1995                      0.0479      0.035      1.377      0.168      -0.020       0.116
yr_1996                      0.0131      0.034      0.385      0.700      -0.054       0.080
yr_1997                      0.0172      0.035      0.494      0.621      -0.051       0.085
yr_1998                      0.0612      0.034      1.826      0.068      -0.005       0.127
yr_1999                      0.0653      0.033      2.002      0.045       0.001       0.129
yr_2000                     -0.0055      0.034     -0.162      0.871      -0.071       0.060
yr_2001                      0.0623      0.033      1.886      0.059      -0.002       0.127
yr_2002                      0.0202      0.033      0.622      0.534      -0.044       0.084
yr_2003                      0.0045      0.033      0.138      0.890      -0.060       0.069
yr_2004                      0.0661      0.033      2.035      0.042       0.002       0.130
yr_2005                      0.0535      0.032      1.661      0.097      -0.010       0.117
yr_2006                      0.1043      0.032      3.261      0.001       0.042       0.167
yr_2007                      0.1176      0.032      3.689      0.000       0.055       0.180
yr_2008                      0.0582      0.032      1.814      0.070      -0.005       0.121
yr_2009                      0.0385      0.033      1.184      0.237      -0.025       0.102
yr_2010                      0.0331      0.032      1.020      0.308      -0.030       0.097
yr_2011                      0.0355      0.032      1.113      0.266      -0.027       0.098
yr_2012                      0.0205      0.032      0.646      0.518      -0.042       0.083
yr_2013                      0.0126      0.032      0.396      0.692      -0.050       0.075
yr_2014                      0.0433      0.032      1.342      0.180      -0.020       0.107
yr_2015                     -0.0294      0.032     -0.916      0.359      -0.092       0.033
yr_2016                     -0.0320      0.032     -0.992      0.321      -0.095       0.031
yr_2017                      0.0237      0.033      0.726      0.468      -0.040       0.088
yr_2018                      0.0193      0.033      0.591      0.555      -0.045       0.083
mo_2                         0.0072      0.019      0.368      0.713      -0.031       0.045
mo_3                        -0.0044      0.019     -0.239      0.811      -0.041       0.032
mo_4                         0.0014      0.019      0.072      0.942      -0.035       0.038
mo_5                        -0.0127      0.020     -0.645      0.519      -0.051       0.026
mo_6                        -0.0263      0.019     -1.350      0.177      -0.065       0.012
mo_7                        -0.0240      0.019     -1.267      0.205      -0.061       0.013
mo_8                        -0.0258      0.018     -1.413      0.158      -0.062       0.010
mo_9                        -0.0289      0.019     -1.557      0.120      -0.065       0.008
mo_10                       -0.0062      0.018     -0.338      0.736      -0.042       0.030
mo_11                       -0.0245      0.019     -1.301      0.193      -0.061       0.012
mo_12                       -0.0255      0.018     -1.401      0.161      -0.061       0.010
genre_Action                -0.0502      0.011     -4.720      0.000      -0.071      -0.029
genre_Adventure             -0.0057      0.011     -0.510      0.610      -0.028       0.016
genre_Animation             -0.0326      0.018     -1.812      0.070      -0.068       0.003
genre_Biography             -0.0950      0.014     -6.667      0.000      -0.123      -0.067
genre_Comedy                -0.0123      0.009     -1.315      0.189      -0.031       0.006
genre_Crime                 -0.0863      0.010     -8.398      0.000      -0.106      -0.066
genre_Drama                  0.0100      0.009      1.054      0.292      -0.009       0.029
genre_Family                 0.0672      0.015      4.606      0.000       0.039       0.096
genre_Fantasy                0.0047      0.013      0.371      0.711      -0.020       0.030
genre_History                0.0214      0.020      1.046      0.296      -0.019       0.061
genre_Horror                -0.0199      0.014     -1.389      0.165      -0.048       0.008
genre_Music                  0.1038      0.019      5.434      0.000       0.066       0.141
genre_Musical                0.3158      0.043      7.295      0.000       0.231       0.401
genre_Mystery               -0.0599      0.013     -4.754      0.000      -0.085      -0.035
genre_News               -5.826e-18   8.02e-18     -0.726      0.468   -2.16e-17     9.9e-18
genre_Romance               -0.0263      0.010     -2.573      0.010      -0.046      -0.006
genre_Sci_Fi                -0.0126      0.014     -0.924      0.355      -0.039       0.014
genre_Short               3.397e-18   2.99e-18      1.135      0.257   -2.47e-18    9.27e-18
genre_Sport                 -0.0414      0.021     -1.996      0.046      -0.082      -0.001
genre_Thriller              -0.0737      0.011     -6.901      0.000      -0.095      -0.053
genre_War                    0.0221      0.029      0.759      0.448      -0.035       0.079
genre_Western               -0.0358      0.051     -0.696      0.486      -0.137       0.065
==============================================================================
Omnibus:                     1662.058   Durbin-Watson:                   2.006
Prob(Omnibus):                  0.000   Jarque-Bera (JB):            13752.482
Skew:                           1.761   Prob(JB):                         0.00
Kurtosis:                      11.359   Cond. No.                     1.02e+16
==============================================================================

Notes:
[1] Standard Errors assume that the covariance matrix of the errors is correctly specified.
[2] The smallest eigenvalue is 6.34e-27. This might indicate that there are
strong multicollinearity problems or that the design matrix is singular.