                            OLS Regression Results                            
==============================================================================
Dep. Variable:              sd_pooled   R-squared:                       0.559
Model:                            OLS   Adj. R-squared:                  0.552
Method:                 Least Squares   F-statistic:                     78.07
Date:                Wed, 01 Apr 2026   Prob (F-statistic):               0.00
Time:                        00:26:21   Log-Likelihood:                 518.26
No. Observations:                4012   AIC:                            -906.5
Df Residuals:                    3947   BIC:                            -497.2
Df Model:                          64                                         
Covariance Type:            nonrobust                                         
============================================================================================
                               coef    std err          t      P>|t|      [0.025      0.975]
--------------------------------------------------------------------------------------------
const                        3.4111      0.049     69.644      0.000       3.315       3.507
FLead                        0.0531      0.008      6.627      0.000       0.037       0.069
mean_pooled                 -0.2374      0.004    -53.987      0.000      -0.246      -0.229
kim_violence_gore            0.0086      0.002      3.440      0.001       0.004       0.013
kim_sex_nudity               0.0084      0.002      4.308      0.000       0.005       0.012
kim_language                -0.0147      0.003     -5.774      0.000      -0.020      -0.010
major                       -0.0372      0.008     -4.613      0.000      -0.053      -0.021
log_bom_opening_theaters     0.0054      0.002      3.068      0.002       0.002       0.009
genres_count                -0.0067      0.007     -0.984      0.325      -0.020       0.007
yr_1993                     -0.0052      0.035     -0.151      0.880      -0.073       0.063
yr_1994                      0.0018      0.035      0.051      0.960      -0.067       0.071
yr_1995                      0.0371      0.035      1.065      0.287      -0.031       0.105
yr_1996                      0.0038      0.034      0.111      0.911      -0.063       0.071
yr_1997                      0.0037      0.035      0.106      0.916      -0.064       0.072
yr_1998                      0.0510      0.034      1.520      0.129      -0.015       0.117
yr_1999                      0.0537      0.033      1.643      0.100      -0.010       0.118
yr_2000                     -0.0138      0.034     -0.409      0.683      -0.080       0.052
yr_2001                      0.0598      0.033      1.802      0.072      -0.005       0.125
yr_2002                      0.0134      0.033      0.412      0.681      -0.050       0.077
yr_2003                      0.0022      0.033      0.067      0.946      -0.062       0.067
yr_2004                      0.0697      0.033      2.138      0.033       0.006       0.134
yr_2005                      0.0514      0.032      1.592      0.112      -0.012       0.115
yr_2006                      0.1039      0.032      3.236      0.001       0.041       0.167
yr_2007                      0.1174      0.032      3.668      0.000       0.055       0.180
yr_2008                      0.0555      0.032      1.723      0.085      -0.008       0.119
yr_2009                      0.0348      0.033      1.066      0.286      -0.029       0.099
yr_2010                      0.0303      0.033      0.933      0.351      -0.033       0.094
yr_2011                      0.0325      0.032      1.017      0.309      -0.030       0.095
yr_2012                      0.0116      0.032      0.366      0.714      -0.051       0.074
yr_2013                      0.0043      0.032      0.135      0.892      -0.058       0.067
yr_2014                      0.0331      0.032      1.026      0.305      -0.030       0.096
yr_2015                     -0.0377      0.032     -1.175      0.240      -0.101       0.025
yr_2016                     -0.0429      0.032     -1.328      0.184      -0.106       0.020
yr_2017                      0.0143      0.033      0.438      0.661      -0.050       0.078
yr_2018                      0.0051      0.033      0.156      0.876      -0.059       0.069
mo_2                         0.0125      0.020      0.642      0.521      -0.026       0.051
mo_3                        -0.0045      0.019     -0.241      0.810      -0.041       0.032
mo_4                         0.0054      0.019      0.289      0.772      -0.031       0.042
mo_5                        -0.0088      0.020     -0.442      0.658      -0.048       0.030
mo_6                        -0.0227      0.020     -1.162      0.245      -0.061       0.016
mo_7                        -0.0206      0.019     -1.083      0.279      -0.058       0.017
mo_8                        -0.0248      0.018     -1.357      0.175      -0.061       0.011
mo_9                        -0.0265      0.019     -1.424      0.154      -0.063       0.010
mo_10                       -0.0078      0.018     -0.426      0.670      -0.044       0.028
mo_11                       -0.0201      0.019     -1.067      0.286      -0.057       0.017
mo_12                       -0.0232      0.018     -1.273      0.203      -0.059       0.013
genre_Action                -0.0540      0.011     -5.067      0.000      -0.075      -0.033
genre_Adventure             -0.0017      0.011     -0.148      0.883      -0.024       0.020
genre_Animation             -0.0242      0.018     -1.340      0.180      -0.060       0.011
genre_Biography             -0.0956      0.014     -6.697      0.000      -0.124      -0.068
genre_Comedy                -0.0124      0.009     -1.314      0.189      -0.031       0.006
genre_Crime                 -0.1016      0.010    -10.055      0.000      -0.121      -0.082
genre_Drama                  0.0103      0.010      1.079      0.281      -0.008       0.029
genre_Family                 0.0694      0.015      4.705      0.000       0.040       0.098
genre_Fantasy                0.0102      0.013      0.810      0.418      -0.015       0.035
genre_History                0.0309      0.020      1.514      0.130      -0.009       0.071
genre_Horror                -0.0359      0.015     -2.447      0.014      -0.065      -0.007
genre_Music                  0.1029      0.019      5.375      0.000       0.065       0.140
genre_Musical                0.3306      0.043      7.634      0.000       0.246       0.415
genre_Mystery               -0.0571      0.013     -4.522      0.000      -0.082      -0.032
genre_News                7.053e-18   4.44e-18      1.589      0.112   -1.65e-18    1.58e-17
genre_Romance               -0.0167      0.010     -1.610      0.107      -0.037       0.004
genre_Sci_Fi                -0.0124      0.014     -0.910      0.363      -0.039       0.014
genre_Short               4.624e-19   4.98e-19      0.928      0.354   -5.15e-19    1.44e-18
genre_Sport                 -0.0390      0.021     -1.877      0.061      -0.080       0.002
genre_Thriller              -0.0798      0.011     -7.496      0.000      -0.101      -0.059
genre_War                    0.0076      0.029      0.258      0.796      -0.050       0.065
genre_Western               -0.0383      0.052     -0.741      0.459      -0.140       0.063
==============================================================================
Omnibus:                     1680.658   Durbin-Watson:                   2.009
Prob(Omnibus):                  0.000   Jarque-Bera (JB):            13997.314
Skew:                           1.783   Prob(JB):                         0.00
Kurtosis:                      11.427   Cond. No.                     1.02e+16
==============================================================================

Notes:
[1] Standard Errors assume that the covariance matrix of the errors is correctly specified.
[2] The smallest eigenvalue is 5.93e-27. This might indicate that there are
strong multicollinearity problems or that the design matrix is singular.