                            OLS Regression Results                            
==============================================================================
Dep. Variable:              sd_pooled   R-squared:                       0.561
Model:                            OLS   Adj. R-squared:                  0.554
Method:                 Least Squares   F-statistic:                     78.71
Date:                Sun, 29 Mar 2026   Prob (F-statistic):               0.00
Time:                        15:37:26   Log-Likelihood:                 527.47
No. Observations:                4012   AIC:                            -924.9
Df Residuals:                    3947   BIC:                            -515.6
Df Model:                          64                                         
Covariance Type:            nonrobust                                         
============================================================================================
                               coef    std err          t      P>|t|      [0.025      0.975]
--------------------------------------------------------------------------------------------
const                        3.3767      0.049     69.455      0.000       3.281       3.472
FLead                        0.0452      0.008      5.624      0.000       0.029       0.061
mean_pooled                 -0.2328      0.004    -52.820      0.000      -0.241      -0.224
kim_violence_gore            0.0080      0.002      3.291      0.001       0.003       0.013
kim_sex_nudity               0.0124      0.002      6.149      0.000       0.008       0.016
kim_language                -0.0139      0.002     -7.507      0.000      -0.018      -0.010
major                       -0.0401      0.008     -4.982      0.000      -0.056      -0.024
log_bom_opening_theaters     0.0058      0.002      3.305      0.001       0.002       0.009
genres_count                -0.0074      0.007     -1.088      0.277      -0.021       0.006
yr_1993                      0.0009      0.034      0.025      0.980      -0.067       0.068
yr_1994                      0.0015      0.035      0.043      0.966      -0.068       0.071
yr_1995                      0.0496      0.035      1.429      0.153      -0.018       0.118
yr_1996                      0.0135      0.034      0.395      0.693      -0.053       0.080
yr_1997                      0.0198      0.035      0.569      0.569      -0.048       0.088
yr_1998                      0.0644      0.033      1.924      0.054      -0.001       0.130
yr_1999                      0.0675      0.033      2.071      0.038       0.004       0.131
yr_2000                     -0.0023      0.034     -0.069      0.945      -0.068       0.064
yr_2001                      0.0636      0.033      1.930      0.054      -0.001       0.128
yr_2002                      0.0217      0.032      0.668      0.504      -0.042       0.085
yr_2003                      0.0048      0.033      0.148      0.882      -0.059       0.069
yr_2004                      0.0685      0.032      2.112      0.035       0.005       0.132
yr_2005                      0.0553      0.032      1.720      0.085      -0.008       0.118
yr_2006                      0.1056      0.032      3.310      0.001       0.043       0.168
yr_2007                      0.1184      0.032      3.724      0.000       0.056       0.181
yr_2008                      0.0595      0.032      1.858      0.063      -0.003       0.122
yr_2009                      0.0392      0.032      1.208      0.227      -0.024       0.103
yr_2010                      0.0349      0.032      1.079      0.281      -0.028       0.098
yr_2011                      0.0375      0.032      1.179      0.239      -0.025       0.100
yr_2012                      0.0216      0.032      0.684      0.494      -0.040       0.084
yr_2013                      0.0143      0.032      0.448      0.654      -0.048       0.077
yr_2014                      0.0447      0.032      1.387      0.166      -0.018       0.108
yr_2015                     -0.0262      0.032     -0.819      0.413      -0.089       0.037
yr_2016                     -0.0299      0.032     -0.928      0.354      -0.093       0.033
yr_2017                      0.0263      0.033      0.808      0.419      -0.038       0.090
yr_2018                      0.0207      0.033      0.633      0.527      -0.043       0.085
mo_2                         0.0070      0.019      0.359      0.719      -0.031       0.045
mo_3                        -0.0051      0.019     -0.274      0.784      -0.041       0.031
mo_4                         0.0010      0.019      0.053      0.958      -0.036       0.038
mo_5                        -0.0131      0.020     -0.663      0.508      -0.052       0.026
mo_6                        -0.0262      0.019     -1.343      0.179      -0.064       0.012
mo_7                        -0.0243      0.019     -1.282      0.200      -0.061       0.013
mo_8                        -0.0255      0.018     -1.397      0.163      -0.061       0.010
mo_9                        -0.0282      0.019     -1.520      0.129      -0.065       0.008
mo_10                       -0.0064      0.018     -0.353      0.724      -0.042       0.029
mo_11                       -0.0247      0.019     -1.314      0.189      -0.062       0.012
mo_12                       -0.0254      0.018     -1.399      0.162      -0.061       0.010
genre_Action                -0.0496      0.010     -4.729      0.000      -0.070      -0.029
genre_Adventure             -0.0051      0.011     -0.451      0.652      -0.027       0.017
genre_Animation             -0.0328      0.018     -1.830      0.067      -0.068       0.002
genre_Biography             -0.0943      0.014     -6.626      0.000      -0.122      -0.066
genre_Comedy                -0.0106      0.009     -1.138      0.255      -0.029       0.008
genre_Crime                 -0.0861      0.010     -8.417      0.000      -0.106      -0.066
genre_Drama                  0.0110      0.009      1.155      0.248      -0.008       0.030
genre_Family                 0.0667      0.015      4.592      0.000       0.038       0.095
genre_Fantasy                0.0053      0.013      0.418      0.676      -0.020       0.030
genre_History                0.0206      0.020      1.009      0.313      -0.019       0.061
genre_Horror                -0.0221      0.014     -1.554      0.120      -0.050       0.006
genre_Music                  0.1050      0.019      5.510      0.000       0.068       0.142
genre_Musical                0.3138      0.043      7.260      0.000       0.229       0.399
genre_Mystery               -0.0587      0.013     -4.663      0.000      -0.083      -0.034
genre_News                2.913e-18   5.25e-18      0.555      0.579   -7.37e-18    1.32e-17
genre_Romance               -0.0251      0.010     -2.477      0.013      -0.045      -0.005
genre_Sci_Fi                -0.0125      0.014     -0.918      0.359      -0.039       0.014
genre_Short              -4.667e-19   1.45e-18     -0.322      0.748   -3.31e-18    2.38e-18
genre_Sport                 -0.0405      0.021     -1.952      0.051      -0.081       0.000
genre_Thriller              -0.0736      0.011     -6.901      0.000      -0.095      -0.053
genre_War                    0.0225      0.029      0.778      0.437      -0.034       0.079
genre_Western               -0.0414      0.052     -0.803      0.422      -0.142       0.060
==============================================================================
Omnibus:                     1654.128   Durbin-Watson:                   2.005
Prob(Omnibus):                  0.000   Jarque-Bera (JB):            13491.098
Skew:                           1.755   Prob(JB):                         0.00
Kurtosis:                      11.269   Cond. No.                     1.02e+16
==============================================================================

Notes:
[1] Standard Errors assume that the covariance matrix of the errors is correctly specified.
[2] The smallest eigenvalue is 6.38e-27. This might indicate that there are
strong multicollinearity problems or that the design matrix is singular.