                            OLS Regression Results                            
==============================================================================
Dep. Variable:              sd_pooled   R-squared:                       0.561
Model:                            OLS   Adj. R-squared:                  0.554
Method:                 Least Squares   F-statistic:                     78.82
Date:                Tue, 31 Mar 2026   Prob (F-statistic):               0.00
Time:                        12:38:01   Log-Likelihood:                 528.96
No. Observations:                4012   AIC:                            -927.9
Df Residuals:                    3947   BIC:                            -518.6
Df Model:                          64                                         
Covariance Type:            nonrobust                                         
============================================================================================
                               coef    std err          t      P>|t|      [0.025      0.975]
--------------------------------------------------------------------------------------------
const                        3.3812      0.048     69.803      0.000       3.286       3.476
FLead                        0.0469      0.008      5.824      0.000       0.031       0.063
mean_pooled                 -0.2339      0.004    -53.066      0.000      -0.243      -0.225
kim_violence_gore            0.0118      0.003      4.619      0.000       0.007       0.017
kim_sex_nudity               0.0111      0.002      5.453      0.000       0.007       0.015
kim_language                -0.0137      0.002     -7.391      0.000      -0.017      -0.010
major                       -0.0397      0.008     -4.938      0.000      -0.056      -0.024
log_bom_opening_theaters     0.0054      0.002      3.078      0.002       0.002       0.009
genres_count                -0.0091      0.007     -1.345      0.179      -0.022       0.004
yr_1993                     -0.0051      0.034     -0.147      0.883      -0.073       0.063
yr_1994                     -0.0017      0.035     -0.049      0.961      -0.071       0.067
yr_1995                      0.0436      0.035      1.255      0.210      -0.025       0.112
yr_1996                      0.0082      0.034      0.239      0.811      -0.059       0.075
yr_1997                      0.0133      0.035      0.382      0.702      -0.055       0.081
yr_1998                      0.0578      0.033      1.726      0.084      -0.008       0.123
yr_1999                      0.0585      0.033      1.794      0.073      -0.005       0.122
yr_2000                     -0.0094      0.034     -0.281      0.779      -0.075       0.056
yr_2001                      0.0555      0.033      1.680      0.093      -0.009       0.120
yr_2002                      0.0163      0.032      0.501      0.616      -0.047       0.080
yr_2003                   5.327e-05      0.033      0.002      0.999      -0.064       0.064
yr_2004                      0.0617      0.032      1.900      0.057      -0.002       0.125
yr_2005                      0.0493      0.032      1.530      0.126      -0.014       0.112
yr_2006                      0.0985      0.032      3.079      0.002       0.036       0.161
yr_2007                      0.1113      0.032      3.493      0.000       0.049       0.174
yr_2008                      0.0520      0.032      1.618      0.106      -0.011       0.115
yr_2009                      0.0325      0.033      0.998      0.318      -0.031       0.096
yr_2010                      0.0263      0.032      0.810      0.418      -0.037       0.090
yr_2011                      0.0294      0.032      0.924      0.355      -0.033       0.092
yr_2012                      0.0145      0.032      0.459      0.646      -0.048       0.077
yr_2013                      0.0064      0.032      0.201      0.841      -0.056       0.069
yr_2014                      0.0392      0.032      1.217      0.224      -0.024       0.102
yr_2015                     -0.0319      0.032     -0.996      0.319      -0.095       0.031
yr_2016                     -0.0360      0.032     -1.115      0.265      -0.099       0.027
yr_2017                      0.0198      0.033      0.607      0.544      -0.044       0.084
yr_2018                      0.0145      0.033      0.444      0.657      -0.050       0.079
mo_2                         0.0076      0.019      0.390      0.697      -0.031       0.046
mo_3                        -0.0054      0.019     -0.289      0.773      -0.042       0.031
mo_4                         0.0001      0.019      0.007      0.995      -0.037       0.037
mo_5                        -0.0131      0.020     -0.663      0.507      -0.052       0.026
mo_6                        -0.0257      0.019     -1.318      0.187      -0.064       0.013
mo_7                        -0.0240      0.019     -1.268      0.205      -0.061       0.013
mo_8                        -0.0250      0.018     -1.372      0.170      -0.061       0.011
mo_9                        -0.0281      0.019     -1.515      0.130      -0.065       0.008
mo_10                       -0.0077      0.018     -0.422      0.673      -0.043       0.028
mo_11                       -0.0242      0.019     -1.288      0.198      -0.061       0.013
mo_12                       -0.0266      0.018     -1.467      0.142      -0.062       0.009
genre_Action                -0.0557      0.011     -5.249      0.000      -0.077      -0.035
genre_Adventure             -0.0043      0.011     -0.379      0.704      -0.026       0.018
genre_Animation             -0.0269      0.018     -1.495      0.135      -0.062       0.008
genre_Biography             -0.0925      0.014     -6.494      0.000      -0.120      -0.065
genre_Comedy                -0.0052      0.010     -0.548      0.584      -0.024       0.013
genre_Crime                 -0.0906      0.010     -8.849      0.000      -0.111      -0.071
genre_Drama                  0.0128      0.010      1.346      0.178      -0.006       0.031
genre_Family                 0.0724      0.015      4.969      0.000       0.044       0.101
genre_Fantasy                0.0057      0.013      0.453      0.650      -0.019       0.031
genre_History                0.0211      0.020      1.036      0.300      -0.019       0.061
genre_Horror                -0.0343      0.015     -2.347      0.019      -0.063      -0.006
genre_Music                  0.1116      0.019      5.828      0.000       0.074       0.149
genre_Musical                0.3194      0.043      7.389      0.000       0.235       0.404
genre_Mystery               -0.0593      0.013     -4.706      0.000      -0.084      -0.035
genre_News               -3.954e-18   3.06e-18     -1.292      0.197   -9.96e-18    2.05e-18
genre_Romance               -0.0181      0.010     -1.752      0.080      -0.038       0.002
genre_Sci_Fi                -0.0132      0.014     -0.972      0.331      -0.040       0.013
genre_Short              -2.567e-18   5.73e-18     -0.448      0.654   -1.38e-17    8.67e-18
genre_Sport                 -0.0379      0.021     -1.826      0.068      -0.079       0.003
genre_Thriller              -0.0752      0.011     -7.058      0.000      -0.096      -0.054
genre_War                    0.0073      0.029      0.250      0.802      -0.050       0.065
genre_Western               -0.0464      0.052     -0.901      0.367      -0.147       0.055
==============================================================================
Omnibus:                     1648.666   Durbin-Watson:                   2.007
Prob(Omnibus):                  0.000   Jarque-Bera (JB):            13366.397
Skew:                           1.750   Prob(JB):                         0.00
Kurtosis:                      11.228   Cond. No.                     1.02e+16
==============================================================================

Notes:
[1] Standard Errors assume that the covariance matrix of the errors is correctly specified.
[2] The smallest eigenvalue is 6.39e-27. This might indicate that there are
strong multicollinearity problems or that the design matrix is singular.