                            OLS Regression Results                            
==============================================================================
Dep. Variable:              sd_pooled   R-squared:                       0.561
Model:                            OLS   Adj. R-squared:                  0.554
Method:                 Least Squares   F-statistic:                     78.88
Date:                Sun, 29 Mar 2026   Prob (F-statistic):               0.00
Time:                        15:19:57   Log-Likelihood:                 529.92
No. Observations:                4012   AIC:                            -929.8
Df Residuals:                    3947   BIC:                            -520.5
Df Model:                          64                                         
Covariance Type:            nonrobust                                         
============================================================================================
                               coef    std err          t      P>|t|      [0.025      0.975]
--------------------------------------------------------------------------------------------
const                        3.4009      0.049     69.822      0.000       3.305       3.496
FLead                        0.0467      0.008      5.807      0.000       0.031       0.063
mean_pooled                 -0.2346      0.004    -52.831      0.000      -0.243      -0.226
kim_violence_gore            0.0125      0.003      4.910      0.000       0.008       0.018
kim_sex_nudity               0.0112      0.002      5.535      0.000       0.007       0.015
kim_language                -0.0150      0.002     -7.978      0.000      -0.019      -0.011
major                       -0.0350      0.008     -4.364      0.000      -0.051      -0.019
log_bom_opening_theaters     0.0029      0.002      1.677      0.094      -0.000       0.006
genres_count                -0.0086      0.007     -1.268      0.205      -0.022       0.005
yr_1993                     -0.0067      0.034     -0.195      0.845      -0.074       0.061
yr_1994                     -0.0040      0.035     -0.114      0.909      -0.073       0.065
yr_1995                      0.0428      0.035      1.233      0.218      -0.025       0.111
yr_1996                      0.0074      0.034      0.217      0.829      -0.059       0.074
yr_1997                      0.0120      0.035      0.346      0.730      -0.056       0.080
yr_1998                      0.0584      0.033      1.746      0.081      -0.007       0.124
yr_1999                      0.0582      0.033      1.786      0.074      -0.006       0.122
yr_2000                     -0.0087      0.034     -0.260      0.795      -0.075       0.057
yr_2001                      0.0552      0.033      1.672      0.095      -0.010       0.120
yr_2002                      0.0151      0.032      0.465      0.642      -0.049       0.079
yr_2003                     -0.0017      0.033     -0.051      0.960      -0.066       0.062
yr_2004                      0.0613      0.032      1.889      0.059      -0.002       0.125
yr_2005                      0.0466      0.032      1.448      0.148      -0.016       0.110
yr_2006                      0.0963      0.032      3.009      0.003       0.034       0.159
yr_2007                      0.1111      0.032      3.485      0.000       0.049       0.174
yr_2008                      0.0520      0.032      1.621      0.105      -0.011       0.115
yr_2009                      0.0321      0.033      0.987      0.324      -0.032       0.096
yr_2010                      0.0260      0.032      0.802      0.422      -0.038       0.090
yr_2011                      0.0283      0.032      0.889      0.374      -0.034       0.091
yr_2012                      0.0117      0.032      0.370      0.711      -0.050       0.074
yr_2013                      0.0053      0.032      0.167      0.868      -0.057       0.068
yr_2014                      0.0389      0.032      1.206      0.228      -0.024       0.102
yr_2015                     -0.0326      0.032     -1.019      0.308      -0.095       0.030
yr_2016                     -0.0359      0.032     -1.112      0.266      -0.099       0.027
yr_2017                      0.0214      0.033      0.657      0.511      -0.042       0.085
yr_2018                      0.0149      0.033      0.456      0.648      -0.049       0.079
mo_2                         0.0090      0.019      0.462      0.644      -0.029       0.047
mo_3                        -0.0050      0.019     -0.268      0.789      -0.041       0.031
mo_4                         0.0004      0.019      0.021      0.983      -0.036       0.037
mo_5                        -0.0142      0.020     -0.718      0.473      -0.053       0.025
mo_6                        -0.0264      0.019     -1.357      0.175      -0.065       0.012
mo_7                        -0.0247      0.019     -1.308      0.191      -0.062       0.012
mo_8                        -0.0256      0.018     -1.401      0.161      -0.061       0.010
mo_9                        -0.0281      0.019     -1.516      0.130      -0.065       0.008
mo_10                       -0.0078      0.018     -0.425      0.671      -0.044       0.028
mo_11                       -0.0247      0.019     -1.316      0.188      -0.062       0.012
mo_12                       -0.0307      0.018     -1.698      0.090      -0.066       0.005
genre_Action                -0.0544      0.011     -5.125      0.000      -0.075      -0.034
genre_Adventure             -0.0056      0.011     -0.496      0.620      -0.028       0.016
genre_Animation             -0.0279      0.018     -1.550      0.121      -0.063       0.007
genre_Biography             -0.0950      0.014     -6.690      0.000      -0.123      -0.067
genre_Comedy                -0.0029      0.010     -0.301      0.763      -0.022       0.016
genre_Crime                 -0.0892      0.010     -8.691      0.000      -0.109      -0.069
genre_Drama                  0.0102      0.009      1.083      0.279      -0.008       0.029
genre_Family                 0.0720      0.015      4.937      0.000       0.043       0.101
genre_Fantasy                0.0045      0.013      0.357      0.721      -0.020       0.029
genre_History                0.0175      0.020      0.857      0.392      -0.023       0.058
genre_Horror                -0.0336      0.015     -2.298      0.022      -0.062      -0.005
genre_Music                  0.1119      0.019      5.847      0.000       0.074       0.149
genre_Musical                0.3189      0.043      7.379      0.000       0.234       0.404
genre_Mystery               -0.0588      0.013     -4.674      0.000      -0.084      -0.034
genre_News                1.062e-17   5.69e-18      1.868      0.062   -5.25e-19    2.18e-17
genre_Romance               -0.0186      0.010     -1.800      0.072      -0.039       0.002
genre_Sci_Fi                -0.0125      0.014     -0.924      0.355      -0.039       0.014
genre_Short              -8.165e-19   7.04e-19     -1.159      0.246    -2.2e-18    5.64e-19
genre_Sport                 -0.0340      0.021     -1.641      0.101      -0.075       0.007
genre_Thriller              -0.0735      0.011     -6.898      0.000      -0.094      -0.053
genre_War                    0.0066      0.029      0.226      0.821      -0.051       0.064
genre_Western               -0.0443      0.052     -0.861      0.389      -0.145       0.057
==============================================================================
Omnibus:                     1672.152   Durbin-Watson:                   2.007
Prob(Omnibus):                  0.000   Jarque-Bera (JB):            13914.549
Skew:                           1.772   Prob(JB):                         0.00
Kurtosis:                      11.407   Cond. No.                     1.02e+16
==============================================================================

Notes:
[1] Standard Errors assume that the covariance matrix of the errors is correctly specified.
[2] The smallest eigenvalue is 6.4e-27. This might indicate that there are
strong multicollinearity problems or that the design matrix is singular.