                            OLS Regression Results                            
==============================================================================
Dep. Variable:              sd_pooled   R-squared:                       0.555
Model:                            OLS   Adj. R-squared:                  0.546
Method:                 Least Squares   F-statistic:                     61.41
Date:                Tue, 31 Mar 2026   Prob (F-statistic):               0.00
Time:                        22:27:29   Log-Likelihood:                 339.95
No. Observations:                3210   AIC:                            -549.9
Df Residuals:                    3145   BIC:                            -155.1
Df Model:                          64                                         
Covariance Type:            nonrobust                                         
============================================================================================
                               coef    std err          t      P>|t|      [0.025      0.975]
--------------------------------------------------------------------------------------------
const                        3.4394      0.055     62.466      0.000       3.331       3.547
FLead                        0.0506      0.009      5.550      0.000       0.033       0.068
mean_pooled                 -0.2382      0.005    -47.061      0.000      -0.248      -0.228
kim_violence_gore            0.0114      0.003      3.774      0.000       0.005       0.017
kim_sex_nudity               0.0107      0.002      4.418      0.000       0.006       0.015
kim_language                -0.0209      0.003     -8.121      0.000      -0.026      -0.016
major                       -0.0423      0.009     -4.544      0.000      -0.061      -0.024
log_bom_opening_theaters     0.0074      0.002      3.566      0.000       0.003       0.012
genres_count                -0.0180      0.008     -2.322      0.020      -0.033      -0.003
yr_1993                      0.0039      0.038      0.104      0.917      -0.070       0.078
yr_1994                      0.0019      0.038      0.050      0.960      -0.073       0.077
yr_1995                      0.0514      0.038      1.342      0.180      -0.024       0.127
yr_1996                      0.0249      0.038      0.661      0.508      -0.049       0.099
yr_1997                      0.0252      0.039      0.652      0.514      -0.050       0.101
yr_1998                      0.0593      0.038      1.575      0.115      -0.015       0.133
yr_1999                      0.0657      0.037      1.793      0.073      -0.006       0.138
yr_2000                      0.0112      0.037      0.300      0.764      -0.062       0.085
yr_2001                      0.0667      0.037      1.815      0.070      -0.005       0.139
yr_2002                      0.0186      0.036      0.515      0.606      -0.052       0.089
yr_2003                      0.0147      0.037      0.402      0.688      -0.057       0.086
yr_2004                      0.0739      0.036      2.074      0.038       0.004       0.144
yr_2005                      0.0439      0.036      1.233      0.218      -0.026       0.114
yr_2006                      0.0970      0.035      2.738      0.006       0.028       0.166
yr_2007                      0.1192      0.035      3.380      0.001       0.050       0.188
yr_2008                      0.0647      0.036      1.821      0.069      -0.005       0.134
yr_2009                      0.0307      0.036      0.851      0.395      -0.040       0.102
yr_2010                      0.0447      0.036      1.240      0.215      -0.026       0.115
yr_2011                      0.0637      0.035      1.806      0.071      -0.005       0.133
yr_2012                      0.0309      0.035      0.878      0.380      -0.038       0.100
yr_2013                      0.0201      0.036      0.563      0.573      -0.050       0.090
yr_2014                      0.0605      0.036      1.674      0.094      -0.010       0.131
yr_2015                     -0.0113      0.036     -0.314      0.753      -0.082       0.059
yr_2016                     -0.0180      0.036     -0.500      0.617      -0.089       0.053
yr_2017                      0.0498      0.036      1.372      0.170      -0.021       0.121
yr_2018                      0.0256      0.037      0.699      0.484      -0.046       0.097
mo_2                         0.0013      0.023      0.060      0.952      -0.043       0.046
mo_3                        -0.0076      0.022     -0.351      0.726      -0.050       0.035
mo_4                        -0.0096      0.022     -0.440      0.660      -0.053       0.033
mo_5                        -0.0182      0.023     -0.810      0.418      -0.062       0.026
mo_6                        -0.0317      0.023     -1.402      0.161      -0.076       0.013
mo_7                        -0.0302      0.022     -1.372      0.170      -0.073       0.013
mo_8                        -0.0346      0.021     -1.631      0.103      -0.076       0.007
mo_9                        -0.0320      0.022     -1.479      0.139      -0.074       0.010
mo_10                       -0.0132      0.021     -0.620      0.535      -0.055       0.029
mo_11                       -0.0281      0.022     -1.300      0.194      -0.070       0.014
mo_12                       -0.0385      0.021     -1.841      0.066      -0.080       0.003
genre_Action                -0.0598      0.012     -4.822      0.000      -0.084      -0.036
genre_Adventure             -0.0048      0.013     -0.375      0.708      -0.030       0.020
genre_Animation             -0.0409      0.019     -2.128      0.033      -0.079      -0.003
genre_Biography             -0.0937      0.016     -5.678      0.000      -0.126      -0.061
genre_Comedy                -0.0041      0.011     -0.377      0.706      -0.026       0.017
genre_Crime                 -0.0855      0.012     -6.899      0.000      -0.110      -0.061
genre_Drama                  0.0306      0.011      2.809      0.005       0.009       0.052
genre_Family                 0.0613      0.016      3.951      0.000       0.031       0.092
genre_Fantasy                0.0007      0.014      0.047      0.962      -0.026       0.028
genre_History                0.0211      0.022      0.945      0.345      -0.023       0.065
genre_Horror                -0.0426      0.017     -2.470      0.014      -0.076      -0.009
genre_Music                  0.1029      0.022      4.759      0.000       0.061       0.145
genre_Musical                0.3208      0.046      7.038      0.000       0.231       0.410
genre_Mystery               -0.0614      0.015     -4.204      0.000      -0.090      -0.033
genre_News                2.714e-18   4.41e-18      0.615      0.539   -5.94e-18    1.14e-17
genre_Romance               -0.0258      0.012     -2.211      0.027      -0.049      -0.003
genre_Sci_Fi                -0.0077      0.015     -0.500      0.617      -0.038       0.023
genre_Short                -7.1e-18   2.44e-18     -2.915      0.004   -1.19e-17   -2.32e-18
genre_Sport                 -0.0175      0.024     -0.735      0.462      -0.064       0.029
genre_Thriller              -0.0686      0.013     -5.396      0.000      -0.094      -0.044
genre_War                    0.0072      0.036      0.200      0.841      -0.064       0.078
genre_Western               -0.0501      0.057     -0.882      0.378      -0.161       0.061
==============================================================================
Omnibus:                     1299.782   Durbin-Watson:                   2.025
Prob(Omnibus):                  0.000   Jarque-Bera (JB):             9924.435
Skew:                           1.733   Prob(JB):                         0.00
Kurtosis:                      10.886   Cond. No.                     1.02e+16
==============================================================================

Notes:
[1] Standard Errors assume that the covariance matrix of the errors is correctly specified.
[2] The smallest eigenvalue is 4.75e-27. This might indicate that there are
strong multicollinearity problems or that the design matrix is singular.