                            OLS Regression Results                            
==============================================================================
Dep. Variable:              sd_pooled   R-squared:                       0.590
Model:                            OLS   Adj. R-squared:                  0.578
Method:                 Least Squares   F-statistic:                     52.61
Date:                Sun, 29 Mar 2026   Prob (F-statistic):               0.00
Time:                        15:21:41   Log-Likelihood:                 416.26
No. Observations:                2408   AIC:                            -702.5
Df Residuals:                    2343   BIC:                            -326.4
Df Model:                          64                                         
Covariance Type:            nonrobust                                         
============================================================================================
                               coef    std err          t      P>|t|      [0.025      0.975]
--------------------------------------------------------------------------------------------
const                        3.4081      0.061     55.469      0.000       3.288       3.529
FLead                        0.0499      0.010      4.978      0.000       0.030       0.070
mean_pooled                 -0.2323      0.005    -42.854      0.000      -0.243      -0.222
kim_violence_gore            0.0098      0.003      3.083      0.002       0.004       0.016
kim_sex_nudity               0.0152      0.003      5.968      0.000       0.010       0.020
kim_language                -0.0175      0.002     -7.442      0.000      -0.022      -0.013
major                       -0.0406      0.010     -4.038      0.000      -0.060      -0.021
log_bom_opening_theaters     0.0054      0.002      2.414      0.016       0.001       0.010
genres_count                -0.0120      0.009     -1.340      0.180      -0.030       0.006
yr_1993                     -0.0514      0.044     -1.156      0.248      -0.139       0.036
yr_1994                     -0.0144      0.045     -0.320      0.749      -0.103       0.074
yr_1995                      0.0353      0.045      0.790      0.429      -0.052       0.123
yr_1996                     -0.0216      0.043     -0.499      0.618      -0.107       0.063
yr_1997                      0.0208      0.044      0.472      0.637      -0.066       0.107
yr_1998                      0.0481      0.043      1.128      0.259      -0.036       0.132
yr_1999                      0.0396      0.042      0.953      0.341      -0.042       0.121
yr_2000                     -0.0073      0.043     -0.168      0.866      -0.092       0.077
yr_2001                      0.0142      0.042      0.336      0.737      -0.069       0.097
yr_2002                     -0.0100      0.042     -0.239      0.811      -0.092       0.072
yr_2003                     -0.0259      0.042     -0.622      0.534      -0.107       0.056
yr_2004                      0.0697      0.041      1.696      0.090      -0.011       0.150
yr_2005                      0.0148      0.041      0.358      0.720      -0.066       0.096
yr_2006                      0.0723      0.041      1.780      0.075      -0.007       0.152
yr_2007                      0.0900      0.041      2.175      0.030       0.009       0.171
yr_2008                      0.0341      0.041      0.834      0.405      -0.046       0.114
yr_2009                     -0.0033      0.041     -0.080      0.936      -0.085       0.078
yr_2010                     -0.0239      0.041     -0.578      0.563      -0.105       0.057
yr_2011                      0.0064      0.041      0.157      0.875      -0.074       0.087
yr_2012                      0.0062      0.041      0.151      0.880      -0.075       0.087
yr_2013                     -0.0015      0.041     -0.036      0.971      -0.082       0.079
yr_2014                      0.0258      0.042      0.616      0.538      -0.056       0.108
yr_2015                     -0.0559      0.041     -1.356      0.175      -0.137       0.025
yr_2016                     -0.0470      0.041     -1.147      0.252      -0.127       0.033
yr_2017                     -0.0236      0.041     -0.571      0.568      -0.105       0.058
yr_2018                   1.869e-05      0.041      0.000      1.000      -0.081       0.081
mo_2                        -0.0134      0.025     -0.537      0.592      -0.062       0.035
mo_3                         0.0137      0.024      0.582      0.561      -0.032       0.060
mo_4                         0.0033      0.024      0.141      0.888      -0.043       0.050
mo_5                        -0.0213      0.025     -0.861      0.389      -0.070       0.027
mo_6                        -0.0232      0.025     -0.922      0.357      -0.072       0.026
mo_7                        -0.0127      0.024     -0.528      0.598      -0.060       0.035
mo_8                        -0.0311      0.023     -1.328      0.184      -0.077       0.015
mo_9                        -0.0357      0.023     -1.521      0.128      -0.082       0.010
mo_10                       -0.0047      0.023     -0.200      0.842      -0.050       0.041
mo_11                       -0.0168      0.024     -0.703      0.482      -0.064       0.030
mo_12                       -0.0349      0.023     -1.515      0.130      -0.080       0.010
genre_Action                -0.0450      0.013     -3.351      0.001      -0.071      -0.019
genre_Adventure             -0.0077      0.014     -0.536      0.592      -0.036       0.021
genre_Animation             -0.0327      0.023     -1.450      0.147      -0.077       0.012
genre_Biography             -0.0723      0.018     -4.093      0.000      -0.107      -0.038
genre_Comedy                -0.0125      0.012     -1.030      0.303      -0.036       0.011
genre_Crime                 -0.0921      0.013     -7.051      0.000      -0.118      -0.066
genre_Drama                  0.0107      0.012      0.871      0.384      -0.013       0.035
genre_Family                 0.0822      0.019      4.415      0.000       0.046       0.119
genre_Fantasy                0.0171      0.016      1.058      0.290      -0.015       0.049
genre_History               -0.0377      0.026     -1.469      0.142      -0.088       0.013
genre_Horror                -0.0352      0.018     -1.914      0.056      -0.071       0.001
genre_Music                  0.1188      0.024      4.854      0.000       0.071       0.167
genre_Musical                0.2746      0.075      3.640      0.000       0.127       0.422
genre_Mystery               -0.0559      0.016     -3.482      0.001      -0.087      -0.024
genre_News                1.683e-17    4.5e-18      3.740      0.000    8.01e-18    2.57e-17
genre_Romance               -0.0124      0.013     -0.926      0.355      -0.039       0.014
genre_Sci_Fi                 0.0043      0.017      0.255      0.799      -0.029       0.037
genre_Short              -5.332e-18   2.24e-18     -2.384      0.017   -9.72e-18   -9.45e-19
genre_Sport                 -0.0394      0.026     -1.513      0.131      -0.091       0.012
genre_Thriller              -0.0618      0.014     -4.503      0.000      -0.089      -0.035
genre_War                    0.0547      0.035      1.562      0.118      -0.014       0.123
genre_Western               -0.0695      0.071     -0.985      0.325      -0.208       0.069
==============================================================================
Omnibus:                      841.201   Durbin-Watson:                   1.996
Prob(Omnibus):                  0.000   Jarque-Bera (JB):             4930.704
Skew:                           1.531   Prob(JB):                         0.00
Kurtosis:                       9.306   Cond. No.                     1.02e+16
==============================================================================

Notes:
[1] Standard Errors assume that the covariance matrix of the errors is correctly specified.
[2] The smallest eigenvalue is 3.84e-27. This might indicate that there are
strong multicollinearity problems or that the design matrix is singular.