                            OLS Regression Results                            
==============================================================================
Dep. Variable:              sd_pooled   R-squared:                       0.561
Model:                            OLS   Adj. R-squared:                  0.554
Method:                 Least Squares   F-statistic:                     78.69
Date:                Sun, 29 Mar 2026   Prob (F-statistic):               0.00
Time:                        15:14:03   Log-Likelihood:                 527.20
No. Observations:                4012   AIC:                            -924.4
Df Residuals:                    3947   BIC:                            -515.1
Df Model:                          64                                         
Covariance Type:            nonrobust                                         
============================================================================================
                               coef    std err          t      P>|t|      [0.025      0.975]
--------------------------------------------------------------------------------------------
const                        3.3855      0.049     69.775      0.000       3.290       3.481
FLead                        0.0479      0.008      5.950      0.000       0.032       0.064
mean_pooled                 -0.2344      0.004    -53.183      0.000      -0.243      -0.226
kim_violence_gore            0.0130      0.003      5.130      0.000       0.008       0.018
kim_sex_nudity               0.0093      0.002      4.439      0.000       0.005       0.013
kim_language                -0.0135      0.002     -7.369      0.000      -0.017      -0.010
major                       -0.0396      0.008     -4.915      0.000      -0.055      -0.024
log_bom_opening_theaters     0.0053      0.002      3.017      0.003       0.002       0.009
genres_count                -0.0117      0.007     -1.739      0.082      -0.025       0.001
yr_1993                     -0.0084      0.034     -0.243      0.808      -0.076       0.059
yr_1994                     -0.0038      0.035     -0.107      0.915      -0.073       0.065
yr_1995                      0.0420      0.035      1.208      0.227      -0.026       0.110
yr_1996                      0.0054      0.034      0.159      0.874      -0.061       0.072
yr_1997                      0.0093      0.035      0.269      0.788      -0.059       0.077
yr_1998                      0.0574      0.033      1.714      0.087      -0.008       0.123
yr_1999                      0.0601      0.033      1.843      0.065      -0.004       0.124
yr_2000                     -0.0070      0.034     -0.209      0.835      -0.073       0.059
yr_2001                      0.0596      0.033      1.805      0.071      -0.005       0.124
yr_2002                      0.0183      0.032      0.562      0.574      -0.045       0.082
yr_2003                      0.0031      0.033      0.093      0.926      -0.061       0.067
yr_2004                      0.0658      0.032      2.026      0.043       0.002       0.129
yr_2005                      0.0506      0.032      1.570      0.117      -0.013       0.114
yr_2006                      0.1006      0.032      3.144      0.002       0.038       0.163
yr_2007                      0.1137      0.032      3.567      0.000       0.051       0.176
yr_2008                      0.0549      0.032      1.709      0.087      -0.008       0.118
yr_2009                      0.0366      0.032      1.127      0.260      -0.027       0.100
yr_2010                      0.0305      0.032      0.940      0.347      -0.033       0.094
yr_2011                      0.0326      0.032      1.024      0.306      -0.030       0.095
yr_2012                      0.0169      0.032      0.533      0.594      -0.045       0.079
yr_2013                      0.0099      0.032      0.312      0.755      -0.053       0.072
yr_2014                      0.0398      0.032      1.233      0.218      -0.023       0.103
yr_2015                     -0.0294      0.032     -0.918      0.359      -0.092       0.033
yr_2016                     -0.0352      0.032     -1.091      0.275      -0.099       0.028
yr_2017                      0.0227      0.033      0.698      0.486      -0.041       0.087
yr_2018                      0.0143      0.033      0.438      0.662      -0.050       0.078
mo_2                         0.0099      0.019      0.507      0.612      -0.028       0.048
mo_3                        -0.0038      0.019     -0.206      0.837      -0.040       0.033
mo_4                         0.0011      0.019      0.061      0.952      -0.036       0.038
mo_5                        -0.0115      0.020     -0.583      0.560      -0.050       0.027
mo_6                        -0.0246      0.019     -1.263      0.206      -0.063       0.014
mo_7                        -0.0214      0.019     -1.132      0.258      -0.059       0.016
mo_8                        -0.0232      0.018     -1.270      0.204      -0.059       0.013
mo_9                        -0.0266      0.019     -1.433      0.152      -0.063       0.010
mo_10                       -0.0074      0.018     -0.405      0.685      -0.043       0.028
mo_11                       -0.0223      0.019     -1.190      0.234      -0.059       0.014
mo_12                       -0.0259      0.018     -1.427      0.154      -0.061       0.010
genre_Action                -0.0575      0.011     -5.423      0.000      -0.078      -0.037
genre_Adventure             -0.0065      0.011     -0.575      0.565      -0.029       0.016
genre_Animation             -0.0299      0.018     -1.664      0.096      -0.065       0.005
genre_Biography             -0.0905      0.014     -6.350      0.000      -0.118      -0.063
genre_Comedy                -0.0011      0.010     -0.119      0.906      -0.020       0.018
genre_Crime                 -0.0888      0.010     -8.657      0.000      -0.109      -0.069
genre_Drama                  0.0140      0.010      1.470      0.142      -0.005       0.033
genre_Family                 0.0680      0.015      4.670      0.000       0.039       0.097
genre_Fantasy                0.0052      0.013      0.409      0.682      -0.020       0.030
genre_History                0.0177      0.020      0.868      0.385      -0.022       0.058
genre_Horror                -0.0375      0.015     -2.573      0.010      -0.066      -0.009
genre_Music                  0.1144      0.019      5.979      0.000       0.077       0.152
genre_Musical                0.3212      0.043      7.428      0.000       0.236       0.406
genre_Mystery               -0.0571      0.013     -4.535      0.000      -0.082      -0.032
genre_News                8.596e-18   4.43e-18      1.941      0.052    -8.5e-20    1.73e-17
genre_Romance               -0.0140      0.010     -1.363      0.173      -0.034       0.006
genre_Sci_Fi                -0.0133      0.014     -0.982      0.326      -0.040       0.013
genre_Short               1.138e-18   9.35e-19      1.217      0.224   -6.95e-19    2.97e-18
genre_Sport                 -0.0391      0.021     -1.883      0.060      -0.080       0.002
genre_Thriller              -0.0749      0.011     -7.028      0.000      -0.096      -0.054
genre_War                    0.0077      0.029      0.264      0.791      -0.050       0.065
genre_Western               -0.0497      0.052     -0.965      0.335      -0.151       0.051
==============================================================================
Omnibus:                     1638.375   Durbin-Watson:                   2.009
Prob(Omnibus):                  0.000   Jarque-Bera (JB):            13064.094
Skew:                           1.743   Prob(JB):                         0.00
Kurtosis:                      11.124   Cond. No.                     1.02e+16
==============================================================================

Notes:
[1] Standard Errors assume that the covariance matrix of the errors is correctly specified.
[2] The smallest eigenvalue is 6.38e-27. This might indicate that there are
strong multicollinearity problems or that the design matrix is singular.