                            OLS Regression Results                            
==============================================================================
Dep. Variable:              sd_pooled   R-squared:                       0.560
Model:                            OLS   Adj. R-squared:                  0.553
Method:                 Least Squares   F-statistic:                     78.44
Date:                Tue, 31 Mar 2026   Prob (F-statistic):               0.00
Time:                        20:19:03   Log-Likelihood:                 523.58
No. Observations:                4012   AIC:                            -917.2
Df Residuals:                    3947   BIC:                            -507.8
Df Model:                          64                                         
Covariance Type:            nonrobust                                         
============================================================================================
                               coef    std err          t      P>|t|      [0.025      0.975]
--------------------------------------------------------------------------------------------
const                        3.3905      0.048     70.000      0.000       3.295       3.485
FLead                        0.0450      0.008      5.590      0.000       0.029       0.061
mean_pooled                 -0.2323      0.004    -52.693      0.000      -0.241      -0.224
kim_violence_gore            0.0033      0.002      1.779      0.075      -0.000       0.007
kim_sex_nudity               0.0131      0.002      6.558      0.000       0.009       0.017
kim_language                -0.0135      0.002     -7.277      0.000      -0.017      -0.010
major                       -0.0399      0.008     -4.939      0.000      -0.056      -0.024
log_bom_opening_theaters     0.0059      0.002      3.305      0.001       0.002       0.009
genres_count                -0.0060      0.007     -0.886      0.376      -0.019       0.007
yr_1993                      0.0023      0.034      0.068      0.946      -0.065       0.070
yr_1994                      0.0005      0.035      0.014      0.989      -0.069       0.070
yr_1995                      0.0505      0.035      1.455      0.146      -0.018       0.119
yr_1996                      0.0146      0.034      0.428      0.668      -0.052       0.081
yr_1997                      0.0218      0.035      0.627      0.531      -0.046       0.090
yr_1998                      0.0633      0.034      1.888      0.059      -0.002       0.129
yr_1999                      0.0666      0.033      2.042      0.041       0.003       0.131
yr_2000                     -0.0035      0.034     -0.105      0.916      -0.069       0.062
yr_2001                      0.0664      0.033      2.014      0.044       0.002       0.131
yr_2002                      0.0234      0.032      0.721      0.471      -0.040       0.087
yr_2003                      0.0069      0.033      0.212      0.832      -0.057       0.071
yr_2004                      0.0698      0.032      2.152      0.031       0.006       0.133
yr_2005                      0.0572      0.032      1.779      0.075      -0.006       0.120
yr_2006                      0.1088      0.032      3.406      0.001       0.046       0.171
yr_2007                      0.1217      0.032      3.824      0.000       0.059       0.184
yr_2008                      0.0623      0.032      1.944      0.052      -0.001       0.125
yr_2009                      0.0420      0.032      1.294      0.196      -0.022       0.106
yr_2010                      0.0380      0.032      1.173      0.241      -0.025       0.101
yr_2011                      0.0393      0.032      1.235      0.217      -0.023       0.102
yr_2012                      0.0239      0.032      0.754      0.451      -0.038       0.086
yr_2013                      0.0164      0.032      0.515      0.606      -0.046       0.079
yr_2014                      0.0449      0.032      1.391      0.164      -0.018       0.108
yr_2015                     -0.0270      0.032     -0.843      0.399      -0.090       0.036
yr_2016                     -0.0283      0.032     -0.876      0.381      -0.092       0.035
yr_2017                      0.0263      0.033      0.807      0.420      -0.038       0.090
yr_2018                      0.0220      0.033      0.673      0.501      -0.042       0.086
mo_2                         0.0067      0.020      0.342      0.732      -0.032       0.045
mo_3                        -0.0055      0.019     -0.294      0.769      -0.042       0.031
mo_4                         0.0011      0.019      0.061      0.951      -0.036       0.038
mo_5                        -0.0136      0.020     -0.689      0.491      -0.052       0.025
mo_6                        -0.0269      0.020     -1.377      0.169      -0.065       0.011
mo_7                        -0.0251      0.019     -1.323      0.186      -0.062       0.012
mo_8                        -0.0270      0.018     -1.479      0.139      -0.063       0.009
mo_9                        -0.0302      0.019     -1.624      0.104      -0.067       0.006
mo_10                       -0.0069      0.018     -0.377      0.706      -0.043       0.029
mo_11                       -0.0256      0.019     -1.362      0.173      -0.063       0.011
mo_12                       -0.0265      0.018     -1.459      0.145      -0.062       0.009
genre_Action                -0.0457      0.010     -4.388      0.000      -0.066      -0.025
genre_Adventure             -0.0048      0.011     -0.427      0.669      -0.027       0.017
genre_Animation             -0.0356      0.018     -1.984      0.047      -0.071      -0.000
genre_Biography             -0.0955      0.014     -6.707      0.000      -0.123      -0.068
genre_Comedy                -0.0174      0.009     -1.942      0.052      -0.035       0.000
genre_Crime                 -0.0839      0.010     -8.224      0.000      -0.104      -0.064
genre_Drama                  0.0087      0.009      0.919      0.358      -0.010       0.027
genre_Family                 0.0648      0.015      4.457      0.000       0.036       0.093
genre_Fantasy                0.0059      0.013      0.468      0.640      -0.019       0.031
genre_History                0.0235      0.020      1.149      0.250      -0.017       0.064
genre_Horror                -0.0135      0.014     -0.975      0.329      -0.041       0.014
genre_Music                  0.0983      0.019      5.191      0.000       0.061       0.135
genre_Musical                0.3111      0.043      7.192      0.000       0.226       0.396
genre_Mystery               -0.0591      0.013     -4.687      0.000      -0.084      -0.034
genre_News                1.021e-17   7.49e-18      1.363      0.173   -4.47e-18    2.49e-17
genre_Romance               -0.0307      0.010     -3.081      0.002      -0.050      -0.011
genre_Sci_Fi                -0.0113      0.014     -0.829      0.407      -0.038       0.015
genre_Short                3.12e-18   2.15e-18      1.453      0.146   -1.09e-18    7.33e-18
genre_Sport                 -0.0431      0.021     -2.080      0.038      -0.084      -0.002
genre_Thriller              -0.0726      0.011     -6.805      0.000      -0.094      -0.052
genre_War                    0.0287      0.029      0.993      0.321      -0.028       0.085
genre_Western               -0.0337      0.051     -0.655      0.513      -0.135       0.067
==============================================================================
Omnibus:                     1670.869   Durbin-Watson:                   2.005
Prob(Omnibus):                  0.000   Jarque-Bera (JB):            13965.615
Skew:                           1.769   Prob(JB):                         0.00
Kurtosis:                      11.428   Cond. No.                     1.02e+16
==============================================================================

Notes:
[1] Standard Errors assume that the covariance matrix of the errors is correctly specified.
[2] The smallest eigenvalue is 6.41e-27. This might indicate that there are
strong multicollinearity problems or that the design matrix is singular.