                            OLS Regression Results                            
==============================================================================
Dep. Variable:              sd_pooled   R-squared:                       0.562
Model:                            OLS   Adj. R-squared:                  0.555
Method:                 Least Squares   F-statistic:                     79.06
Date:                Tue, 31 Mar 2026   Prob (F-statistic):               0.00
Time:                        19:10:05   Log-Likelihood:                 532.40
No. Observations:                4012   AIC:                            -934.8
Df Residuals:                    3947   BIC:                            -525.5
Df Model:                          64                                         
Covariance Type:            nonrobust                                         
============================================================================================
                               coef    std err          t      P>|t|      [0.025      0.975]
--------------------------------------------------------------------------------------------
const                        3.3860      0.048     70.110      0.000       3.291       3.481
FLead                        0.0468      0.008      5.823      0.000       0.031       0.063
mean_pooled                 -0.2337      0.004    -52.926      0.000      -0.242      -0.225
kim_violence_gore            0.0122      0.003      4.801      0.000       0.007       0.017
kim_sex_nudity               0.0114      0.002      5.642      0.000       0.007       0.015
kim_language                -0.0149      0.002     -7.960      0.000      -0.019      -0.011
major                       -0.0385      0.008     -4.785      0.000      -0.054      -0.023
log_bom_opening_theaters     0.0048      0.002      2.776      0.006       0.001       0.008
genres_count                -0.0094      0.007     -1.392      0.164      -0.023       0.004
yr_1993                     -0.0072      0.034     -0.209      0.834      -0.075       0.060
yr_1994                     -0.0044      0.035     -0.124      0.902      -0.073       0.065
yr_1995                      0.0425      0.035      1.226      0.220      -0.025       0.111
yr_1996                      0.0075      0.034      0.219      0.826      -0.059       0.074
yr_1997                      0.0123      0.035      0.353      0.724      -0.056       0.080
yr_1998                      0.0585      0.033      1.748      0.081      -0.007       0.124
yr_1999                      0.0596      0.033      1.829      0.067      -0.004       0.123
yr_2000                     -0.0101      0.034     -0.301      0.764      -0.076       0.056
yr_2001                      0.0551      0.033      1.668      0.095      -0.010       0.120
yr_2002                      0.0152      0.032      0.468      0.640      -0.048       0.079
yr_2003                     -0.0013      0.033     -0.038      0.969      -0.065       0.063
yr_2004                      0.0597      0.032      1.841      0.066      -0.004       0.123
yr_2005                      0.0465      0.032      1.444      0.149      -0.017       0.110
yr_2006                      0.0956      0.032      2.990      0.003       0.033       0.158
yr_2007                      0.1100      0.032      3.454      0.001       0.048       0.172
yr_2008                      0.0515      0.032      1.606      0.108      -0.011       0.114
yr_2009                      0.0308      0.032      0.947      0.344      -0.033       0.094
yr_2010                      0.0254      0.032      0.786      0.432      -0.038       0.089
yr_2011                      0.0286      0.032      0.898      0.369      -0.034       0.091
yr_2012                      0.0127      0.032      0.403      0.687      -0.049       0.075
yr_2013                      0.0062      0.032      0.193      0.847      -0.056       0.069
yr_2014                      0.0382      0.032      1.187      0.235      -0.025       0.101
yr_2015                     -0.0329      0.032     -1.030      0.303      -0.096       0.030
yr_2016                     -0.0369      0.032     -1.144      0.253      -0.100       0.026
yr_2017                      0.0197      0.033      0.606      0.545      -0.044       0.084
yr_2018                      0.0146      0.033      0.446      0.656      -0.049       0.079
mo_2                         0.0081      0.019      0.418      0.676      -0.030       0.046
mo_3                        -0.0050      0.019     -0.271      0.786      -0.041       0.031
mo_4                     -9.169e-05      0.019     -0.005      0.996      -0.037       0.037
mo_5                        -0.0134      0.020     -0.680      0.496      -0.052       0.025
mo_6                        -0.0261      0.019     -1.343      0.179      -0.064       0.012
mo_7                        -0.0242      0.019     -1.279      0.201      -0.061       0.013
mo_8                        -0.0259      0.018     -1.419      0.156      -0.062       0.010
mo_9                        -0.0285      0.019     -1.536      0.125      -0.065       0.008
mo_10                       -0.0080      0.018     -0.439      0.661      -0.044       0.028
mo_11                       -0.0244      0.019     -1.301      0.193      -0.061       0.012
mo_12                       -0.0282      0.018     -1.557      0.120      -0.064       0.007
genre_Action                -0.0547      0.011     -5.157      0.000      -0.075      -0.034
genre_Adventure             -0.0052      0.011     -0.462      0.644      -0.027       0.017
genre_Animation             -0.0278      0.018     -1.546      0.122      -0.063       0.007
genre_Biography             -0.0930      0.014     -6.542      0.000      -0.121      -0.065
genre_Comedy                -0.0030      0.010     -0.314      0.753      -0.022       0.016
genre_Crime                 -0.0888      0.010     -8.669      0.000      -0.109      -0.069
genre_Drama                  0.0127      0.009      1.343      0.179      -0.006       0.031
genre_Family                 0.0717      0.015      4.921      0.000       0.043       0.100
genre_Fantasy                0.0038      0.013      0.301      0.763      -0.021       0.029
genre_History                0.0180      0.020      0.883      0.377      -0.022       0.058
genre_Horror                -0.0335      0.015     -2.291      0.022      -0.062      -0.005
genre_Music                  0.1117      0.019      5.841      0.000       0.074       0.149
genre_Musical                0.3173      0.043      7.344      0.000       0.233       0.402
genre_Mystery               -0.0585      0.013     -4.648      0.000      -0.083      -0.034
genre_News               -6.546e-18   7.04e-18     -0.930      0.352   -2.03e-17    7.25e-18
genre_Romance               -0.0186      0.010     -1.800      0.072      -0.039       0.002
genre_Sci_Fi                -0.0129      0.014     -0.952      0.341      -0.040       0.014
genre_Short               2.937e-18   2.85e-18      1.031      0.303   -2.65e-18    8.52e-18
genre_Sport                 -0.0368      0.021     -1.775      0.076      -0.077       0.004
genre_Thriller              -0.0740      0.011     -6.946      0.000      -0.095      -0.053
genre_War                    0.0094      0.029      0.322      0.748      -0.048       0.067
genre_Western               -0.0474      0.051     -0.921      0.357      -0.148       0.053
==============================================================================
Omnibus:                     1654.729   Durbin-Watson:                   2.006
Prob(Omnibus):                  0.000   Jarque-Bera (JB):            13500.364
Skew:                           1.756   Prob(JB):                         0.00
Kurtosis:                      11.272   Cond. No.                     1.02e+16
==============================================================================

Notes:
[1] Standard Errors assume that the covariance matrix of the errors is correctly specified.
[2] The smallest eigenvalue is 6.39e-27. This might indicate that there are
strong multicollinearity problems or that the design matrix is singular.