                            OLS Regression Results                            
==============================================================================
Dep. Variable:              sd_pooled   R-squared:                       0.559
Model:                            OLS   Adj. R-squared:                  0.552
Method:                 Least Squares   F-statistic:                     78.10
Date:                Tue, 31 Mar 2026   Prob (F-statistic):               0.00
Time:                        17:20:27   Log-Likelihood:                 518.70
No. Observations:                4012   AIC:                            -907.4
Df Residuals:                    3947   BIC:                            -498.1
Df Model:                          64                                         
Covariance Type:            nonrobust                                         
============================================================================================
                               coef    std err          t      P>|t|      [0.025      0.975]
--------------------------------------------------------------------------------------------
const                        3.4052      0.049     70.059      0.000       3.310       3.500
FLead                        0.0489      0.008      6.056      0.000       0.033       0.065
mean_pooled                 -0.2357      0.004    -53.477      0.000      -0.244      -0.227
kim_violence_gore            0.0146      0.003      5.764      0.000       0.010       0.020
kim_sex_nudity               0.0032      0.002      1.714      0.087      -0.000       0.007
kim_language                -0.0124      0.002     -6.462      0.000      -0.016      -0.009
major                       -0.0391      0.008     -4.842      0.000      -0.055      -0.023
log_bom_opening_theaters     0.0050      0.002      2.838      0.005       0.002       0.009
genres_count                -0.0131      0.007     -1.927      0.054      -0.027       0.000
yr_1993                     -0.0073      0.035     -0.212      0.832      -0.075       0.060
yr_1994                     -0.0028      0.035     -0.079      0.937      -0.072       0.066
yr_1995                      0.0408      0.035      1.173      0.241      -0.027       0.109
yr_1996                      0.0037      0.034      0.109      0.913      -0.063       0.071
yr_1997                      0.0050      0.035      0.144      0.885      -0.063       0.073
yr_1998                      0.0566      0.034      1.686      0.092      -0.009       0.122
yr_1999                      0.0635      0.033      1.944      0.052      -0.001       0.128
yr_2000                     -0.0038      0.034     -0.112      0.911      -0.070       0.062
yr_2001                      0.0625      0.033      1.890      0.059      -0.002       0.127
yr_2002                      0.0206      0.033      0.632      0.527      -0.043       0.084
yr_2003                      0.0079      0.033      0.241      0.810      -0.056       0.072
yr_2004                      0.0728      0.032      2.242      0.025       0.009       0.137
yr_2005                      0.0563      0.032      1.744      0.081      -0.007       0.119
yr_2006                      0.1078      0.032      3.368      0.001       0.045       0.171
yr_2007                      0.1194      0.032      3.741      0.000       0.057       0.182
yr_2008                      0.0602      0.032      1.873      0.061      -0.003       0.123
yr_2009                      0.0440      0.033      1.352      0.176      -0.020       0.108
yr_2010                      0.0357      0.032      1.101      0.271      -0.028       0.099
yr_2011                      0.0384      0.032      1.205      0.228      -0.024       0.101
yr_2012                      0.0218      0.032      0.687      0.492      -0.040       0.084
yr_2013                      0.0126      0.032      0.393      0.694      -0.050       0.075
yr_2014                      0.0434      0.032      1.342      0.180      -0.020       0.107
yr_2015                     -0.0268      0.032     -0.834      0.405      -0.090       0.036
yr_2016                     -0.0341      0.032     -1.053      0.292      -0.097       0.029
yr_2017                      0.0253      0.033      0.776      0.438      -0.039       0.089
yr_2018                      0.0159      0.033      0.485      0.628      -0.048       0.080
mo_2                         0.0097      0.020      0.495      0.621      -0.029       0.048
mo_3                        -0.0038      0.019     -0.206      0.837      -0.040       0.033
mo_4                         0.0016      0.019      0.083      0.934      -0.035       0.038
mo_5                        -0.0106      0.020     -0.535      0.592      -0.049       0.028
mo_6                        -0.0240      0.020     -1.228      0.220      -0.062       0.014
mo_7                        -0.0220      0.019     -1.161      0.246      -0.059       0.015
mo_8                        -0.0242      0.018     -1.320      0.187      -0.060       0.012
mo_9                        -0.0262      0.019     -1.408      0.159      -0.063       0.010
mo_10                       -0.0066      0.018     -0.361      0.718      -0.042       0.029
mo_11                       -0.0205      0.019     -1.091      0.275      -0.057       0.016
mo_12                       -0.0259      0.018     -1.425      0.154      -0.062       0.010
genre_Action                -0.0611      0.011     -5.767      0.000      -0.082      -0.040
genre_Adventure             -0.0071      0.011     -0.627      0.531      -0.029       0.015
genre_Animation             -0.0322      0.018     -1.786      0.074      -0.067       0.003
genre_Biography             -0.0904      0.014     -6.329      0.000      -0.118      -0.062
genre_Comedy                 0.0025      0.010      0.259      0.796      -0.016       0.021
genre_Crime                 -0.0878      0.010     -8.540      0.000      -0.108      -0.068
genre_Drama                  0.0149      0.010      1.562      0.118      -0.004       0.034
genre_Family                 0.0629      0.015      4.328      0.000       0.034       0.091
genre_Fantasy                0.0066      0.013      0.517      0.605      -0.018       0.031
genre_History                0.0188      0.020      0.918      0.359      -0.021       0.059
genre_Horror                -0.0425      0.015     -2.919      0.004      -0.071      -0.014
genre_Music                  0.1174      0.019      6.127      0.000       0.080       0.155
genre_Musical                0.3281      0.043      7.577      0.000       0.243       0.413
genre_Mystery               -0.0569      0.013     -4.506      0.000      -0.082      -0.032
genre_News                1.339e-17   5.52e-18      2.424      0.015    2.56e-18    2.42e-17
genre_Romance               -0.0073      0.010     -0.715      0.474      -0.027       0.013
genre_Sci_Fi                -0.0126      0.014     -0.929      0.353      -0.039       0.014
genre_Short              -4.364e-18   2.55e-18     -1.711      0.087   -9.36e-18    6.36e-19
genre_Sport                 -0.0384      0.021     -1.849      0.065      -0.079       0.002
genre_Thriller              -0.0757      0.011     -7.082      0.000      -0.097      -0.055
genre_War                    0.0025      0.029      0.086      0.931      -0.055       0.060
genre_Western               -0.0549      0.052     -1.063      0.288      -0.156       0.046
==============================================================================
Omnibus:                     1639.705   Durbin-Watson:                   2.007
Prob(Omnibus):                  0.000   Jarque-Bera (JB):            13012.642
Skew:                           1.746   Prob(JB):                         0.00
Kurtosis:                      11.102   Cond. No.                     1.02e+16
==============================================================================

Notes:
[1] Standard Errors assume that the covariance matrix of the errors is correctly specified.
[2] The smallest eigenvalue is 6.43e-27. This might indicate that there are
strong multicollinearity problems or that the design matrix is singular.