                            OLS Regression Results                            
==============================================================================
Dep. Variable:              sd_pooled   R-squared:                       0.559
Model:                            OLS   Adj. R-squared:                  0.552
Method:                 Least Squares   F-statistic:                     78.16
Date:                Tue, 31 Mar 2026   Prob (F-statistic):               0.00
Time:                        17:15:17   Log-Likelihood:                 519.52
No. Observations:                4012   AIC:                            -909.0
Df Residuals:                    3947   BIC:                            -499.7
Df Model:                          64                                         
Covariance Type:            nonrobust                                         
============================================================================================
                               coef    std err          t      P>|t|      [0.025      0.975]
--------------------------------------------------------------------------------------------
const                        3.4016      0.049     69.931      0.000       3.306       3.497
FLead                        0.0485      0.008      6.000      0.000       0.033       0.064
mean_pooled                 -0.2354      0.004    -53.334      0.000      -0.244      -0.227
kim_violence_gore            0.0148      0.003      5.910      0.000       0.010       0.020
kim_sex_nudity               0.0039      0.002      2.131      0.033       0.000       0.008
kim_language                -0.0125      0.002     -6.654      0.000      -0.016      -0.009
major                       -0.0396      0.008     -4.913      0.000      -0.055      -0.024
log_bom_opening_theaters     0.0051      0.002      2.851      0.004       0.002       0.009
genres_count                -0.0130      0.007     -1.905      0.057      -0.026       0.000
yr_1993                     -0.0089      0.035     -0.258      0.796      -0.077       0.059
yr_1994                     -0.0042      0.035     -0.119      0.906      -0.073       0.065
yr_1995                      0.0385      0.035      1.107      0.269      -0.030       0.107
yr_1996                      0.0014      0.034      0.040      0.968      -0.066       0.068
yr_1997                      0.0048      0.035      0.138      0.891      -0.063       0.073
yr_1998                      0.0562      0.034      1.676      0.094      -0.010       0.122
yr_1999                      0.0619      0.033      1.894      0.058      -0.002       0.126
yr_2000                     -0.0049      0.034     -0.146      0.884      -0.071       0.061
yr_2001                      0.0601      0.033      1.814      0.070      -0.005       0.125
yr_2002                      0.0182      0.033      0.558      0.577      -0.046       0.082
yr_2003                      0.0069      0.033      0.210      0.833      -0.057       0.071
yr_2004                      0.0695      0.033      2.136      0.033       0.006       0.133
yr_2005                      0.0533      0.032      1.652      0.099      -0.010       0.117
yr_2006                      0.1044      0.032      3.257      0.001       0.042       0.167
yr_2007                      0.1175      0.032      3.678      0.000       0.055       0.180
yr_2008                      0.0587      0.032      1.824      0.068      -0.004       0.122
yr_2009                      0.0413      0.033      1.268      0.205      -0.023       0.105
yr_2010                      0.0338      0.032      1.042      0.297      -0.030       0.097
yr_2011                      0.0361      0.032      1.130      0.259      -0.026       0.099
yr_2012                      0.0190      0.032      0.598      0.550      -0.043       0.081
yr_2013                      0.0112      0.032      0.351      0.726      -0.051       0.074
yr_2014                      0.0412      0.032      1.273      0.203      -0.022       0.105
yr_2015                     -0.0292      0.032     -0.908      0.364      -0.092       0.034
yr_2016                     -0.0354      0.032     -1.094      0.274      -0.099       0.028
yr_2017                      0.0225      0.033      0.690      0.490      -0.042       0.087
yr_2018                      0.0142      0.033      0.432      0.666      -0.050       0.078
mo_2                         0.0103      0.020      0.527      0.598      -0.028       0.049
mo_3                        -0.0031      0.019     -0.168      0.867      -0.040       0.033
mo_4                         0.0016      0.019      0.084      0.933      -0.035       0.038
mo_5                        -0.0102      0.020     -0.515      0.607      -0.049       0.029
mo_6                        -0.0240      0.020     -1.229      0.219      -0.062       0.014
mo_7                        -0.0226      0.019     -1.190      0.234      -0.060       0.015
mo_8                        -0.0242      0.018     -1.324      0.185      -0.060       0.012
mo_9                        -0.0272      0.019     -1.460      0.144      -0.064       0.009
mo_10                       -0.0068      0.018     -0.373      0.709      -0.043       0.029
mo_11                       -0.0212      0.019     -1.128      0.259      -0.058       0.016
mo_12                       -0.0261      0.018     -1.437      0.151      -0.062       0.010
genre_Action                -0.0609      0.011     -5.755      0.000      -0.082      -0.040
genre_Adventure             -0.0064      0.011     -0.569      0.569      -0.029       0.016
genre_Animation             -0.0311      0.018     -1.725      0.085      -0.066       0.004
genre_Biography             -0.0893      0.014     -6.258      0.000      -0.117      -0.061
genre_Comedy                 0.0029      0.009      0.306      0.759      -0.016       0.021
genre_Crime                 -0.0883      0.010     -8.589      0.000      -0.108      -0.068
genre_Drama                  0.0150      0.010      1.571      0.116      -0.004       0.034
genre_Family                 0.0647      0.015      4.438      0.000       0.036       0.093
genre_Fantasy                0.0061      0.013      0.478      0.633      -0.019       0.031
genre_History                0.0181      0.020      0.883      0.377      -0.022       0.058
genre_Horror                -0.0420      0.015     -2.883      0.004      -0.071      -0.013
genre_Music                  0.1164      0.019      6.074      0.000       0.079       0.154
genre_Musical                0.3283      0.043      7.582      0.000       0.243       0.413
genre_Mystery               -0.0572      0.013     -4.532      0.000      -0.082      -0.032
genre_News                7.565e-19    5.7e-18      0.133      0.894   -1.04e-17    1.19e-17
genre_Romance               -0.0074      0.010     -0.730      0.466      -0.027       0.012
genre_Sci_Fi                -0.0126      0.014     -0.924      0.356      -0.039       0.014
genre_Short               2.906e-18   2.17e-18      1.339      0.180   -1.35e-18    7.16e-18
genre_Sport                 -0.0378      0.021     -1.818      0.069      -0.079       0.003
genre_Thriller              -0.0757      0.011     -7.088      0.000      -0.097      -0.055
genre_War                    0.0026      0.029      0.089      0.929      -0.055       0.060
genre_Western               -0.0583      0.052     -1.129      0.259      -0.159       0.043
==============================================================================
Omnibus:                     1638.272   Durbin-Watson:                   2.006
Prob(Omnibus):                  0.000   Jarque-Bera (JB):            13022.982
Skew:                           1.744   Prob(JB):                         0.00
Kurtosis:                      11.108   Cond. No.                     1.02e+16
==============================================================================

Notes:
[1] Standard Errors assume that the covariance matrix of the errors is correctly specified.
[2] The smallest eigenvalue is 6.39e-27. This might indicate that there are
strong multicollinearity problems or that the design matrix is singular.