                            OLS Regression Results                            
==============================================================================
Dep. Variable:              sd_pooled   R-squared:                       0.561
Model:                            OLS   Adj. R-squared:                  0.554
Method:                 Least Squares   F-statistic:                     78.95
Date:                Sun, 29 Mar 2026   Prob (F-statistic):               0.00
Time:                        15:35:40   Log-Likelihood:                 530.91
No. Observations:                4012   AIC:                            -931.8
Df Residuals:                    3947   BIC:                            -522.5
Df Model:                          64                                         
Covariance Type:            nonrobust                                         
============================================================================================
                               coef    std err          t      P>|t|      [0.025      0.975]
--------------------------------------------------------------------------------------------
const                        3.3829      0.048     69.893      0.000       3.288       3.478
FLead                        0.0468      0.008      5.822      0.000       0.031       0.063
mean_pooled                 -0.2340      0.004    -53.159      0.000      -0.243      -0.225
kim_violence_gore            0.0127      0.003      5.018      0.000       0.008       0.018
kim_sex_nudity               0.0103      0.002      5.200      0.000       0.006       0.014
kim_language                -0.0146      0.002     -7.803      0.000      -0.018      -0.011
major                       -0.0396      0.008     -4.923      0.000      -0.055      -0.024
log_bom_opening_theaters     0.0054      0.002      3.055      0.002       0.002       0.009
genres_count                -0.0104      0.007     -1.530      0.126      -0.024       0.003
yr_1993                     -0.0063      0.034     -0.184      0.854      -0.074       0.061
yr_1994                     -0.0039      0.035     -0.110      0.913      -0.073       0.065
yr_1995                      0.0431      0.035      1.242      0.214      -0.025       0.111
yr_1996                      0.0078      0.034      0.229      0.819      -0.059       0.075
yr_1997                      0.0125      0.035      0.361      0.718      -0.055       0.081
yr_1998                      0.0581      0.033      1.736      0.083      -0.008       0.124
yr_1999                      0.0632      0.033      1.939      0.053      -0.001       0.127
yr_2000                     -0.0074      0.034     -0.220      0.826      -0.073       0.058
yr_2001                      0.0584      0.033      1.770      0.077      -0.006       0.123
yr_2002                      0.0180      0.032      0.554      0.580      -0.046       0.082
yr_2003                      0.0026      0.033      0.079      0.937      -0.061       0.067
yr_2004                      0.0643      0.032      1.982      0.048       0.001       0.128
yr_2005                      0.0496      0.032      1.540      0.124      -0.014       0.113
yr_2006                      0.0991      0.032      3.101      0.002       0.036       0.162
yr_2007                      0.1125      0.032      3.533      0.000       0.050       0.175
yr_2008                      0.0536      0.032      1.670      0.095      -0.009       0.116
yr_2009                      0.0357      0.032      1.100      0.271      -0.028       0.099
yr_2010                      0.0299      0.032      0.922      0.356      -0.034       0.093
yr_2011                      0.0305      0.032      0.959      0.338      -0.032       0.093
yr_2012                      0.0156      0.032      0.493      0.622      -0.047       0.078
yr_2013                      0.0079      0.032      0.249      0.803      -0.055       0.070
yr_2014                      0.0407      0.032      1.263      0.207      -0.022       0.104
yr_2015                     -0.0304      0.032     -0.951      0.341      -0.093       0.032
yr_2016                     -0.0353      0.032     -1.094      0.274      -0.099       0.028
yr_2017                      0.0222      0.033      0.682      0.495      -0.042       0.086
yr_2018                      0.0147      0.033      0.449      0.654      -0.049       0.079
mo_2                         0.0098      0.019      0.502      0.616      -0.028       0.048
mo_3                        -0.0031      0.019     -0.166      0.868      -0.039       0.033
mo_4                         0.0020      0.019      0.107      0.915      -0.035       0.039
mo_5                        -0.0111      0.020     -0.564      0.573      -0.050       0.028
mo_6                        -0.0239      0.019     -1.226      0.220      -0.062       0.014
mo_7                        -0.0222      0.019     -1.175      0.240      -0.059       0.015
mo_8                        -0.0230      0.018     -1.261      0.207      -0.059       0.013
mo_9                        -0.0267      0.019     -1.439      0.150      -0.063       0.010
mo_10                       -0.0063      0.018     -0.346      0.729      -0.042       0.029
mo_11                       -0.0219      0.019     -1.169      0.242      -0.059       0.015
mo_12                       -0.0254      0.018     -1.402      0.161      -0.061       0.010
genre_Action                -0.0566      0.011     -5.339      0.000      -0.077      -0.036
genre_Adventure             -0.0060      0.011     -0.537      0.591      -0.028       0.016
genre_Animation             -0.0291      0.018     -1.622      0.105      -0.064       0.006
genre_Biography             -0.0902      0.014     -6.338      0.000      -0.118      -0.062
genre_Comedy                -0.0022      0.010     -0.228      0.820      -0.021       0.016
genre_Crime                 -0.0887      0.010     -8.658      0.000      -0.109      -0.069
genre_Drama                  0.0138      0.010      1.446      0.148      -0.005       0.032
genre_Family                 0.0700      0.015      4.803      0.000       0.041       0.099
genre_Fantasy                0.0049      0.013      0.391      0.696      -0.020       0.030
genre_History                0.0176      0.020      0.863      0.388      -0.022       0.058
genre_Horror                -0.0358      0.015     -2.457      0.014      -0.064      -0.007
genre_Music                  0.1125      0.019      5.883      0.000       0.075       0.150
genre_Musical                0.3200      0.043      7.407      0.000       0.235       0.405
genre_Mystery               -0.0585      0.013     -4.648      0.000      -0.083      -0.034
genre_News                5.533e-18   5.05e-18      1.096      0.273   -4.36e-18    1.54e-17
genre_Romance               -0.0157      0.010     -1.532      0.126      -0.036       0.004
genre_Sci_Fi                -0.0125      0.014     -0.918      0.358      -0.039       0.014
genre_Short               3.651e-18   2.07e-18      1.763      0.078   -4.09e-19    7.71e-18
genre_Sport                 -0.0387      0.021     -1.865      0.062      -0.079       0.002
genre_Thriller              -0.0742      0.011     -6.964      0.000      -0.095      -0.053
genre_War                    0.0076      0.029      0.261      0.794      -0.050       0.065
genre_Western               -0.0486      0.051     -0.943      0.346      -0.150       0.052
==============================================================================
Omnibus:                     1640.139   Durbin-Watson:                   2.006
Prob(Omnibus):                  0.000   Jarque-Bera (JB):            13196.629
Skew:                           1.742   Prob(JB):                         0.00
Kurtosis:                      11.173   Cond. No.                     1.02e+16
==============================================================================

Notes:
[1] Standard Errors assume that the covariance matrix of the errors is correctly specified.
[2] The smallest eigenvalue is 6.38e-27. This might indicate that there are
strong multicollinearity problems or that the design matrix is singular.