                            OLS Regression Results                            
==============================================================================
Dep. Variable:              sd_pooled   R-squared:                       0.562
Model:                            OLS   Adj. R-squared:                  0.555
Method:                 Least Squares   F-statistic:                     79.02
Date:                Sun, 29 Mar 2026   Prob (F-statistic):               0.00
Time:                        10:34:52   Log-Likelihood:                 531.83
No. Observations:                4012   AIC:                            -933.7
Df Residuals:                    3947   BIC:                            -524.4
Df Model:                          64                                         
Covariance Type:            nonrobust                                         
============================================================================================
                               coef    std err          t      P>|t|      [0.025      0.975]
--------------------------------------------------------------------------------------------
const                        3.3821      0.048     69.905      0.000       3.287       3.477
FLead                        0.0470      0.008      5.843      0.000       0.031       0.063
mean_pooled                 -0.2337      0.004    -53.020      0.000      -0.242      -0.225
kim_violence_gore            0.0123      0.003      4.840      0.000       0.007       0.017
kim_sex_nudity               0.0108      0.002      5.373      0.000       0.007       0.015
kim_language                -0.0147      0.002     -7.870      0.000      -0.018      -0.011
major                       -0.0402      0.008     -4.995      0.000      -0.056      -0.024
log_bom_opening_theaters     0.0056      0.002      3.160      0.002       0.002       0.009
genres_count                -0.0098      0.007     -1.450      0.147      -0.023       0.003
yr_1993                     -0.0076      0.034     -0.221      0.825      -0.075       0.060
yr_1994                     -0.0039      0.035     -0.112      0.911      -0.073       0.065
yr_1995                      0.0431      0.035      1.241      0.215      -0.025       0.111
yr_1996                      0.0063      0.034      0.186      0.852      -0.060       0.073
yr_1997                      0.0114      0.035      0.329      0.742      -0.057       0.079
yr_1998                      0.0582      0.033      1.739      0.082      -0.007       0.124
yr_1999                      0.0608      0.033      1.865      0.062      -0.003       0.125
yr_2000                     -0.0085      0.034     -0.253      0.800      -0.074       0.057
yr_2001                      0.0566      0.033      1.713      0.087      -0.008       0.121
yr_2002                      0.0165      0.032      0.508      0.612      -0.047       0.080
yr_2003                     -0.0007      0.033     -0.023      0.982      -0.065       0.063
yr_2004                      0.0616      0.032      1.899      0.058      -0.002       0.125
yr_2005                      0.0485      0.032      1.508      0.132      -0.015       0.112
yr_2006                      0.0968      0.032      3.026      0.002       0.034       0.159
yr_2007                      0.1109      0.032      3.481      0.001       0.048       0.173
yr_2008                      0.0519      0.032      1.616      0.106      -0.011       0.115
yr_2009                      0.0327      0.032      1.008      0.313      -0.031       0.096
yr_2010                      0.0268      0.032      0.828      0.408      -0.037       0.090
yr_2011                      0.0301      0.032      0.946      0.344      -0.032       0.092
yr_2012                      0.0152      0.032      0.481      0.631      -0.047       0.077
yr_2013                      0.0074      0.032      0.232      0.817      -0.055       0.070
yr_2014                      0.0397      0.032      1.231      0.218      -0.024       0.103
yr_2015                     -0.0320      0.032     -1.001      0.317      -0.095       0.031
yr_2016                     -0.0361      0.032     -1.120      0.263      -0.099       0.027
yr_2017                      0.0207      0.033      0.635      0.526      -0.043       0.084
yr_2018                      0.0142      0.033      0.434      0.664      -0.050       0.078
mo_2                         0.0079      0.019      0.406      0.685      -0.030       0.046
mo_3                        -0.0044      0.019     -0.235      0.814      -0.041       0.032
mo_4                      -8.94e-05      0.019     -0.005      0.996      -0.037       0.037
mo_5                        -0.0121      0.020     -0.612      0.541      -0.051       0.027
mo_6                        -0.0257      0.019     -1.320      0.187      -0.064       0.012
mo_7                        -0.0236      0.019     -1.249      0.212      -0.061       0.013
mo_8                        -0.0255      0.018     -1.396      0.163      -0.061       0.010
mo_9                        -0.0285      0.019     -1.533      0.125      -0.065       0.008
mo_10                       -0.0070      0.018     -0.386      0.700      -0.043       0.029
mo_11                       -0.0232      0.019     -1.235      0.217      -0.060       0.014
mo_12                       -0.0265      0.018     -1.461      0.144      -0.062       0.009
genre_Action                -0.0557      0.011     -5.248      0.000      -0.076      -0.035
genre_Adventure             -0.0063      0.011     -0.556      0.578      -0.028       0.016
genre_Animation             -0.0292      0.018     -1.628      0.104      -0.064       0.006
genre_Biography             -0.0921      0.014     -6.468      0.000      -0.120      -0.064
genre_Comedy                -0.0024      0.010     -0.252      0.801      -0.021       0.016
genre_Crime                 -0.0886      0.010     -8.644      0.000      -0.109      -0.068
genre_Drama                  0.0134      0.010      1.413      0.158      -0.005       0.032
genre_Family                 0.0700      0.015      4.811      0.000       0.041       0.099
genre_Fantasy                0.0045      0.013      0.359      0.720      -0.020       0.029
genre_History                0.0191      0.020      0.936      0.349      -0.021       0.059
genre_Horror                -0.0349      0.015     -2.388      0.017      -0.063      -0.006
genre_Music                  0.1120      0.019      5.854      0.000       0.074       0.149
genre_Musical                0.3207      0.043      7.426      0.000       0.236       0.405
genre_Mystery               -0.0581      0.013     -4.620      0.000      -0.083      -0.033
genre_News               -9.152e-18   6.96e-18     -1.315      0.189   -2.28e-17     4.5e-18
genre_Romance               -0.0171      0.010     -1.662      0.097      -0.037       0.003
genre_Sci_Fi                -0.0127      0.014     -0.939      0.348      -0.039       0.014
genre_Short               3.545e-19   8.46e-19      0.419      0.675    -1.3e-18    2.01e-18
genre_Sport                 -0.0381      0.021     -1.838      0.066      -0.079       0.003
genre_Thriller              -0.0747      0.011     -7.017      0.000      -0.096      -0.054
genre_War                    0.0084      0.029      0.288      0.774      -0.049       0.066
genre_Western               -0.0482      0.051     -0.936      0.350      -0.149       0.053
==============================================================================
Omnibus:                     1644.544   Durbin-Watson:                   2.007
Prob(Omnibus):                  0.000   Jarque-Bera (JB):            13268.050
Skew:                           1.747   Prob(JB):                         0.00
Kurtosis:                      11.195   Cond. No.                     1.02e+16
==============================================================================

Notes:
[1] Standard Errors assume that the covariance matrix of the errors is correctly specified.
[2] The smallest eigenvalue is 6.39e-27. This might indicate that there are
strong multicollinearity problems or that the design matrix is singular.