                            OLS Regression Results                            
==============================================================================
Dep. Variable:              sd_pooled   R-squared:                       0.561
Model:                            OLS   Adj. R-squared:                  0.554
Method:                 Least Squares   F-statistic:                     78.90
Date:                Sun, 29 Mar 2026   Prob (F-statistic):               0.00
Time:                        10:35:44   Log-Likelihood:                 530.14
No. Observations:                4012   AIC:                            -930.3
Df Residuals:                    3947   BIC:                            -521.0
Df Model:                          64                                         
Covariance Type:            nonrobust                                         
============================================================================================
                               coef    std err          t      P>|t|      [0.025      0.975]
--------------------------------------------------------------------------------------------
const                        3.3835      0.048     69.880      0.000       3.289       3.478
FLead                        0.0472      0.008      5.869      0.000       0.031       0.063
mean_pooled                 -0.2340      0.004    -53.095      0.000      -0.243      -0.225
kim_violence_gore            0.0128      0.003      5.025      0.000       0.008       0.018
kim_sex_nudity               0.0101      0.002      5.053      0.000       0.006       0.014
kim_language                -0.0145      0.002     -7.743      0.000      -0.018      -0.011
major                       -0.0398      0.008     -4.953      0.000      -0.056      -0.024
log_bom_opening_theaters     0.0055      0.002      3.095      0.002       0.002       0.009
genres_count                -0.0101      0.007     -1.493      0.136      -0.023       0.003
yr_1993                     -0.0084      0.034     -0.243      0.808      -0.076       0.059
yr_1994                     -0.0049      0.035     -0.138      0.890      -0.074       0.064
yr_1995                      0.0420      0.035      1.209      0.227      -0.026       0.110
yr_1996                      0.0074      0.034      0.217      0.828      -0.059       0.074
yr_1997                      0.0113      0.035      0.325      0.745      -0.057       0.079
yr_1998                      0.0573      0.033      1.711      0.087      -0.008       0.123
yr_1999                      0.0605      0.033      1.856      0.064      -0.003       0.124
yr_2000                     -0.0086      0.034     -0.256      0.798      -0.074       0.057
yr_2001                      0.0560      0.033      1.694      0.090      -0.009       0.121
yr_2002                      0.0168      0.032      0.518      0.605      -0.047       0.080
yr_2003                      0.0005      0.033      0.014      0.989      -0.064       0.065
yr_2004                      0.0617      0.032      1.900      0.057      -0.002       0.125
yr_2005                      0.0487      0.032      1.512      0.131      -0.014       0.112
yr_2006                      0.0980      0.032      3.062      0.002       0.035       0.161
yr_2007                      0.1112      0.032      3.488      0.000       0.049       0.174
yr_2008                      0.0531      0.032      1.654      0.098      -0.010       0.116
yr_2009                      0.0325      0.033      0.999      0.318      -0.031       0.096
yr_2010                      0.0272      0.032      0.841      0.401      -0.036       0.091
yr_2011                      0.0309      0.032      0.972      0.331      -0.031       0.093
yr_2012                      0.0148      0.032      0.467      0.641      -0.047       0.077
yr_2013                      0.0075      0.032      0.237      0.813      -0.055       0.070
yr_2014                      0.0387      0.032      1.200      0.230      -0.025       0.102
yr_2015                     -0.0313      0.032     -0.976      0.329      -0.094       0.032
yr_2016                     -0.0365      0.032     -1.133      0.257      -0.100       0.027
yr_2017                      0.0211      0.033      0.647      0.518      -0.043       0.085
yr_2018                      0.0141      0.033      0.432      0.666      -0.050       0.078
mo_2                         0.0085      0.019      0.435      0.663      -0.030       0.047
mo_3                        -0.0033      0.019     -0.180      0.857      -0.040       0.033
mo_4                         0.0011      0.019      0.061      0.952      -0.036       0.038
mo_5                        -0.0111      0.020     -0.561      0.575      -0.050       0.028
mo_6                        -0.0245      0.019     -1.260      0.208      -0.063       0.014
mo_7                        -0.0220      0.019     -1.166      0.244      -0.059       0.015
mo_8                        -0.0242      0.018     -1.324      0.186      -0.060       0.012
mo_9                        -0.0269      0.019     -1.450      0.147      -0.063       0.009
mo_10                       -0.0059      0.018     -0.324      0.746      -0.042       0.030
mo_11                       -0.0235      0.019     -1.250      0.211      -0.060       0.013
mo_12                       -0.0255      0.018     -1.406      0.160      -0.061       0.010
genre_Action                -0.0567      0.011     -5.349      0.000      -0.077      -0.036
genre_Adventure             -0.0062      0.011     -0.549      0.583      -0.028       0.016
genre_Animation             -0.0291      0.018     -1.620      0.105      -0.064       0.006
genre_Biography             -0.0918      0.014     -6.447      0.000      -0.120      -0.064
genre_Comedy                -0.0020      0.010     -0.214      0.830      -0.021       0.017
genre_Crime                 -0.0889      0.010     -8.668      0.000      -0.109      -0.069
genre_Drama                  0.0140      0.010      1.472      0.141      -0.005       0.033
genre_Family                 0.0704      0.015      4.827      0.000       0.042       0.099
genre_Fantasy                0.0047      0.013      0.370      0.712      -0.020       0.029
genre_History                0.0179      0.020      0.876      0.381      -0.022       0.058
genre_Horror                -0.0357      0.015     -2.445      0.015      -0.064      -0.007
genre_Music                  0.1124      0.019      5.874      0.000       0.075       0.150
genre_Musical                0.3208      0.043      7.425      0.000       0.236       0.406
genre_Mystery               -0.0590      0.013     -4.683      0.000      -0.084      -0.034
genre_News                7.275e-18   6.81e-18      1.068      0.286   -6.08e-18    2.06e-17
genre_Romance               -0.0161      0.010     -1.571      0.116      -0.036       0.004
genre_Sci_Fi                -0.0127      0.014     -0.937      0.349      -0.039       0.014
genre_Short                2.41e-18   9.04e-18      0.267      0.790   -1.53e-17    2.01e-17
genre_Sport                 -0.0373      0.021     -1.797      0.072      -0.078       0.003
genre_Thriller              -0.0749      0.011     -7.030      0.000      -0.096      -0.054
genre_War                    0.0082      0.029      0.282      0.778      -0.049       0.065
genre_Western               -0.0482      0.052     -0.935      0.350      -0.149       0.053
==============================================================================
Omnibus:                     1638.649   Durbin-Watson:                   2.007
Prob(Omnibus):                  0.000   Jarque-Bera (JB):            13148.971
Skew:                           1.741   Prob(JB):                         0.00
Kurtosis:                      11.157   Cond. No.                     1.02e+16
==============================================================================

Notes:
[1] Standard Errors assume that the covariance matrix of the errors is correctly specified.
[2] The smallest eigenvalue is 6.39e-27. This might indicate that there are
strong multicollinearity problems or that the design matrix is singular.