                            OLS Regression Results                            
==============================================================================
Dep. Variable:              sd_pooled   R-squared:                       0.561
Model:                            OLS   Adj. R-squared:                  0.554
Method:                 Least Squares   F-statistic:                     78.94
Date:                Tue, 31 Mar 2026   Prob (F-statistic):               0.00
Time:                        22:28:00   Log-Likelihood:                 530.76
No. Observations:                4012   AIC:                            -931.5
Df Residuals:                    3947   BIC:                            -522.2
Df Model:                          64                                         
Covariance Type:            nonrobust                                         
============================================================================================
                               coef    std err          t      P>|t|      [0.025      0.975]
--------------------------------------------------------------------------------------------
const                        3.3987      0.049     70.054      0.000       3.304       3.494
FLead                        0.0509      0.008      6.367      0.000       0.035       0.067
mean_pooled                 -0.2354      0.004    -53.622      0.000      -0.244      -0.227
kim_violence_gore            0.0108      0.003      4.292      0.000       0.006       0.016
kim_sex_nudity               0.0104      0.002      5.209      0.000       0.006       0.014
kim_language                -0.0161      0.002     -7.631      0.000      -0.020      -0.012
major                       -0.0379      0.008     -4.715      0.000      -0.054      -0.022
log_bom_opening_theaters     0.0055      0.002      3.126      0.002       0.002       0.009
genres_count                -0.0089      0.007     -1.311      0.190      -0.022       0.004
yr_1993                     -0.0038      0.034     -0.109      0.913      -0.071       0.064
yr_1994                      0.0005      0.035      0.014      0.989      -0.069       0.070
yr_1995                      0.0433      0.035      1.249      0.212      -0.025       0.111
yr_1996                      0.0081      0.034      0.237      0.813      -0.059       0.075
yr_1997                      0.0104      0.035      0.300      0.764      -0.058       0.078
yr_1998                      0.0598      0.033      1.785      0.074      -0.006       0.125
yr_1999                      0.0561      0.033      1.723      0.085      -0.008       0.120
yr_2000                     -0.0115      0.034     -0.344      0.731      -0.077       0.054
yr_2001                      0.0589      0.033      1.784      0.074      -0.006       0.124
yr_2002                      0.0175      0.032      0.539      0.590      -0.046       0.081
yr_2003                      0.0014      0.033      0.042      0.967      -0.063       0.065
yr_2004                      0.0643      0.032      1.982      0.048       0.001       0.128
yr_2005                      0.0507      0.032      1.573      0.116      -0.012       0.114
yr_2006                      0.0994      0.032      3.106      0.002       0.037       0.162
yr_2007                      0.1135      0.032      3.563      0.000       0.051       0.176
yr_2008                      0.0547      0.032      1.704      0.089      -0.008       0.118
yr_2009                      0.0312      0.032      0.961      0.337      -0.032       0.095
yr_2010                      0.0267      0.032      0.825      0.410      -0.037       0.090
yr_2011                      0.0302      0.032      0.948      0.343      -0.032       0.093
yr_2012                      0.0146      0.032      0.462      0.644      -0.047       0.077
yr_2013                      0.0059      0.032      0.186      0.853      -0.057       0.068
yr_2014                      0.0340      0.032      1.055      0.291      -0.029       0.097
yr_2015                     -0.0338      0.032     -1.055      0.291      -0.096       0.029
yr_2016                     -0.0393      0.032     -1.220      0.222      -0.103       0.024
yr_2017                      0.0146      0.033      0.450      0.653      -0.049       0.078
yr_2018                      0.0080      0.033      0.244      0.807      -0.056       0.072
mo_2                         0.0109      0.019      0.560      0.575      -0.027       0.049
mo_3                        -0.0044      0.019     -0.239      0.811      -0.041       0.032
mo_4                         0.0039      0.019      0.209      0.835      -0.033       0.041
mo_5                        -0.0090      0.020     -0.458      0.647      -0.048       0.030
mo_6                        -0.0244      0.019     -1.254      0.210      -0.063       0.014
mo_7                        -0.0218      0.019     -1.153      0.249      -0.059       0.015
mo_8                        -0.0222      0.018     -1.216      0.224      -0.058       0.014
mo_9                        -0.0260      0.019     -1.402      0.161      -0.062       0.010
mo_10                       -0.0048      0.018     -0.266      0.791      -0.041       0.031
mo_11                       -0.0201      0.019     -1.070      0.285      -0.057       0.017
mo_12                       -0.0252      0.018     -1.388      0.165      -0.061       0.010
genre_Action                -0.0542      0.011     -5.103      0.000      -0.075      -0.033
genre_Adventure             -0.0049      0.011     -0.432      0.665      -0.027       0.017
genre_Animation             -0.0272      0.018     -1.512      0.131      -0.062       0.008
genre_Biography             -0.0945      0.014     -6.637      0.000      -0.122      -0.067
genre_Comedy                -0.0085      0.009     -0.898      0.369      -0.027       0.010
genre_Crime                 -0.0959      0.010     -9.474      0.000      -0.116      -0.076
genre_Drama                  0.0122      0.010      1.286      0.198      -0.006       0.031
genre_Family                 0.0684      0.015      4.674      0.000       0.040       0.097
genre_Fantasy                0.0063      0.013      0.500      0.617      -0.018       0.031
genre_History                0.0222      0.020      1.091      0.275      -0.018       0.062
genre_Horror                -0.0346      0.015     -2.368      0.018      -0.063      -0.006
genre_Music                  0.1085      0.019      5.676      0.000       0.071       0.146
genre_Musical                0.3265      0.043      7.562      0.000       0.242       0.411
genre_Mystery               -0.0557      0.013     -4.420      0.000      -0.080      -0.031
genre_News                6.087e-18   4.73e-18      1.287      0.198   -3.19e-18    1.54e-17
genre_Romance               -0.0160      0.010     -1.555      0.120      -0.036       0.004
genre_Sci_Fi                -0.0115      0.014     -0.847      0.397      -0.038       0.015
genre_Short               2.635e-19    3.6e-18      0.073      0.942   -6.79e-18    7.32e-18
genre_Sport                 -0.0387      0.021     -1.867      0.062      -0.079       0.002
genre_Thriller              -0.0769      0.011     -7.240      0.000      -0.098      -0.056
genre_War                    0.0053      0.029      0.180      0.857      -0.052       0.062
genre_Western               -0.0398      0.051     -0.774      0.439      -0.141       0.061
==============================================================================
Omnibus:                     1658.909   Durbin-Watson:                   2.008
Prob(Omnibus):                  0.000   Jarque-Bera (JB):            13640.709
Skew:                           1.759   Prob(JB):                         0.00
Kurtosis:                      11.320   Cond. No.                     1.02e+16
==============================================================================

Notes:
[1] Standard Errors assume that the covariance matrix of the errors is correctly specified.
[2] The smallest eigenvalue is 6.18e-27. This might indicate that there are
strong multicollinearity problems or that the design matrix is singular.