                            OLS Regression Results                            
==============================================================================
Dep. Variable:              sd_pooled   R-squared:                       0.562
Model:                            OLS   Adj. R-squared:                  0.555
Method:                 Least Squares   F-statistic:                     79.02
Date:                Tue, 31 Mar 2026   Prob (F-statistic):               0.00
Time:                        12:21:24   Log-Likelihood:                 531.82
No. Observations:                4012   AIC:                            -933.6
Df Residuals:                    3947   BIC:                            -524.3
Df Model:                          64                                         
Covariance Type:            nonrobust                                         
============================================================================================
                               coef    std err          t      P>|t|      [0.025      0.975]
--------------------------------------------------------------------------------------------
const                        3.3802      0.048     69.835      0.000       3.285       3.475
FLead                        0.0469      0.008      5.834      0.000       0.031       0.063
mean_pooled                 -0.2331      0.004    -52.947      0.000      -0.242      -0.224
kim_violence_gore            0.0107      0.002      4.407      0.000       0.006       0.015
kim_sex_nudity               0.0119      0.002      5.874      0.000       0.008       0.016
kim_language                -0.0148      0.002     -7.887      0.000      -0.018      -0.011
major                       -0.0397      0.008     -4.934      0.000      -0.055      -0.024
log_bom_opening_theaters     0.0056      0.002      3.177      0.001       0.002       0.009
genres_count                -0.0092      0.007     -1.352      0.176      -0.022       0.004
yr_1993                     -0.0036      0.034     -0.103      0.918      -0.071       0.064
yr_1994                     -0.0025      0.035     -0.070      0.944      -0.071       0.067
yr_1995                      0.0458      0.035      1.319      0.187      -0.022       0.114
yr_1996                      0.0097      0.034      0.284      0.776      -0.057       0.076
yr_1997                      0.0148      0.035      0.425      0.671      -0.053       0.083
yr_1998                      0.0603      0.033      1.801      0.072      -0.005       0.126
yr_1999                      0.0625      0.033      1.919      0.055      -0.001       0.126
yr_2000                     -0.0063      0.034     -0.186      0.852      -0.072       0.060
yr_2001                      0.0585      0.033      1.774      0.076      -0.006       0.123
yr_2002                      0.0183      0.032      0.564      0.573      -0.045       0.082
yr_2003                      0.0014      0.033      0.043      0.966      -0.063       0.065
yr_2004                      0.0624      0.032      1.924      0.054      -0.001       0.126
yr_2005                      0.0503      0.032      1.565      0.118      -0.013       0.113
yr_2006                      0.0985      0.032      3.082      0.002       0.036       0.161
yr_2007                      0.1119      0.032      3.513      0.000       0.049       0.174
yr_2008                      0.0551      0.032      1.718      0.086      -0.008       0.118
yr_2009                      0.0339      0.032      1.045      0.296      -0.030       0.098
yr_2010                      0.0282      0.032      0.873      0.383      -0.035       0.092
yr_2011                      0.0310      0.032      0.975      0.330      -0.031       0.093
yr_2012                      0.0166      0.032      0.524      0.600      -0.045       0.079
yr_2013                      0.0087      0.032      0.272      0.785      -0.054       0.071
yr_2014                      0.0417      0.032      1.294      0.196      -0.021       0.105
yr_2015                     -0.0302      0.032     -0.943      0.346      -0.093       0.033
yr_2016                     -0.0334      0.032     -1.037      0.300      -0.097       0.030
yr_2017                      0.0217      0.033      0.668      0.504      -0.042       0.086
yr_2018                      0.0170      0.033      0.520      0.603      -0.047       0.081
mo_2                         0.0067      0.019      0.344      0.731      -0.031       0.045
mo_3                        -0.0043      0.019     -0.234      0.815      -0.041       0.032
mo_4                         0.0005      0.019      0.027      0.978      -0.036       0.037
mo_5                        -0.0127      0.020     -0.644      0.519      -0.051       0.026
mo_6                        -0.0257      0.019     -1.322      0.186      -0.064       0.012
mo_7                        -0.0242      0.019     -1.281      0.200      -0.061       0.013
mo_8                        -0.0260      0.018     -1.424      0.154      -0.062       0.010
mo_9                        -0.0288      0.019     -1.554      0.120      -0.065       0.008
mo_10                       -0.0076      0.018     -0.419      0.675      -0.043       0.028
mo_11                       -0.0246      0.019     -1.312      0.189      -0.061       0.012
mo_12                       -0.0270      0.018     -1.489      0.136      -0.063       0.009
genre_Action                -0.0529      0.011     -5.023      0.000      -0.074      -0.032
genre_Adventure             -0.0056      0.011     -0.497      0.619      -0.028       0.016
genre_Animation             -0.0292      0.018     -1.627      0.104      -0.064       0.006
genre_Biography             -0.0922      0.014     -6.475      0.000      -0.120      -0.064
genre_Comedy                -0.0059      0.009     -0.625      0.532      -0.024       0.013
genre_Crime                 -0.0881      0.010     -8.604      0.000      -0.108      -0.068
genre_Drama                  0.0127      0.009      1.340      0.180      -0.006       0.031
genre_Family                 0.0706      0.015      4.844      0.000       0.042       0.099
genre_Fantasy                0.0044      0.013      0.345      0.730      -0.020       0.029
genre_History                0.0185      0.020      0.904      0.366      -0.022       0.058
genre_Horror                -0.0298      0.014     -2.068      0.039      -0.058      -0.002
genre_Music                  0.1084      0.019      5.687      0.000       0.071       0.146
genre_Musical                0.3182      0.043      7.365      0.000       0.233       0.403
genre_Mystery               -0.0593      0.013     -4.712      0.000      -0.084      -0.035
genre_News                1.725e-17   2.04e-17      0.847      0.397   -2.27e-17    5.72e-17
genre_Romance               -0.0207      0.010     -2.020      0.043      -0.041      -0.001
genre_Sci_Fi                -0.0127      0.014     -0.933      0.351      -0.039       0.014
genre_Short              -7.847e-18   1.92e-17     -0.409      0.682   -4.54e-17    2.98e-17
genre_Sport                 -0.0390      0.021     -1.881      0.060      -0.080       0.002
genre_Thriller              -0.0739      0.011     -6.938      0.000      -0.095      -0.053
genre_War                    0.0129      0.029      0.442      0.658      -0.044       0.070
genre_Western               -0.0455      0.051     -0.884      0.377      -0.146       0.055
==============================================================================
Omnibus:                     1649.969   Durbin-Watson:                   2.009
Prob(Omnibus):                  0.000   Jarque-Bera (JB):            13403.814
Skew:                           1.751   Prob(JB):                         0.00
Kurtosis:                      11.241   Cond. No.                     1.02e+16
==============================================================================

Notes:
[1] Standard Errors assume that the covariance matrix of the errors is correctly specified.
[2] The smallest eigenvalue is 6.39e-27. This might indicate that there are
strong multicollinearity problems or that the design matrix is singular.