                            OLS Regression Results                            
==============================================================================
Dep. Variable:              sd_pooled   R-squared:                       0.561
Model:                            OLS   Adj. R-squared:                  0.554
Method:                 Least Squares   F-statistic:                     78.89
Date:                Tue, 31 Mar 2026   Prob (F-statistic):               0.00
Time:                        12:22:33   Log-Likelihood:                 529.94
No. Observations:                4012   AIC:                            -929.9
Df Residuals:                    3947   BIC:                            -520.6
Df Model:                          64                                         
Covariance Type:            nonrobust                                         
============================================================================================
                               coef    std err          t      P>|t|      [0.025      0.975]
--------------------------------------------------------------------------------------------
const                        3.3822      0.048     69.860      0.000       3.287       3.477
FLead                        0.0464      0.008      5.766      0.000       0.031       0.062
mean_pooled                 -0.2331      0.004    -52.898      0.000      -0.242      -0.224
kim_violence_gore            0.0095      0.002      3.965      0.000       0.005       0.014
kim_sex_nudity               0.0121      0.002      5.988      0.000       0.008       0.016
kim_language                -0.0145      0.002     -7.773      0.000      -0.018      -0.011
major                       -0.0396      0.008     -4.920      0.000      -0.055      -0.024
log_bom_opening_theaters     0.0057      0.002      3.218      0.001       0.002       0.009
genres_count                -0.0084      0.007     -1.236      0.216      -0.022       0.005
yr_1993                     -0.0049      0.034     -0.142      0.887      -0.072       0.063
yr_1994                     -0.0029      0.035     -0.082      0.935      -0.072       0.066
yr_1995                      0.0446      0.035      1.284      0.199      -0.023       0.113
yr_1996                      0.0094      0.034      0.275      0.783      -0.057       0.076
yr_1997                      0.0143      0.035      0.411      0.681      -0.054       0.082
yr_1998                      0.0599      0.033      1.790      0.073      -0.006       0.126
yr_1999                      0.0616      0.033      1.888      0.059      -0.002       0.125
yr_2000                     -0.0076      0.034     -0.225      0.822      -0.073       0.058
yr_2001                      0.0581      0.033      1.759      0.079      -0.007       0.123
yr_2002                      0.0171      0.032      0.528      0.598      -0.047       0.081
yr_2003                      0.0018      0.033      0.054      0.957      -0.062       0.066
yr_2004                      0.0632      0.032      1.946      0.052      -0.000       0.127
yr_2005                      0.0500      0.032      1.552      0.121      -0.013       0.113
yr_2006                      0.0991      0.032      3.097      0.002       0.036       0.162
yr_2007                      0.1129      0.032      3.545      0.000       0.050       0.175
yr_2008                      0.0540      0.032      1.682      0.093      -0.009       0.117
yr_2009                      0.0339      0.032      1.044      0.297      -0.030       0.098
yr_2010                      0.0287      0.032      0.886      0.376      -0.035       0.092
yr_2011                      0.0326      0.032      1.026      0.305      -0.030       0.095
yr_2012                      0.0171      0.032      0.539      0.590      -0.045       0.079
yr_2013                      0.0095      0.032      0.298      0.766      -0.053       0.072
yr_2014                      0.0405      0.032      1.255      0.210      -0.023       0.104
yr_2015                     -0.0306      0.032     -0.955      0.340      -0.093       0.032
yr_2016                     -0.0346      0.032     -1.071      0.284      -0.098       0.029
yr_2017                      0.0214      0.033      0.659      0.510      -0.042       0.085
yr_2018                      0.0164      0.033      0.503      0.615      -0.048       0.081
mo_2                         0.0077      0.019      0.398      0.691      -0.030       0.046
mo_3                        -0.0042      0.019     -0.228      0.820      -0.041       0.032
mo_4                         0.0007      0.019      0.038      0.970      -0.036       0.037
mo_5                        -0.0133      0.020     -0.673      0.501      -0.052       0.025
mo_6                        -0.0262      0.019     -1.347      0.178      -0.064       0.012
mo_7                        -0.0238      0.019     -1.261      0.208      -0.061       0.013
mo_8                        -0.0258      0.018     -1.414      0.158      -0.062       0.010
mo_9                        -0.0284      0.019     -1.532      0.126      -0.065       0.008
mo_10                       -0.0067      0.018     -0.367      0.714      -0.042       0.029
mo_11                       -0.0247      0.019     -1.315      0.189      -0.061       0.012
mo_12                       -0.0263      0.018     -1.452      0.147      -0.062       0.009
genre_Action                -0.0522      0.011     -4.948      0.000      -0.073      -0.032
genre_Adventure             -0.0056      0.011     -0.495      0.621      -0.028       0.016
genre_Animation             -0.0298      0.018     -1.657      0.098      -0.065       0.005
genre_Biography             -0.0932      0.014     -6.550      0.000      -0.121      -0.065
genre_Comedy                -0.0071      0.009     -0.748      0.455      -0.026       0.011
genre_Crime                 -0.0875      0.010     -8.549      0.000      -0.108      -0.067
genre_Drama                  0.0122      0.010      1.284      0.199      -0.006       0.031
genre_Family                 0.0695      0.015      4.770      0.000       0.041       0.098
genre_Fantasy                0.0045      0.013      0.354      0.723      -0.020       0.029
genre_History                0.0200      0.020      0.982      0.326      -0.020       0.060
genre_Horror                -0.0280      0.014     -1.936      0.053      -0.056       0.000
genre_Music                  0.1088      0.019      5.689      0.000       0.071       0.146
genre_Musical                0.3144      0.043      7.279      0.000       0.230       0.399
genre_Mystery               -0.0591      0.013     -4.695      0.000      -0.084      -0.034
genre_News               -1.671e-17   9.71e-18     -1.721      0.085   -3.58e-17    2.33e-18
genre_Romance               -0.0224      0.010     -2.190      0.029      -0.042      -0.002
genre_Sci_Fi                -0.0126      0.014     -0.931      0.352      -0.039       0.014
genre_Short               -5.42e-18   2.25e-18     -2.410      0.016   -9.83e-18   -1.01e-18
genre_Sport                 -0.0386      0.021     -1.863      0.063      -0.079       0.002
genre_Thriller              -0.0732      0.011     -6.876      0.000      -0.094      -0.052
genre_War                    0.0146      0.029      0.502      0.616      -0.043       0.072
genre_Western               -0.0430      0.051     -0.836      0.403      -0.144       0.058
==============================================================================
Omnibus:                     1649.010   Durbin-Watson:                   2.005
Prob(Omnibus):                  0.000   Jarque-Bera (JB):            13391.226
Skew:                           1.750   Prob(JB):                         0.00
Kurtosis:                      11.237   Cond. No.                     1.02e+16
==============================================================================

Notes:
[1] Standard Errors assume that the covariance matrix of the errors is correctly specified.
[2] The smallest eigenvalue is 6.38e-27. This might indicate that there are
strong multicollinearity problems or that the design matrix is singular.