                            OLS Regression Results                            
==============================================================================
Dep. Variable:              sd_pooled   R-squared:                       0.560
Model:                            OLS   Adj. R-squared:                  0.553
Method:                 Least Squares   F-statistic:                     78.42
Date:                Tue, 31 Mar 2026   Prob (F-statistic):               0.00
Time:                        23:59:26   Log-Likelihood:                 523.25
No. Observations:                4012   AIC:                            -916.5
Df Residuals:                    3947   BIC:                            -507.2
Df Model:                          64                                         
Covariance Type:            nonrobust                                         
============================================================================================
                               coef    std err          t      P>|t|      [0.025      0.975]
--------------------------------------------------------------------------------------------
const                        3.3870      0.049     69.756      0.000       3.292       3.482
FLead                        0.0448      0.008      5.564      0.000       0.029       0.061
mean_pooled                 -0.2319      0.004    -52.654      0.000      -0.241      -0.223
kim_violence_gore            0.0040      0.003      1.590      0.112      -0.001       0.009
kim_sex_nudity               0.0133      0.002      6.684      0.000       0.009       0.017
kim_language                -0.0133      0.002     -7.213      0.000      -0.017      -0.010
major                       -0.0412      0.008     -5.111      0.000      -0.057      -0.025
log_bom_opening_theaters     0.0061      0.002      3.457      0.001       0.003       0.010
genres_count                -0.0054      0.007     -0.796      0.426      -0.019       0.008
yr_1993                      0.0001      0.035      0.003      0.998      -0.068       0.068
yr_1994                      0.0010      0.035      0.029      0.977      -0.068       0.070
yr_1995                      0.0483      0.035      1.388      0.165      -0.020       0.116
yr_1996                      0.0126      0.034      0.368      0.713      -0.054       0.079
yr_1997                      0.0183      0.035      0.528      0.598      -0.050       0.087
yr_1998                      0.0608      0.034      1.812      0.070      -0.005       0.127
yr_1999                      0.0656      0.033      2.008      0.045       0.002       0.130
yr_2000                     -0.0050      0.034     -0.148      0.882      -0.071       0.061
yr_2001                      0.0643      0.033      1.946      0.052      -0.000       0.129
yr_2002                      0.0200      0.033      0.614      0.539      -0.044       0.084
yr_2003                      0.0048      0.033      0.148      0.883      -0.059       0.069
yr_2004                      0.0676      0.033      2.078      0.038       0.004       0.131
yr_2005                      0.0554      0.032      1.717      0.086      -0.008       0.119
yr_2006                      0.1064      0.032      3.324      0.001       0.044       0.169
yr_2007                      0.1198      0.032      3.755      0.000       0.057       0.182
yr_2008                      0.0600      0.032      1.868      0.062      -0.003       0.123
yr_2009                      0.0388      0.033      1.190      0.234      -0.025       0.103
yr_2010                      0.0352      0.032      1.087      0.277      -0.028       0.099
yr_2011                      0.0372      0.032      1.166      0.244      -0.025       0.100
yr_2012                      0.0210      0.032      0.661      0.509      -0.041       0.083
yr_2013                      0.0129      0.032      0.402      0.688      -0.050       0.076
yr_2014                      0.0416      0.032      1.282      0.200      -0.022       0.105
yr_2015                     -0.0304      0.032     -0.945      0.345      -0.093       0.033
yr_2016                     -0.0315      0.032     -0.974      0.330      -0.095       0.032
yr_2017                      0.0228      0.033      0.697      0.486      -0.041       0.087
yr_2018                      0.0179      0.033      0.545      0.586      -0.046       0.082
mo_2                         0.0077      0.019      0.393      0.694      -0.031       0.046
mo_3                        -0.0039      0.019     -0.211      0.833      -0.040       0.032
mo_4                         0.0017      0.019      0.093      0.926      -0.035       0.039
mo_5                        -0.0128      0.020     -0.646      0.518      -0.052       0.026
mo_6                        -0.0268      0.020     -1.372      0.170      -0.065       0.011
mo_7                        -0.0249      0.019     -1.311      0.190      -0.062       0.012
mo_8                        -0.0257      0.018     -1.408      0.159      -0.062       0.010
mo_9                        -0.0289      0.019     -1.554      0.120      -0.065       0.008
mo_10                       -0.0058      0.018     -0.316      0.752      -0.042       0.030
mo_11                       -0.0243      0.019     -1.295      0.195      -0.061       0.013
mo_12                       -0.0247      0.018     -1.357      0.175      -0.060       0.011
genre_Action                -0.0455      0.010     -4.372      0.000      -0.066      -0.025
genre_Adventure             -0.0049      0.011     -0.437      0.662      -0.027       0.017
genre_Animation             -0.0354      0.018     -1.976      0.048      -0.071      -0.000
genre_Biography             -0.0965      0.014     -6.779      0.000      -0.124      -0.069
genre_Comedy                -0.0183      0.009     -2.053      0.040      -0.036      -0.001
genre_Crime                 -0.0840      0.010     -8.226      0.000      -0.104      -0.064
genre_Drama                  0.0083      0.009      0.881      0.378      -0.010       0.027
genre_Family                 0.0648      0.015      4.458      0.000       0.036       0.093
genre_Fantasy                0.0054      0.013      0.425      0.671      -0.019       0.030
genre_History                0.0239      0.020      1.172      0.241      -0.016       0.064
genre_Horror                -0.0104      0.014     -0.760      0.447      -0.037       0.016
genre_Music                  0.0990      0.019      5.220      0.000       0.062       0.136
genre_Musical                0.3109      0.043      7.188      0.000       0.226       0.396
genre_Mystery               -0.0603      0.013     -4.778      0.000      -0.085      -0.036
genre_News               -1.172e-17   7.47e-18     -1.570      0.116   -2.64e-17    2.92e-18
genre_Romance               -0.0305      0.010     -3.055      0.002      -0.050      -0.011
genre_Sci_Fi                -0.0116      0.014     -0.854      0.393      -0.038       0.015
genre_Short              -2.236e-18   3.67e-18     -0.609      0.543   -9.44e-18    4.97e-18
genre_Sport                 -0.0442      0.021     -2.131      0.033      -0.085      -0.004
genre_Thriller              -0.0729      0.011     -6.827      0.000      -0.094      -0.052
genre_War                    0.0289      0.029      0.997      0.319      -0.028       0.086
genre_Western               -0.0320      0.051     -0.623      0.534      -0.133       0.069
==============================================================================
Omnibus:                     1662.278   Durbin-Watson:                   2.004
Prob(Omnibus):                  0.000   Jarque-Bera (JB):            13722.648
Skew:                           1.762   Prob(JB):                         0.00
Kurtosis:                      11.347   Cond. No.                     1.02e+16
==============================================================================

Notes:
[1] Standard Errors assume that the covariance matrix of the errors is correctly specified.
[2] The smallest eigenvalue is 5.93e-27. This might indicate that there are
strong multicollinearity problems or that the design matrix is singular.