                            OLS Regression Results                            
==============================================================================
Dep. Variable:              sd_pooled   R-squared:                       0.560
Model:                            OLS   Adj. R-squared:                  0.553
Method:                 Least Squares   F-statistic:                     78.39
Date:                Wed, 01 Apr 2026   Prob (F-statistic):               0.00
Time:                        00:03:05   Log-Likelihood:                 522.79
No. Observations:                4012   AIC:                            -915.6
Df Residuals:                    3947   BIC:                            -506.3
Df Model:                          64                                         
Covariance Type:            nonrobust                                         
============================================================================================
                               coef    std err          t      P>|t|      [0.025      0.975]
--------------------------------------------------------------------------------------------
const                        3.3978      0.049     69.925      0.000       3.303       3.493
FLead                        0.0430      0.008      5.336      0.000       0.027       0.059
mean_pooled                 -0.2318      0.004    -52.630      0.000      -0.240      -0.223
kim_violence_gore           -0.0032      0.002     -1.269      0.205      -0.008       0.002
kim_sex_nudity               0.0138      0.002      6.915      0.000       0.010       0.018
kim_language                -0.0126      0.002     -6.837      0.000      -0.016      -0.009
major                       -0.0413      0.008     -5.125      0.000      -0.057      -0.025
log_bom_opening_theaters     0.0064      0.002      3.640      0.000       0.003       0.010
genres_count                -0.0039      0.007     -0.582      0.561      -0.017       0.009
yr_1993                      0.0038      0.035      0.111      0.911      -0.064       0.072
yr_1994                      0.0027      0.035      0.077      0.938      -0.066       0.072
yr_1995                      0.0528      0.035      1.519      0.129      -0.015       0.121
yr_1996                      0.0158      0.034      0.463      0.643      -0.051       0.083
yr_1997                      0.0223      0.035      0.643      0.520      -0.046       0.090
yr_1998                      0.0639      0.034      1.907      0.057      -0.002       0.130
yr_1999                      0.0698      0.033      2.141      0.032       0.006       0.134
yr_2000                     -0.0013      0.034     -0.040      0.968      -0.067       0.065
yr_2001                      0.0707      0.033      2.139      0.032       0.006       0.135
yr_2002                      0.0264      0.033      0.812      0.417      -0.037       0.090
yr_2003                      0.0104      0.033      0.317      0.751      -0.054       0.075
yr_2004                      0.0739      0.032      2.273      0.023       0.010       0.138
yr_2005                      0.0620      0.032      1.925      0.054      -0.001       0.125
yr_2006                      0.1128      0.032      3.530      0.000       0.050       0.176
yr_2007                      0.1260      0.032      3.958      0.000       0.064       0.188
yr_2008                      0.0662      0.032      2.062      0.039       0.003       0.129
yr_2009                      0.0452      0.032      1.391      0.164      -0.018       0.109
yr_2010                      0.0414      0.032      1.276      0.202      -0.022       0.105
yr_2011                      0.0425      0.032      1.337      0.181      -0.020       0.105
yr_2012                      0.0284      0.032      0.894      0.372      -0.034       0.091
yr_2013                      0.0202      0.032      0.632      0.527      -0.042       0.083
yr_2014                      0.0500      0.032      1.546      0.122      -0.013       0.114
yr_2015                     -0.0244      0.032     -0.761      0.447      -0.087       0.039
yr_2016                     -0.0252      0.032     -0.780      0.436      -0.089       0.038
yr_2017                      0.0288      0.033      0.883      0.377      -0.035       0.093
yr_2018                      0.0250      0.033      0.762      0.446      -0.039       0.089
mo_2                         0.0077      0.020      0.397      0.692      -0.030       0.046
mo_3                        -0.0040      0.019     -0.214      0.831      -0.040       0.032
mo_4                         0.0025      0.019      0.135      0.893      -0.034       0.039
mo_5                        -0.0127      0.020     -0.641      0.522      -0.051       0.026
mo_6                        -0.0255      0.020     -1.309      0.191      -0.064       0.013
mo_7                        -0.0243      0.019     -1.282      0.200      -0.061       0.013
mo_8                        -0.0260      0.018     -1.420      0.156      -0.062       0.010
mo_9                        -0.0289      0.019     -1.555      0.120      -0.065       0.008
mo_10                       -0.0052      0.018     -0.286      0.775      -0.041       0.031
mo_11                       -0.0238      0.019     -1.267      0.205      -0.061       0.013
mo_12                       -0.0245      0.018     -1.348      0.178      -0.060       0.011
genre_Action                -0.0434      0.010     -4.166      0.000      -0.064      -0.023
genre_Adventure             -0.0039      0.011     -0.346      0.729      -0.026       0.018
genre_Animation             -0.0368      0.018     -2.051      0.040      -0.072      -0.002
genre_Biography             -0.0968      0.014     -6.800      0.000      -0.125      -0.069
genre_Comedy                -0.0207      0.009     -2.313      0.021      -0.038      -0.003
genre_Crime                 -0.0820      0.010     -8.026      0.000      -0.102      -0.062
genre_Drama                  0.0073      0.009      0.777      0.437      -0.011       0.026
genre_Family                 0.0629      0.015      4.333      0.000       0.034       0.091
genre_Fantasy                0.0065      0.013      0.510      0.610      -0.018       0.031
genre_History                0.0247      0.020      1.211      0.226      -0.015       0.065
genre_Horror                -0.0094      0.014     -0.686      0.493      -0.036       0.017
genre_Music                  0.0963      0.019      5.077      0.000       0.059       0.133
genre_Musical                0.3094      0.043      7.150      0.000       0.225       0.394
genre_Mystery               -0.0592      0.013     -4.694      0.000      -0.084      -0.034
genre_News                2.114e-19   6.07e-18      0.035      0.972   -1.17e-17    1.21e-17
genre_Romance               -0.0336      0.010     -3.377      0.001      -0.053      -0.014
genre_Sci_Fi                -0.0116      0.014     -0.857      0.392      -0.038       0.015
genre_Short              -2.148e-17   3.12e-17     -0.688      0.491   -8.27e-17    3.97e-17
genre_Sport                 -0.0436      0.021     -2.105      0.035      -0.084      -0.003
genre_Thriller              -0.0721      0.011     -6.755      0.000      -0.093      -0.051
genre_War                    0.0307      0.029      1.059      0.290      -0.026       0.087
genre_Western               -0.0285      0.051     -0.554      0.579      -0.129       0.072
==============================================================================
Omnibus:                     1661.010   Durbin-Watson:                   2.005
Prob(Omnibus):                  0.000   Jarque-Bera (JB):            13648.370
Skew:                           1.762   Prob(JB):                         0.00
Kurtosis:                      11.320   Cond. No.                     1.02e+16
==============================================================================

Notes:
[1] Standard Errors assume that the covariance matrix of the errors is correctly specified.
[2] The smallest eigenvalue is 5.94e-27. This might indicate that there are
strong multicollinearity problems or that the design matrix is singular.