                            OLS Regression Results                            
==============================================================================
Dep. Variable:              sd_pooled   R-squared:                       0.559
Model:                            OLS   Adj. R-squared:                  0.548
Method:                 Least Squares   F-statistic:                     54.29
Date:                Sun, 29 Mar 2026   Prob (F-statistic):               0.00
Time:                        15:16:53   Log-Likelihood:                 325.26
No. Observations:                2809   AIC:                            -520.5
Df Residuals:                    2744   BIC:                            -134.4
Df Model:                          64                                         
Covariance Type:            nonrobust                                         
============================================================================================
                               coef    std err          t      P>|t|      [0.025      0.975]
--------------------------------------------------------------------------------------------
const                        3.4249      0.059     57.782      0.000       3.309       3.541
FLead                        0.0471      0.010      4.772      0.000       0.028       0.066
mean_pooled                 -0.2406      0.005    -44.317      0.000      -0.251      -0.230
kim_violence_gore            0.0104      0.003      3.411      0.001       0.004       0.016
kim_sex_nudity               0.0112      0.002      4.542      0.000       0.006       0.016
kim_language                -0.0140      0.002     -6.152      0.000      -0.018      -0.010
major                       -0.0372      0.010     -3.779      0.000      -0.056      -0.018
log_bom_opening_theaters     0.0036      0.002      1.671      0.095      -0.001       0.008
genres_count                -0.0103      0.008     -1.256      0.209      -0.026       0.006
yr_1993                      0.0202      0.042      0.484      0.629      -0.062       0.102
yr_1994                     -0.0013      0.042     -0.030      0.976      -0.084       0.082
yr_1995                      0.0694      0.042      1.639      0.101      -0.014       0.152
yr_1996                      0.0093      0.041      0.224      0.823      -0.072       0.091
yr_1997                      0.0400      0.042      0.950      0.342      -0.042       0.122
yr_1998                      0.0938      0.041      2.311      0.021       0.014       0.173
yr_1999                      0.0781      0.039      1.983      0.047       0.001       0.155
yr_2000                      0.0056      0.041      0.136      0.892      -0.075       0.086
yr_2001                      0.0710      0.040      1.779      0.075      -0.007       0.149
yr_2002                      0.0223      0.040      0.561      0.575      -0.056       0.100
yr_2003                      0.0138      0.039      0.352      0.725      -0.063       0.091
yr_2004                      0.0693      0.039      1.766      0.078      -0.008       0.146
yr_2005                      0.0460      0.039      1.166      0.244      -0.031       0.123
yr_2006                      0.1057      0.039      2.689      0.007       0.029       0.183
yr_2007                      0.1426      0.039      3.679      0.000       0.067       0.219
yr_2008                      0.0663      0.039      1.704      0.088      -0.010       0.143
yr_2009                      0.0484      0.039      1.227      0.220      -0.029       0.126
yr_2010                      0.0391      0.039      0.996      0.319      -0.038       0.116
yr_2011                      0.0539      0.039      1.390      0.165      -0.022       0.130
yr_2012                      0.0368      0.039      0.952      0.341      -0.039       0.113
yr_2013                      0.0328      0.039      0.845      0.398      -0.043       0.109
yr_2014                      0.0558      0.039      1.441      0.150      -0.020       0.132
yr_2015                     -0.0183      0.039     -0.473      0.637      -0.094       0.058
yr_2016                     -0.0193      0.039     -0.488      0.625      -0.097       0.058
yr_2017                      0.0248      0.040      0.626      0.532      -0.053       0.102
yr_2018                      0.0228      0.040      0.570      0.569      -0.056       0.101
mo_2                        -0.0008      0.024     -0.033      0.973      -0.048       0.047
mo_3                         0.0058      0.023      0.255      0.798      -0.039       0.050
mo_4                         0.0055      0.023      0.243      0.808      -0.039       0.050
mo_5                        -0.0091      0.024     -0.374      0.708      -0.057       0.039
mo_6                        -0.0096      0.024     -0.402      0.688      -0.056       0.037
mo_7                        -0.0192      0.023     -0.832      0.406      -0.064       0.026
mo_8                        -0.0150      0.022     -0.668      0.504      -0.059       0.029
mo_9                        -0.0242      0.023     -1.063      0.288      -0.069       0.020
mo_10                       -0.0036      0.022     -0.163      0.871      -0.048       0.040
mo_11                       -0.0209      0.023     -0.913      0.361      -0.066       0.024
mo_12                       -0.0227      0.022     -1.020      0.308      -0.066       0.021
genre_Action                -0.0595      0.013     -4.661      0.000      -0.085      -0.034
genre_Adventure              0.0007      0.014      0.052      0.958      -0.026       0.028
genre_Animation             -0.0354      0.022     -1.629      0.104      -0.078       0.007
genre_Biography             -0.0954      0.018     -5.342      0.000      -0.130      -0.060
genre_Comedy                -0.0033      0.011     -0.288      0.773      -0.026       0.019
genre_Crime                 -0.0889      0.012     -7.189      0.000      -0.113      -0.065
genre_Drama                  0.0084      0.012      0.722      0.470      -0.014       0.031
genre_Family                 0.0707      0.018      3.940      0.000       0.036       0.106
genre_Fantasy                0.0138      0.015      0.917      0.359      -0.016       0.043
genre_History                0.0472      0.024      1.943      0.052      -0.000       0.095
genre_Horror                -0.0360      0.018     -1.997      0.046      -0.071      -0.001
genre_Music                  0.1219      0.023      5.269      0.000       0.077       0.167
genre_Musical                0.2934      0.055      5.365      0.000       0.186       0.401
genre_Mystery               -0.0502      0.015     -3.339      0.001      -0.080      -0.021
genre_News               -3.294e-18    1.4e-17     -0.234      0.815   -3.08e-17    2.42e-17
genre_Romance               -0.0191      0.013     -1.511      0.131      -0.044       0.006
genre_Sci_Fi                -0.0121      0.016     -0.744      0.457      -0.044       0.020
genre_Short               4.985e-18   1.04e-17      0.478      0.633   -1.55e-17    2.54e-17
genre_Sport                 -0.0204      0.025     -0.804      0.421      -0.070       0.029
genre_Thriller              -0.0712      0.013     -5.506      0.000      -0.097      -0.046
genre_War                   -0.0116      0.037     -0.316      0.752      -0.084       0.061
genre_Western               -0.0633      0.056     -1.122      0.262      -0.174       0.047
==============================================================================
Omnibus:                     1238.440   Durbin-Watson:                   2.071
Prob(Omnibus):                  0.000   Jarque-Bera (JB):            11437.043
Skew:                           1.850   Prob(JB):                         0.00
Kurtosis:                      12.166   Cond. No.                     1.02e+16
==============================================================================

Notes:
[1] Standard Errors assume that the covariance matrix of the errors is correctly specified.
[2] The smallest eigenvalue is 4.48e-27. This might indicate that there are
strong multicollinearity problems or that the design matrix is singular.