                            OLS Regression Results                            
==============================================================================
Dep. Variable:              sd_pooled   R-squared:                       0.565
Model:                            OLS   Adj. R-squared:                  0.555
Method:                 Least Squares   F-statistic:                     55.79
Date:                Tue, 31 Mar 2026   Prob (F-statistic):               0.00
Time:                        15:07:21   Log-Likelihood:                 410.05
No. Observations:                2809   AIC:                            -690.1
Df Residuals:                    2744   BIC:                            -304.0
Df Model:                          64                                         
Covariance Type:            nonrobust                                         
============================================================================================
                               coef    std err          t      P>|t|      [0.025      0.975]
--------------------------------------------------------------------------------------------
const                        3.3197      0.057     58.059      0.000       3.208       3.432
FLead                        0.0500      0.010      5.209      0.000       0.031       0.069
mean_pooled                 -0.2306      0.005    -43.958      0.000      -0.241      -0.220
kim_violence_gore            0.0136      0.003      4.448      0.000       0.008       0.020
kim_sex_nudity               0.0103      0.002      4.247      0.000       0.006       0.015
kim_language                -0.0145      0.002     -6.457      0.000      -0.019      -0.010
major                       -0.0412      0.010     -4.277      0.000      -0.060      -0.022
log_bom_opening_theaters     0.0070      0.002      3.307      0.001       0.003       0.011
genres_count                -0.0076      0.008     -0.956      0.339      -0.023       0.008
yr_1993                      0.0486      0.041      1.200      0.230      -0.031       0.128
yr_1994                      0.0256      0.042      0.617      0.537      -0.056       0.107
yr_1995                      0.0592      0.040      1.467      0.142      -0.020       0.138
yr_1996                      0.0182      0.040      0.459      0.646      -0.060       0.096
yr_1997                      0.0322      0.041      0.787      0.431      -0.048       0.112
yr_1998                      0.0937      0.039      2.433      0.015       0.018       0.169
yr_1999                      0.0736      0.038      1.959      0.050   -5.31e-05       0.147
yr_2000                      0.0226      0.039      0.586      0.558      -0.053       0.098
yr_2001                      0.0952      0.038      2.479      0.013       0.020       0.171
yr_2002                      0.0488      0.037      1.302      0.193      -0.025       0.122
yr_2003                      0.0410      0.038      1.078      0.281      -0.034       0.116
yr_2004                      0.0843      0.038      2.247      0.025       0.011       0.158
yr_2005                      0.0707      0.037      1.920      0.055      -0.002       0.143
yr_2006                      0.1164      0.037      3.128      0.002       0.043       0.189
yr_2007                      0.1497      0.037      4.031      0.000       0.077       0.223
yr_2008                      0.0686      0.037      1.864      0.062      -0.004       0.141
yr_2009                      0.0695      0.038      1.845      0.065      -0.004       0.143
yr_2010                      0.0419      0.037      1.130      0.259      -0.031       0.115
yr_2011                      0.0457      0.037      1.251      0.211      -0.026       0.117
yr_2012                      0.0361      0.036      0.993      0.321      -0.035       0.107
yr_2013                      0.0358      0.036      0.983      0.326      -0.036       0.107
yr_2014                      0.0601      0.037      1.620      0.105      -0.013       0.133
yr_2015                      0.0067      0.037      0.180      0.857      -0.066       0.080
yr_2016                     -0.0328      0.038     -0.875      0.382      -0.106       0.041
yr_2017                      0.0570      0.037      1.523      0.128      -0.016       0.130
yr_2018                      0.0597      0.038      1.578      0.115      -0.014       0.134
mo_2                        -0.0011      0.023     -0.049      0.961      -0.047       0.045
mo_3                        -0.0044      0.022     -0.198      0.843      -0.048       0.039
mo_4                        -0.0055      0.023     -0.245      0.807      -0.050       0.039
mo_5                        -0.0190      0.024     -0.795      0.427      -0.066       0.028
mo_6                        -0.0257      0.023     -1.108      0.268      -0.071       0.020
mo_7                        -0.0353      0.023     -1.534      0.125      -0.080       0.010
mo_8                        -0.0282      0.022     -1.273      0.203      -0.072       0.015
mo_9                        -0.0297      0.023     -1.312      0.190      -0.074       0.015
mo_10                       -0.0081      0.022     -0.364      0.716      -0.051       0.035
mo_11                       -0.0284      0.023     -1.257      0.209      -0.073       0.016
mo_12                       -0.0271      0.022     -1.230      0.219      -0.070       0.016
genre_Action                -0.0536      0.013     -4.232      0.000      -0.078      -0.029
genre_Adventure             -0.0113      0.013     -0.849      0.396      -0.037       0.015
genre_Animation             -0.0207      0.021     -0.978      0.328      -0.062       0.021
genre_Biography             -0.1070      0.017     -6.368      0.000      -0.140      -0.074
genre_Comedy                -0.0022      0.011     -0.193      0.847      -0.024       0.020
genre_Crime                 -0.0975      0.012     -8.034      0.000      -0.121      -0.074
genre_Drama                  0.0118      0.011      1.046      0.296      -0.010       0.034
genre_Family                 0.0497      0.017      2.951      0.003       0.017       0.083
genre_Fantasy                0.0140      0.015      0.928      0.354      -0.016       0.043
genre_History                0.0397      0.024      1.647      0.100      -0.008       0.087
genre_Horror                -0.0363      0.017     -2.094      0.036      -0.070      -0.002
genre_Music                  0.0869      0.022      3.962      0.000       0.044       0.130
genre_Musical                0.3372      0.050      6.747      0.000       0.239       0.435
genre_Mystery               -0.0636      0.015     -4.186      0.000      -0.093      -0.034
genre_News                 7.09e-19    7.5e-18      0.094      0.925    -1.4e-17    1.54e-17
genre_Romance               -0.0120      0.012     -0.978      0.328      -0.036       0.012
genre_Sci_Fi                -0.0053      0.017     -0.317      0.751      -0.038       0.027
genre_Short               6.457e-18   4.77e-18      1.353      0.176    -2.9e-18    1.58e-17
genre_Sport                 -0.0332      0.024     -1.403      0.161      -0.080       0.013
genre_Thriller              -0.0771      0.013     -6.070      0.000      -0.102      -0.052
genre_War                    0.0026      0.036      0.072      0.943      -0.068       0.073
genre_Western               -0.0297      0.059     -0.504      0.614      -0.145       0.086
==============================================================================
Omnibus:                     1158.261   Durbin-Watson:                   1.986
Prob(Omnibus):                  0.000   Jarque-Bera (JB):             9678.328
Skew:                           1.736   Prob(JB):                         0.00
Kurtosis:                      11.405   Cond. No.                     1.02e+16
==============================================================================

Notes:
[1] Standard Errors assume that the covariance matrix of the errors is correctly specified.
[2] The smallest eigenvalue is 4.45e-27. This might indicate that there are
strong multicollinearity problems or that the design matrix is singular.