                            OLS Regression Results                            
==============================================================================
Dep. Variable:              sd_pooled   R-squared:                       0.562
Model:                            OLS   Adj. R-squared:                  0.550
Method:                 Least Squares   F-statistic:                     46.93
Date:                Tue, 31 Mar 2026   Prob (F-statistic):               0.00
Time:                        23:44:16   Log-Likelihood:                 203.18
No. Observations:                2408   AIC:                            -276.4
Df Residuals:                    2343   BIC:                             99.76
Df Model:                          64                                         
Covariance Type:            nonrobust                                         
============================================================================================
                               coef    std err          t      P>|t|      [0.025      0.975]
--------------------------------------------------------------------------------------------
const                        3.5196      0.066     53.707      0.000       3.391       3.648
FLead                        0.0505      0.011      4.679      0.000       0.029       0.072
mean_pooled                 -0.2430      0.006    -41.453      0.000      -0.255      -0.232
kim_violence_gore            0.0107      0.004      2.981      0.003       0.004       0.018
kim_sex_nudity               0.0086      0.003      2.862      0.004       0.003       0.015
kim_language                -0.0282      0.004     -7.982      0.000      -0.035      -0.021
major                       -0.0497      0.011     -4.486      0.000      -0.071      -0.028
log_bom_opening_theaters     0.0107      0.003      4.236      0.000       0.006       0.016
genres_count                -0.0298      0.009     -3.189      0.001      -0.048      -0.011
yr_1993                     -0.0069      0.043     -0.159      0.873      -0.092       0.078
yr_1994                     -0.0275      0.044     -0.624      0.533      -0.114       0.059
yr_1995                      0.0266      0.045      0.586      0.558      -0.062       0.116
yr_1996                      0.0317      0.045      0.705      0.481      -0.057       0.120
yr_1997                      0.0147      0.046      0.322      0.747      -0.075       0.104
yr_1998                      0.0395      0.044      0.897      0.370      -0.047       0.126
yr_1999                      0.0300      0.044      0.688      0.492      -0.055       0.115
yr_2000                     -0.0055      0.044     -0.124      0.901      -0.092       0.081
yr_2001                      0.0461      0.044      1.047      0.295      -0.040       0.133
yr_2002                      0.0191      0.042      0.453      0.651      -0.064       0.102
yr_2003                     -0.0076      0.042     -0.181      0.856      -0.090       0.075
yr_2004                      0.0629      0.042      1.502      0.133      -0.019       0.145
yr_2005                      0.0426      0.042      1.016      0.310      -0.040       0.125
yr_2006                      0.0969      0.041      2.341      0.019       0.016       0.178
yr_2007                      0.0985      0.041      2.376      0.018       0.017       0.180
yr_2008                      0.0542      0.042      1.302      0.193      -0.027       0.136
yr_2009                      0.0324      0.042      0.776      0.438      -0.050       0.114
yr_2010                      0.0444      0.042      1.058      0.290      -0.038       0.127
yr_2011                      0.0483      0.041      1.186      0.236      -0.032       0.128
yr_2012                      0.0403      0.042      0.967      0.333      -0.041       0.122
yr_2013                      0.0086      0.043      0.202      0.840      -0.075       0.092
yr_2014                      0.0408      0.042      0.967      0.334      -0.042       0.124
yr_2015                     -0.0123      0.042     -0.291      0.771      -0.096       0.071
yr_2016                     -0.0243      0.042     -0.583      0.560      -0.106       0.057
yr_2017                      0.0348      0.043      0.804      0.422      -0.050       0.120
yr_2018                      0.0242      0.042      0.569      0.569      -0.059       0.108
mo_2                         0.0100      0.026      0.384      0.701      -0.041       0.061
mo_3                        -0.0032      0.026     -0.126      0.900      -0.054       0.047
mo_4                        -0.0093      0.026     -0.362      0.717      -0.060       0.041
mo_5                        -0.0091      0.027     -0.342      0.733      -0.061       0.043
mo_6                        -0.0303      0.026     -1.155      0.248      -0.082       0.021
mo_7                        -0.0413      0.026     -1.604      0.109      -0.092       0.009
mo_8                        -0.0327      0.025     -1.308      0.191      -0.082       0.016
mo_9                        -0.0299      0.026     -1.156      0.248      -0.081       0.021
mo_10                       -0.0199      0.026     -0.781      0.435      -0.070       0.030
mo_11                       -0.0298      0.025     -1.175      0.240      -0.079       0.020
mo_12                       -0.0411      0.025     -1.675      0.094      -0.089       0.007
genre_Action                -0.0510      0.014     -3.545      0.000      -0.079      -0.023
genre_Adventure             -0.0068      0.014     -0.472      0.637      -0.035       0.021
genre_Animation             -0.0510      0.021     -2.414      0.016      -0.092      -0.010
genre_Biography             -0.0829      0.020     -4.228      0.000      -0.121      -0.044
genre_Comedy                -0.0005      0.013     -0.041      0.967      -0.025       0.024
genre_Crime                 -0.0628      0.015     -4.159      0.000      -0.092      -0.033
genre_Drama                  0.0474      0.013      3.672      0.000       0.022       0.073
genre_Family                 0.0519      0.017      3.040      0.002       0.018       0.085
genre_Fantasy                0.0031      0.015      0.199      0.842      -0.027       0.033
genre_History                0.0250      0.025      1.010      0.313      -0.024       0.073
genre_Horror                -0.0352      0.021     -1.698      0.090      -0.076       0.005
genre_Music                  0.1343      0.025      5.300      0.000       0.085       0.184
genre_Musical                0.2641      0.053      4.948      0.000       0.159       0.369
genre_Mystery               -0.0722      0.018     -4.017      0.000      -0.107      -0.037
genre_News               -2.698e-17   1.56e-17     -1.727      0.084   -5.76e-17    3.66e-18
genre_Romance               -0.0305      0.014     -2.207      0.027      -0.058      -0.003
genre_Sci_Fi                 0.0003      0.018      0.019      0.985      -0.035       0.036
genre_Short              -3.079e-17   1.21e-17     -2.549      0.011   -5.45e-17    -7.1e-18
genre_Sport                 -0.0475      0.028     -1.682      0.093      -0.103       0.008
genre_Thriller              -0.0683      0.016     -4.372      0.000      -0.099      -0.038
genre_War                    0.0028      0.039      0.071      0.944      -0.074       0.080
genre_Western               -0.0499      0.063     -0.792      0.428      -0.174       0.074
==============================================================================
Omnibus:                     1010.894   Durbin-Watson:                   2.004
Prob(Omnibus):                  0.000   Jarque-Bera (JB):             8044.959
Skew:                           1.786   Prob(JB):                         0.00
Kurtosis:                      11.211   Cond. No.                     1.02e+16
==============================================================================

Notes:
[1] Standard Errors assume that the covariance matrix of the errors is correctly specified.
[2] The smallest eigenvalue is 3.4e-27. This might indicate that there are
strong multicollinearity problems or that the design matrix is singular.