                            OLS Regression Results                            
==============================================================================
Dep. Variable:              sd_pooled   R-squared:                       0.562
Model:                            OLS   Adj. R-squared:                  0.555
Method:                 Least Squares   F-statistic:                     79.09
Date:                Tue, 31 Mar 2026   Prob (F-statistic):               0.00
Time:                        14:00:23   Log-Likelihood:                 532.79
No. Observations:                4012   AIC:                            -935.6
Df Residuals:                    3947   BIC:                            -526.3
Df Model:                          64                                         
Covariance Type:            nonrobust                                         
============================================================================================
                               coef    std err          t      P>|t|      [0.025      0.975]
--------------------------------------------------------------------------------------------
const                        3.3821      0.048     69.750      0.000       3.287       3.477
FLead                        0.0468      0.008      5.826      0.000       0.031       0.063
mean_pooled                 -0.2336      0.004    -52.932      0.000      -0.242      -0.225
kim_violence_gore            0.0123      0.003      4.825      0.000       0.007       0.017
kim_sex_nudity               0.0115      0.002      5.652      0.000       0.007       0.015
kim_language                -0.0150      0.002     -7.994      0.000      -0.019      -0.011
major                       -0.0390      0.008     -4.840      0.000      -0.055      -0.023
log_bom_opening_theaters     0.0051      0.002      2.910      0.004       0.002       0.009
genres_count                -0.0092      0.007     -1.363      0.173      -0.023       0.004
yr_1993                     -0.0060      0.034     -0.173      0.863      -0.074       0.062
yr_1994                     -0.0031      0.035     -0.087      0.931      -0.072       0.066
yr_1995                      0.0440      0.035      1.268      0.205      -0.024       0.112
yr_1996                      0.0085      0.034      0.250      0.802      -0.058       0.075
yr_1997                      0.0132      0.035      0.382      0.703      -0.055       0.081
yr_1998                      0.0588      0.033      1.759      0.079      -0.007       0.124
yr_1999                      0.0595      0.033      1.825      0.068      -0.004       0.123
yr_2000                     -0.0089      0.034     -0.266      0.790      -0.075       0.057
yr_2001                      0.0558      0.033      1.691      0.091      -0.009       0.120
yr_2002                      0.0162      0.032      0.500      0.617      -0.047       0.080
yr_2003                     -0.0004      0.033     -0.013      0.990      -0.064       0.064
yr_2004                      0.0609      0.032      1.879      0.060      -0.003       0.125
yr_2005                      0.0476      0.032      1.480      0.139      -0.015       0.111
yr_2006                      0.0963      0.032      3.012      0.003       0.034       0.159
yr_2007                      0.1103      0.032      3.463      0.001       0.048       0.173
yr_2008                      0.0522      0.032      1.627      0.104      -0.011       0.115
yr_2009                      0.0317      0.032      0.976      0.329      -0.032       0.095
yr_2010                      0.0262      0.032      0.809      0.418      -0.037       0.090
yr_2011                      0.0294      0.032      0.923      0.356      -0.033       0.092
yr_2012                      0.0142      0.032      0.449      0.653      -0.048       0.076
yr_2013                      0.0066      0.032      0.206      0.837      -0.056       0.069
yr_2014                      0.0390      0.032      1.211      0.226      -0.024       0.102
yr_2015                     -0.0318      0.032     -0.993      0.321      -0.094       0.031
yr_2016                     -0.0357      0.032     -1.107      0.269      -0.099       0.028
yr_2017                      0.0210      0.033      0.646      0.519      -0.043       0.085
yr_2018                      0.0147      0.033      0.449      0.653      -0.049       0.079
mo_2                         0.0078      0.019      0.403      0.687      -0.030       0.046
mo_3                        -0.0044      0.019     -0.240      0.810      -0.041       0.032
mo_4                         0.0002      0.019      0.010      0.992      -0.037       0.037
mo_5                        -0.0132      0.020     -0.669      0.504      -0.052       0.025
mo_6                        -0.0257      0.019     -1.321      0.186      -0.064       0.012
mo_7                        -0.0234      0.019     -1.237      0.216      -0.060       0.014
mo_8                        -0.0257      0.018     -1.408      0.159      -0.061       0.010
mo_9                        -0.0275      0.019     -1.485      0.138      -0.064       0.009
mo_10                       -0.0073      0.018     -0.402      0.688      -0.043       0.028
mo_11                       -0.0246      0.019     -1.312      0.189      -0.061       0.012
mo_12                       -0.0277      0.018     -1.533      0.125      -0.063       0.008
genre_Action                -0.0554      0.011     -5.222      0.000      -0.076      -0.035
genre_Adventure             -0.0056      0.011     -0.502      0.616      -0.028       0.016
genre_Animation             -0.0284      0.018     -1.579      0.114      -0.064       0.007
genre_Biography             -0.0928      0.014     -6.529      0.000      -0.121      -0.065
genre_Comedy                -0.0029      0.010     -0.309      0.757      -0.022       0.016
genre_Crime                 -0.0888      0.010     -8.670      0.000      -0.109      -0.069
genre_Drama                  0.0130      0.009      1.373      0.170      -0.006       0.032
genre_Family                 0.0714      0.015      4.899      0.000       0.043       0.100
genre_Fantasy                0.0045      0.013      0.358      0.721      -0.020       0.029
genre_History                0.0174      0.020      0.852      0.394      -0.023       0.057
genre_Horror                -0.0339      0.015     -2.319      0.020      -0.062      -0.005
genre_Music                  0.1119      0.019      5.853      0.000       0.074       0.149
genre_Musical                0.3203      0.043      7.417      0.000       0.236       0.405
genre_Mystery               -0.0587      0.013     -4.670      0.000      -0.083      -0.034
genre_News                4.365e-18   8.43e-18      0.518      0.605   -1.22e-17    2.09e-17
genre_Romance               -0.0183      0.010     -1.778      0.076      -0.039       0.002
genre_Sci_Fi                -0.0127      0.014     -0.936      0.349      -0.039       0.014
genre_Short               6.336e-18   7.21e-18      0.879      0.380    -7.8e-18    2.05e-17
genre_Sport                 -0.0365      0.021     -1.763      0.078      -0.077       0.004
genre_Thriller              -0.0741      0.011     -6.959      0.000      -0.095      -0.053
genre_War                    0.0102      0.029      0.351      0.725      -0.047       0.067
genre_Western               -0.0498      0.051     -0.967      0.334      -0.151       0.051
==============================================================================
Omnibus:                     1652.627   Durbin-Watson:                   2.007
Prob(Omnibus):                  0.000   Jarque-Bera (JB):            13467.105
Skew:                           1.754   Prob(JB):                         0.00
Kurtosis:                      11.262   Cond. No.                     1.02e+16
==============================================================================

Notes:
[1] Standard Errors assume that the covariance matrix of the errors is correctly specified.
[2] The smallest eigenvalue is 6.39e-27. This might indicate that there are
strong multicollinearity problems or that the design matrix is singular.