                            OLS Regression Results                            
==============================================================================
Dep. Variable:              sd_pooled   R-squared:                       0.560
Model:                            OLS   Adj. R-squared:                  0.553
Method:                 Least Squares   F-statistic:                     78.62
Date:                Tue, 31 Mar 2026   Prob (F-statistic):               0.00
Time:                        19:43:18   Log-Likelihood:                 526.08
No. Observations:                4012   AIC:                            -922.2
Df Residuals:                    3947   BIC:                            -512.9
Df Model:                          64                                         
Covariance Type:            nonrobust                                         
============================================================================================
                               coef    std err          t      P>|t|      [0.025      0.975]
--------------------------------------------------------------------------------------------
const                        3.3871      0.049     69.775      0.000       3.292       3.482
FLead                        0.0479      0.008      5.953      0.000       0.032       0.064
mean_pooled                 -0.2343      0.004    -53.098      0.000      -0.243      -0.226
kim_violence_gore            0.0136      0.003      5.390      0.000       0.009       0.019
kim_sex_nudity               0.0080      0.002      4.183      0.000       0.004       0.012
kim_language                -0.0138      0.002     -7.404      0.000      -0.017      -0.010
major                       -0.0395      0.008     -4.900      0.000      -0.055      -0.024
log_bom_opening_theaters     0.0053      0.002      3.004      0.003       0.002       0.009
genres_count                -0.0115      0.007     -1.702      0.089      -0.025       0.002
yr_1993                     -0.0074      0.035     -0.215      0.830      -0.075       0.060
yr_1994                     -0.0028      0.035     -0.080      0.936      -0.072       0.066
yr_1995                      0.0430      0.035      1.238      0.216      -0.025       0.111
yr_1996                      0.0060      0.034      0.175      0.861      -0.061       0.073
yr_1997                      0.0103      0.035      0.297      0.766      -0.058       0.078
yr_1998                      0.0575      0.034      1.716      0.086      -0.008       0.123
yr_1999                      0.0623      0.033      1.909      0.056      -0.002       0.126
yr_2000                     -0.0042      0.034     -0.124      0.901      -0.070       0.062
yr_2001                      0.0598      0.033      1.811      0.070      -0.005       0.125
yr_2002                      0.0192      0.032      0.590      0.555      -0.045       0.083
yr_2003                      0.0046      0.033      0.140      0.889      -0.060       0.069
yr_2004                      0.0687      0.032      2.118      0.034       0.005       0.132
yr_2005                      0.0533      0.032      1.655      0.098      -0.010       0.116
yr_2006                      0.1029      0.032      3.219      0.001       0.040       0.166
yr_2007                      0.1147      0.032      3.599      0.000       0.052       0.177
yr_2008                      0.0571      0.032      1.779      0.075      -0.006       0.120
yr_2009                      0.0389      0.032      1.199      0.230      -0.025       0.103
yr_2010                      0.0321      0.032      0.992      0.321      -0.031       0.096
yr_2011                      0.0329      0.032      1.033      0.302      -0.030       0.095
yr_2012                      0.0182      0.032      0.575      0.565      -0.044       0.080
yr_2013                      0.0109      0.032      0.342      0.732      -0.052       0.073
yr_2014                      0.0426      0.032      1.321      0.186      -0.021       0.106
yr_2015                     -0.0288      0.032     -0.900      0.368      -0.092       0.034
yr_2016                     -0.0342      0.032     -1.059      0.290      -0.097       0.029
yr_2017                      0.0235      0.033      0.721      0.471      -0.040       0.087
yr_2018                      0.0157      0.033      0.481      0.630      -0.048       0.080
mo_2                         0.0087      0.019      0.446      0.656      -0.030       0.047
mo_3                        -0.0042      0.019     -0.224      0.823      -0.041       0.032
mo_4                         0.0012      0.019      0.062      0.951      -0.036       0.038
mo_5                        -0.0112      0.020     -0.567      0.571      -0.050       0.028
mo_6                        -0.0243      0.019     -1.246      0.213      -0.062       0.014
mo_7                        -0.0236      0.019     -1.248      0.212      -0.061       0.014
mo_8                        -0.0252      0.018     -1.380      0.168      -0.061       0.011
mo_9                        -0.0261      0.019     -1.405      0.160      -0.063       0.010
mo_10                       -0.0066      0.018     -0.363      0.717      -0.042       0.029
mo_11                       -0.0233      0.019     -1.242      0.214      -0.060       0.014
mo_12                       -0.0262      0.018     -1.444      0.149      -0.062       0.009
genre_Action                -0.0588      0.011     -5.556      0.000      -0.080      -0.038
genre_Adventure             -0.0066      0.011     -0.590      0.555      -0.029       0.015
genre_Animation             -0.0305      0.018     -1.697      0.090      -0.066       0.005
genre_Biography             -0.0916      0.014     -6.427      0.000      -0.120      -0.064
genre_Comedy                 0.0004      0.009      0.042      0.966      -0.018       0.019
genre_Crime                 -0.0882      0.010     -8.599      0.000      -0.108      -0.068
genre_Drama                  0.0146      0.010      1.535      0.125      -0.004       0.033
genre_Family                 0.0676      0.015      4.643      0.000       0.039       0.096
genre_Fantasy                0.0054      0.013      0.428      0.669      -0.019       0.030
genre_History                0.0169      0.020      0.826      0.409      -0.023       0.057
genre_Horror                -0.0387      0.015     -2.654      0.008      -0.067      -0.010
genre_Music                  0.1141      0.019      5.960      0.000       0.077       0.152
genre_Musical                0.3260      0.043      7.542      0.000       0.241       0.411
genre_Mystery               -0.0583      0.013     -4.630      0.000      -0.083      -0.034
genre_News               -2.434e-18   5.83e-18     -0.417      0.676   -1.39e-17       9e-18
genre_Romance               -0.0124      0.010     -1.212      0.225      -0.032       0.008
genre_Sci_Fi                -0.0131      0.014     -0.964      0.335      -0.040       0.014
genre_Short              -2.671e-18   5.07e-18     -0.526      0.599   -1.26e-17    7.28e-18
genre_Sport                 -0.0390      0.021     -1.881      0.060      -0.080       0.002
genre_Thriller              -0.0751      0.011     -7.044      0.000      -0.096      -0.054
genre_War                    0.0050      0.029      0.171      0.864      -0.052       0.062
genre_Western               -0.0491      0.052     -0.952      0.341      -0.150       0.052
==============================================================================
Omnibus:                     1641.775   Durbin-Watson:                   2.007
Prob(Omnibus):                  0.000   Jarque-Bera (JB):            13160.845
Skew:                           1.745   Prob(JB):                         0.00
Kurtosis:                      11.157   Cond. No.                     1.02e+16
==============================================================================

Notes:
[1] Standard Errors assume that the covariance matrix of the errors is correctly specified.
[2] The smallest eigenvalue is 6.39e-27. This might indicate that there are
strong multicollinearity problems or that the design matrix is singular.