                            OLS Regression Results                            
==============================================================================
Dep. Variable:              sd_pooled   R-squared:                       0.562
Model:                            OLS   Adj. R-squared:                  0.555
Method:                 Least Squares   F-statistic:                     79.11
Date:                Tue, 31 Mar 2026   Prob (F-statistic):               0.00
Time:                        11:13:26   Log-Likelihood:                 533.14
No. Observations:                4012   AIC:                            -936.3
Df Residuals:                    3947   BIC:                            -527.0
Df Model:                          64                                         
Covariance Type:            nonrobust                                         
============================================================================================
                               coef    std err          t      P>|t|      [0.025      0.975]
--------------------------------------------------------------------------------------------
const                        3.3783      0.048     69.771      0.000       3.283       3.473
FLead                        0.0469      0.008      5.839      0.000       0.031       0.063
mean_pooled                 -0.2335      0.004    -52.973      0.000      -0.242      -0.225
kim_violence_gore            0.0122      0.003      4.808      0.000       0.007       0.017
kim_sex_nudity               0.0113      0.002      5.610      0.000       0.007       0.015
kim_language                -0.0149      0.002     -7.955      0.000      -0.019      -0.011
major                       -0.0396      0.008     -4.921      0.000      -0.055      -0.024
log_bom_opening_theaters     0.0056      0.002      3.141      0.002       0.002       0.009
genres_count                -0.0095      0.007     -1.400      0.162      -0.023       0.004
yr_1993                     -0.0066      0.034     -0.190      0.849      -0.074       0.061
yr_1994                     -0.0027      0.035     -0.078      0.938      -0.072       0.066
yr_1995                      0.0437      0.035      1.261      0.208      -0.024       0.112
yr_1996                      0.0083      0.034      0.244      0.808      -0.058       0.075
yr_1997                      0.0129      0.035      0.372      0.710      -0.055       0.081
yr_1998                      0.0590      0.033      1.765      0.078      -0.007       0.125
yr_1999                      0.0602      0.033      1.847      0.065      -0.004       0.124
yr_2000                     -0.0092      0.034     -0.275      0.783      -0.075       0.057
yr_2001                      0.0560      0.033      1.696      0.090      -0.009       0.121
yr_2002                      0.0160      0.032      0.492      0.623      -0.048       0.080
yr_2003                     -0.0004      0.033     -0.011      0.991      -0.064       0.064
yr_2004                      0.0613      0.032      1.890      0.059      -0.002       0.125
yr_2005                      0.0477      0.032      1.483      0.138      -0.015       0.111
yr_2006                      0.0967      0.032      3.023      0.003       0.034       0.159
yr_2007                      0.1106      0.032      3.473      0.001       0.048       0.173
yr_2008                      0.0522      0.032      1.629      0.103      -0.011       0.115
yr_2009                      0.0315      0.032      0.969      0.333      -0.032       0.095
yr_2010                      0.0268      0.032      0.828      0.408      -0.037       0.090
yr_2011                      0.0297      0.032      0.933      0.351      -0.033       0.092
yr_2012                      0.0149      0.032      0.470      0.639      -0.047       0.077
yr_2013                      0.0072      0.032      0.225      0.822      -0.055       0.070
yr_2014                      0.0394      0.032      1.225      0.221      -0.024       0.103
yr_2015                     -0.0321      0.032     -1.003      0.316      -0.095       0.031
yr_2016                     -0.0360      0.032     -1.117      0.264      -0.099       0.027
yr_2017                      0.0207      0.033      0.637      0.524      -0.043       0.085
yr_2018                      0.0149      0.033      0.455      0.649      -0.049       0.079
mo_2                         0.0082      0.019      0.423      0.672      -0.030       0.046
mo_3                        -0.0039      0.019     -0.210      0.834      -0.040       0.032
mo_4                         0.0011      0.019      0.056      0.955      -0.036       0.038
mo_5                        -0.0120      0.020     -0.607      0.544      -0.051       0.027
mo_6                        -0.0248      0.019     -1.276      0.202      -0.063       0.013
mo_7                        -0.0227      0.019     -1.203      0.229      -0.060       0.014
mo_8                        -0.0247      0.018     -1.354      0.176      -0.060       0.011
mo_9                        -0.0267      0.019     -1.442      0.149      -0.063       0.010
mo_10                       -0.0064      0.018     -0.353      0.724      -0.042       0.029
mo_11                       -0.0237      0.019     -1.263      0.207      -0.060       0.013
mo_12                       -0.0261      0.018     -1.439      0.150      -0.062       0.009
genre_Action                -0.0554      0.011     -5.222      0.000      -0.076      -0.035
genre_Adventure             -0.0060      0.011     -0.535      0.593      -0.028       0.016
genre_Animation             -0.0284      0.018     -1.579      0.114      -0.064       0.007
genre_Biography             -0.0921      0.014     -6.472      0.000      -0.120      -0.064
genre_Comedy                -0.0030      0.010     -0.315      0.753      -0.022       0.016
genre_Crime                 -0.0889      0.010     -8.675      0.000      -0.109      -0.069
genre_Drama                  0.0138      0.010      1.454      0.146      -0.005       0.032
genre_Family                 0.0707      0.015      4.855      0.000       0.042       0.099
genre_Fantasy                0.0043      0.013      0.339      0.735      -0.020       0.029
genre_History                0.0182      0.020      0.893      0.372      -0.022       0.058
genre_Horror                -0.0344      0.015     -2.356      0.019      -0.063      -0.006
genre_Music                  0.1118      0.019      5.847      0.000       0.074       0.149
genre_Musical                0.3187      0.043      7.381      0.000       0.234       0.403
genre_Mystery               -0.0587      0.013     -4.665      0.000      -0.083      -0.034
genre_News               -1.263e-17   5.66e-18     -2.231      0.026   -2.37e-17   -1.53e-18
genre_Romance               -0.0183      0.010     -1.777      0.076      -0.038       0.002
genre_Sci_Fi                -0.0127      0.014     -0.936      0.350      -0.039       0.014
genre_Short               8.235e-18   1.01e-17      0.818      0.414   -1.15e-17     2.8e-17
genre_Sport                 -0.0375      0.021     -1.811      0.070      -0.078       0.003
genre_Thriller              -0.0743      0.011     -6.976      0.000      -0.095      -0.053
genre_War                    0.0102      0.029      0.349      0.727      -0.047       0.067
genre_Western               -0.0476      0.051     -0.925      0.355      -0.149       0.053
==============================================================================
Omnibus:                     1646.906   Durbin-Watson:                   2.006
Prob(Omnibus):                  0.000   Jarque-Bera (JB):            13337.355
Skew:                           1.748   Prob(JB):                         0.00
Kurtosis:                      11.219   Cond. No.                     1.02e+16
==============================================================================

Notes:
[1] Standard Errors assume that the covariance matrix of the errors is correctly specified.
[2] The smallest eigenvalue is 6.39e-27. This might indicate that there are
strong multicollinearity problems or that the design matrix is singular.