                            OLS Regression Results                            
==============================================================================
Dep. Variable:              sd_pooled   R-squared:                       0.570
Model:                            OLS   Adj. R-squared:                  0.561
Method:                 Least Squares   F-statistic:                     65.09
Date:                Tue, 31 Mar 2026   Prob (F-statistic):               0.00
Time:                        14:39:15   Log-Likelihood:                 500.11
No. Observations:                3210   AIC:                            -870.2
Df Residuals:                    3145   BIC:                            -475.4
Df Model:                          64                                         
Covariance Type:            nonrobust                                         
============================================================================================
                               coef    std err          t      P>|t|      [0.025      0.975]
--------------------------------------------------------------------------------------------
const                        3.3673      0.055     61.714      0.000       3.260       3.474
FLead                        0.0527      0.009      6.018      0.000       0.036       0.070
mean_pooled                 -0.2320      0.005    -48.295      0.000      -0.241      -0.223
kim_violence_gore            0.0123      0.003      4.417      0.000       0.007       0.018
kim_sex_nudity               0.0135      0.002      6.153      0.000       0.009       0.018
kim_language                -0.0145      0.002     -7.047      0.000      -0.019      -0.010
major                       -0.0372      0.009     -4.212      0.000      -0.054      -0.020
log_bom_opening_theaters     0.0057      0.002      2.942      0.003       0.002       0.010
genres_count                -0.0074      0.007     -0.992      0.321      -0.022       0.007
yr_1993                     -0.0136      0.041     -0.336      0.737      -0.093       0.066
yr_1994                     -0.0090      0.041     -0.221      0.825      -0.089       0.071
yr_1995                      0.0489      0.040      1.214      0.225      -0.030       0.128
yr_1996                     -0.0041      0.039     -0.104      0.917      -0.081       0.073
yr_1997                      0.0089      0.040      0.224      0.823      -0.069       0.087
yr_1998                      0.0312      0.039      0.807      0.420      -0.045       0.107
yr_1999                      0.0304      0.038      0.806      0.420      -0.044       0.104
yr_2000                     -0.0201      0.039     -0.517      0.605      -0.096       0.056
yr_2001                      0.0444      0.039      1.149      0.250      -0.031       0.120
yr_2002                      0.0148      0.038      0.393      0.694      -0.059       0.089
yr_2003                     -0.0108      0.038     -0.286      0.775      -0.085       0.063
yr_2004                      0.0470      0.038      1.239      0.216      -0.027       0.121
yr_2005                      0.0346      0.038      0.919      0.358      -0.039       0.108
yr_2006                      0.0832      0.037      2.229      0.026       0.010       0.156
yr_2007                      0.1080      0.037      2.882      0.004       0.035       0.181
yr_2008                      0.0470      0.037      1.258      0.209      -0.026       0.120
yr_2009                      0.0210      0.038      0.558      0.577      -0.053       0.095
yr_2010                     -0.0090      0.038     -0.239      0.811      -0.083       0.065
yr_2011                      0.0132      0.037      0.354      0.723      -0.060       0.086
yr_2012                      0.0036      0.037      0.097      0.923      -0.069       0.076
yr_2013                     -0.0091      0.037     -0.243      0.808      -0.082       0.064
yr_2014                      0.0131      0.038      0.348      0.728      -0.061       0.087
yr_2015                     -0.0266      0.037     -0.716      0.474      -0.100       0.046
yr_2016                     -0.0640      0.037     -1.707      0.088      -0.137       0.009
yr_2017                     -0.0021      0.038     -0.056      0.955      -0.077       0.072
yr_2018                     -0.0015      0.038     -0.040      0.968      -0.076       0.073
mo_2                        -0.0029      0.021     -0.137      0.891      -0.044       0.038
mo_3                        -0.0118      0.020     -0.595      0.552      -0.051       0.027
mo_4                        -0.0231      0.020     -1.144      0.253      -0.063       0.017
mo_5                        -0.0255      0.021     -1.193      0.233      -0.067       0.016
mo_6                        -0.0314      0.021     -1.506      0.132      -0.072       0.009
mo_7                        -0.0331      0.020     -1.618      0.106      -0.073       0.007
mo_8                        -0.0337      0.020     -1.712      0.087      -0.072       0.005
mo_9                        -0.0482      0.020     -2.408      0.016      -0.088      -0.009
mo_10                       -0.0134      0.020     -0.687      0.492      -0.052       0.025
mo_11                       -0.0240      0.020     -1.194      0.233      -0.064       0.015
mo_12                       -0.0248      0.020     -1.260      0.208      -0.063       0.014
genre_Action                -0.0542      0.011     -4.736      0.000      -0.077      -0.032
genre_Adventure              0.0008      0.012      0.068      0.946      -0.023       0.025
genre_Animation             -0.0207      0.019     -1.072      0.284      -0.058       0.017
genre_Biography             -0.0920      0.016     -5.856      0.000      -0.123      -0.061
genre_Comedy                -0.0028      0.010     -0.269      0.788      -0.023       0.018
genre_Crime                 -0.0896      0.011     -8.021      0.000      -0.111      -0.068
genre_Drama                  0.0171      0.010      1.639      0.101      -0.003       0.037
genre_Family                 0.0657      0.016      4.065      0.000       0.034       0.097
genre_Fantasy               -0.0005      0.014     -0.033      0.974      -0.028       0.027
genre_History               -0.0221      0.023     -0.977      0.329      -0.066       0.022
genre_Horror                -0.0325      0.016     -2.052      0.040      -0.064      -0.001
genre_Music                  0.1075      0.022      4.893      0.000       0.064       0.151
genre_Musical                0.3345      0.052      6.396      0.000       0.232       0.437
genre_Mystery               -0.0612      0.014     -4.444      0.000      -0.088      -0.034
genre_News                1.673e-17   5.59e-18      2.995      0.003    5.78e-18    2.77e-17
genre_Romance               -0.0207      0.011     -1.811      0.070      -0.043       0.002
genre_Sci_Fi                -0.0199      0.015     -1.348      0.178      -0.049       0.009
genre_Short              -2.548e-18   4.37e-18     -0.583      0.560   -1.11e-17    6.02e-18
genre_Sport                 -0.0244      0.022     -1.095      0.274      -0.068       0.019
genre_Thriller              -0.0661      0.012     -5.684      0.000      -0.089      -0.043
genre_War                    0.0190      0.031      0.618      0.536      -0.041       0.079
genre_Western               -0.0452      0.054     -0.838      0.402      -0.151       0.061
==============================================================================
Omnibus:                     1070.146   Durbin-Watson:                   1.999
Prob(Omnibus):                  0.000   Jarque-Bera (JB):             5270.242
Skew:                           1.521   Prob(JB):                         0.00
Kurtosis:                       8.491   Cond. No.                     1.02e+16
==============================================================================

Notes:
[1] Standard Errors assume that the covariance matrix of the errors is correctly specified.
[2] The smallest eigenvalue is 5.12e-27. This might indicate that there are
strong multicollinearity problems or that the design matrix is singular.