                            OLS Regression Results                            
==============================================================================
Dep. Variable:              sd_pooled   R-squared:                       0.560
Model:                            OLS   Adj. R-squared:                  0.553
Method:                 Least Squares   F-statistic:                     78.41
Date:                Tue, 31 Mar 2026   Prob (F-statistic):               0.00
Time:                        21:44:12   Log-Likelihood:                 523.11
No. Observations:                4012   AIC:                            -916.2
Df Residuals:                    3947   BIC:                            -506.9
Df Model:                          64                                         
Covariance Type:            nonrobust                                         
============================================================================================
                               coef    std err          t      P>|t|      [0.025      0.975]
--------------------------------------------------------------------------------------------
const                        3.3879      0.049     69.807      0.000       3.293       3.483
FLead                        0.0446      0.008      5.545      0.000       0.029       0.060
mean_pooled                 -0.2322      0.004    -52.674      0.000      -0.241      -0.224
kim_violence_gore            0.0037      0.002      1.496      0.135      -0.001       0.009
kim_sex_nudity               0.0131      0.002      6.502      0.000       0.009       0.017
kim_language                -0.0135      0.002     -7.226      0.000      -0.017      -0.010
major                       -0.0410      0.008     -5.090      0.000      -0.057      -0.025
log_bom_opening_theaters     0.0061      0.002      3.424      0.001       0.003       0.010
genres_count                -0.0056      0.007     -0.835      0.404      -0.019       0.008
yr_1993                     -0.0002      0.035     -0.006      0.995      -0.068       0.067
yr_1994                      0.0004      0.035      0.011      0.991      -0.069       0.070
yr_1995                      0.0488      0.035      1.403      0.161      -0.019       0.117
yr_1996                      0.0134      0.034      0.392      0.695      -0.054       0.080
yr_1997                      0.0186      0.035      0.534      0.594      -0.050       0.087
yr_1998                      0.0615      0.034      1.833      0.067      -0.004       0.127
yr_1999                      0.0662      0.033      2.026      0.043       0.002       0.130
yr_2000                     -0.0047      0.034     -0.139      0.890      -0.071       0.061
yr_2001                      0.0644      0.033      1.946      0.052      -0.000       0.129
yr_2002                      0.0212      0.033      0.653      0.514      -0.043       0.085
yr_2003                      0.0053      0.033      0.161      0.872      -0.059       0.069
yr_2004                      0.0682      0.033      2.095      0.036       0.004       0.132
yr_2005                      0.0558      0.032      1.729      0.084      -0.007       0.119
yr_2006                      0.1061      0.032      3.311      0.001       0.043       0.169
yr_2007                      0.1194      0.032      3.739      0.000       0.057       0.182
yr_2008                      0.0599      0.032      1.863      0.063      -0.003       0.123
yr_2009                      0.0392      0.033      1.204      0.229      -0.025       0.103
yr_2010                      0.0351      0.032      1.082      0.279      -0.028       0.099
yr_2011                      0.0375      0.032      1.177      0.239      -0.025       0.100
yr_2012                      0.0217      0.032      0.683      0.495      -0.041       0.084
yr_2013                      0.0136      0.032      0.427      0.670      -0.049       0.076
yr_2014                      0.0433      0.032      1.340      0.180      -0.020       0.107
yr_2015                     -0.0291      0.032     -0.907      0.365      -0.092       0.034
yr_2016                     -0.0303      0.032     -0.938      0.348      -0.094       0.033
yr_2017                      0.0243      0.033      0.744      0.457      -0.040       0.088
yr_2018                      0.0194      0.033      0.591      0.554      -0.045       0.084
mo_2                         0.0076      0.019      0.388      0.698      -0.031       0.046
mo_3                        -0.0041      0.019     -0.223      0.824      -0.041       0.032
mo_4                         0.0020      0.019      0.105      0.916      -0.035       0.039
mo_5                        -0.0128      0.020     -0.645      0.519      -0.052       0.026
mo_6                        -0.0261      0.020     -1.339      0.181      -0.064       0.012
mo_7                        -0.0244      0.019     -1.290      0.197      -0.062       0.013
mo_8                        -0.0261      0.018     -1.431      0.153      -0.062       0.010
mo_9                        -0.0288      0.019     -1.546      0.122      -0.065       0.008
mo_10                       -0.0058      0.018     -0.319      0.750      -0.042       0.030
mo_11                       -0.0243      0.019     -1.290      0.197      -0.061       0.013
mo_12                       -0.0252      0.018     -1.385      0.166      -0.061       0.010
genre_Action                -0.0473      0.011     -4.478      0.000      -0.068      -0.027
genre_Adventure             -0.0054      0.011     -0.483      0.629      -0.028       0.017
genre_Animation             -0.0339      0.018     -1.882      0.060      -0.069       0.001
genre_Biography             -0.0954      0.014     -6.693      0.000      -0.123      -0.067
genre_Comedy                -0.0153      0.009     -1.632      0.103      -0.034       0.003
genre_Crime                 -0.0849      0.010     -8.266      0.000      -0.105      -0.065
genre_Drama                  0.0090      0.009      0.945      0.345      -0.010       0.028
genre_Family                 0.0657      0.015      4.503      0.000       0.037       0.094
genre_Fantasy                0.0053      0.013      0.416      0.678      -0.020       0.030
genre_History                0.0234      0.020      1.145      0.252      -0.017       0.063
genre_Horror                -0.0144      0.014     -1.025      0.306      -0.042       0.013
genre_Music                  0.1012      0.019      5.298      0.000       0.064       0.139
genre_Musical                0.3134      0.043      7.238      0.000       0.229       0.398
genre_Mystery               -0.0601      0.013     -4.768      0.000      -0.085      -0.035
genre_News                6.685e-18   1.42e-17      0.470      0.639   -2.12e-17    3.46e-17
genre_Romance               -0.0291      0.010     -2.863      0.004      -0.049      -0.009
genre_Sci_Fi                -0.0119      0.014     -0.873      0.383      -0.039       0.015
genre_Short              -1.183e-19    2.1e-18     -0.056      0.955   -4.23e-18       4e-18
genre_Sport                 -0.0425      0.021     -2.048      0.041      -0.083      -0.002
genre_Thriller              -0.0733      0.011     -6.854      0.000      -0.094      -0.052
genre_War                    0.0249      0.029      0.853      0.393      -0.032       0.082
genre_Western               -0.0349      0.052     -0.677      0.498      -0.136       0.066
==============================================================================
Omnibus:                     1660.253   Durbin-Watson:                   2.006
Prob(Omnibus):                  0.000   Jarque-Bera (JB):            13661.353
Skew:                           1.760   Prob(JB):                         0.00
Kurtosis:                      11.326   Cond. No.                     1.02e+16
==============================================================================

Notes:
[1] Standard Errors assume that the covariance matrix of the errors is correctly specified.
[2] The smallest eigenvalue is 6.3e-27. This might indicate that there are
strong multicollinearity problems or that the design matrix is singular.