                            OLS Regression Results                            
==============================================================================
Dep. Variable:              sd_pooled   R-squared:                       0.560
Model:                            OLS   Adj. R-squared:                  0.553
Method:                 Least Squares   F-statistic:                     78.45
Date:                Sun, 29 Mar 2026   Prob (F-statistic):               0.00
Time:                        15:57:34   Log-Likelihood:                 523.77
No. Observations:                4012   AIC:                            -917.5
Df Residuals:                    3947   BIC:                            -508.2
Df Model:                          64                                         
Covariance Type:            nonrobust                                         
============================================================================================
                               coef    std err          t      P>|t|      [0.025      0.975]
--------------------------------------------------------------------------------------------
const                        3.3857      0.049     69.725      0.000       3.291       3.481
FLead                        0.0447      0.008      5.554      0.000       0.029       0.060
mean_pooled                 -0.2322      0.004    -52.702      0.000      -0.241      -0.224
kim_violence_gore            0.0047      0.002      1.885      0.060      -0.000       0.010
kim_sex_nudity               0.0130      0.002      6.458      0.000       0.009       0.017
kim_language                -0.0137      0.002     -7.308      0.000      -0.017      -0.010
major                       -0.0410      0.008     -5.090      0.000      -0.057      -0.025
log_bom_opening_theaters     0.0061      0.002      3.429      0.001       0.003       0.010
genres_count                -0.0061      0.007     -0.907      0.364      -0.019       0.007
yr_1993                     -0.0007      0.035     -0.021      0.983      -0.068       0.067
yr_1994                      0.0013      0.035      0.037      0.971      -0.068       0.070
yr_1995                      0.0490      0.035      1.411      0.158      -0.019       0.117
yr_1996                      0.0130      0.034      0.380      0.704      -0.054       0.080
yr_1997                      0.0183      0.035      0.526      0.599      -0.050       0.086
yr_1998                      0.0615      0.034      1.833      0.067      -0.004       0.127
yr_1999                      0.0661      0.033      2.026      0.043       0.002       0.130
yr_2000                     -0.0047      0.034     -0.141      0.888      -0.071       0.061
yr_2001                      0.0635      0.033      1.919      0.055      -0.001       0.128
yr_2002                      0.0209      0.033      0.643      0.520      -0.043       0.085
yr_2003                      0.0049      0.033      0.149      0.882      -0.059       0.069
yr_2004                      0.0683      0.032      2.102      0.036       0.005       0.132
yr_2005                      0.0550      0.032      1.706      0.088      -0.008       0.118
yr_2006                      0.1051      0.032      3.281      0.001       0.042       0.168
yr_2007                      0.1186      0.032      3.719      0.000       0.056       0.181
yr_2008                      0.0588      0.032      1.829      0.068      -0.004       0.122
yr_2009                      0.0396      0.033      1.219      0.223      -0.024       0.103
yr_2010                      0.0342      0.032      1.053      0.292      -0.029       0.098
yr_2011                      0.0360      0.032      1.129      0.259      -0.027       0.099
yr_2012                      0.0207      0.032      0.651      0.515      -0.042       0.083
yr_2013                      0.0135      0.032      0.423      0.672      -0.049       0.076
yr_2014                      0.0435      0.032      1.347      0.178      -0.020       0.107
yr_2015                     -0.0292      0.032     -0.911      0.362      -0.092       0.034
yr_2016                     -0.0317      0.032     -0.981      0.327      -0.095       0.032
yr_2017                      0.0241      0.033      0.738      0.460      -0.040       0.088
yr_2018                      0.0187      0.033      0.570      0.569      -0.046       0.083
mo_2                         0.0076      0.019      0.389      0.697      -0.031       0.046
mo_3                        -0.0041      0.019     -0.223      0.824      -0.041       0.032
mo_4                         0.0020      0.019      0.109      0.914      -0.035       0.039
mo_5                        -0.0125      0.020     -0.632      0.527      -0.051       0.026
mo_6                        -0.0259      0.019     -1.326      0.185      -0.064       0.012
mo_7                        -0.0241      0.019     -1.274      0.203      -0.061       0.013
mo_8                        -0.0255      0.018     -1.397      0.162      -0.061       0.010
mo_9                        -0.0287      0.019     -1.542      0.123      -0.065       0.008
mo_10                       -0.0058      0.018     -0.315      0.753      -0.042       0.030
mo_11                       -0.0237      0.019     -1.259      0.208      -0.061       0.013
mo_12                       -0.0252      0.018     -1.389      0.165      -0.061       0.010
genre_Action                -0.0483      0.011     -4.564      0.000      -0.069      -0.028
genre_Adventure             -0.0053      0.011     -0.467      0.641      -0.027       0.017
genre_Animation             -0.0334      0.018     -1.860      0.063      -0.069       0.002
genre_Biography             -0.0955      0.014     -6.703      0.000      -0.123      -0.068
genre_Comedy                -0.0144      0.009     -1.546      0.122      -0.033       0.004
genre_Crime                 -0.0854      0.010     -8.317      0.000      -0.106      -0.065
genre_Drama                  0.0094      0.009      0.991      0.322      -0.009       0.028
genre_Family                 0.0662      0.015      4.542      0.000       0.038       0.095
genre_Fantasy                0.0047      0.013      0.370      0.711      -0.020       0.030
genre_History                0.0228      0.020      1.117      0.264      -0.017       0.063
genre_Horror                -0.0156      0.014     -1.111      0.267      -0.043       0.012
genre_Music                  0.1023      0.019      5.356      0.000       0.065       0.140
genre_Musical                0.3154      0.043      7.279      0.000       0.230       0.400
genre_Mystery               -0.0603      0.013     -4.783      0.000      -0.085      -0.036
genre_News               -1.283e-17   4.64e-18     -2.767      0.006   -2.19e-17   -3.74e-18
genre_Romance               -0.0282      0.010     -2.768      0.006      -0.048      -0.008
genre_Sci_Fi                -0.0122      0.014     -0.894      0.371      -0.039       0.014
genre_Short              -4.686e-18    2.1e-18     -2.230      0.026   -8.81e-18   -5.67e-19
genre_Sport                 -0.0422      0.021     -2.036      0.042      -0.083      -0.002
genre_Thriller              -0.0732      0.011     -6.859      0.000      -0.094      -0.052
genre_War                    0.0240      0.029      0.823      0.410      -0.033       0.081
genre_Western               -0.0369      0.052     -0.716      0.474      -0.138       0.064
==============================================================================
Omnibus:                     1661.384   Durbin-Watson:                   2.006
Prob(Omnibus):                  0.000   Jarque-Bera (JB):            13691.029
Skew:                           1.761   Prob(JB):                         0.00
Kurtosis:                      11.336   Cond. No.                     1.02e+16
==============================================================================

Notes:
[1] Standard Errors assume that the covariance matrix of the errors is correctly specified.
[2] The smallest eigenvalue is 6.29e-27. This might indicate that there are
strong multicollinearity problems or that the design matrix is singular.