                            OLS Regression Results                            
==============================================================================
Dep. Variable:              sd_pooled   R-squared:                       0.561
Model:                            OLS   Adj. R-squared:                  0.553
Method:                 Least Squares   F-statistic:                     78.68
Date:                Tue, 31 Mar 2026   Prob (F-statistic):               0.00
Time:                        21:41:43   Log-Likelihood:                 526.99
No. Observations:                4012   AIC:                            -924.0
Df Residuals:                    3947   BIC:                            -514.7
Df Model:                          64                                         
Covariance Type:            nonrobust                                         
============================================================================================
                               coef    std err          t      P>|t|      [0.025      0.975]
--------------------------------------------------------------------------------------------
const                        3.3799      0.049     69.619      0.000       3.285       3.475
FLead                        0.0452      0.008      5.628      0.000       0.029       0.061
mean_pooled                 -0.2323      0.004    -52.784      0.000      -0.241      -0.224
kim_violence_gore            0.0077      0.002      3.146      0.002       0.003       0.012
kim_sex_nudity               0.0126      0.002      6.259      0.000       0.009       0.017
kim_language                -0.0141      0.002     -7.553      0.000      -0.018      -0.010
major                       -0.0403      0.008     -5.009      0.000      -0.056      -0.025
log_bom_opening_theaters     0.0059      0.002      3.325      0.001       0.002       0.009
genres_count                -0.0071      0.007     -1.050      0.294      -0.020       0.006
yr_1993                     -0.0021      0.034     -0.062      0.950      -0.070       0.065
yr_1994                      0.0008      0.035      0.022      0.982      -0.068       0.070
yr_1995                      0.0478      0.035      1.378      0.168      -0.020       0.116
yr_1996                      0.0137      0.034      0.403      0.687      -0.053       0.081
yr_1997                      0.0172      0.035      0.497      0.619      -0.051       0.085
yr_1998                      0.0605      0.033      1.807      0.071      -0.005       0.126
yr_1999                      0.0653      0.033      2.003      0.045       0.001       0.129
yr_2000                     -0.0062      0.034     -0.186      0.853      -0.072       0.060
yr_2001                      0.0612      0.033      1.853      0.064      -0.004       0.126
yr_2002                      0.0189      0.032      0.581      0.561      -0.045       0.083
yr_2003                      0.0053      0.033      0.163      0.871      -0.059       0.069
yr_2004                      0.0656      0.032      2.021      0.043       0.002       0.129
yr_2005                      0.0531      0.032      1.648      0.099      -0.010       0.116
yr_2006                      0.1032      0.032      3.228      0.001       0.041       0.166
yr_2007                      0.1178      0.032      3.701      0.000       0.055       0.180
yr_2008                      0.0566      0.032      1.762      0.078      -0.006       0.119
yr_2009                      0.0375      0.032      1.156      0.248      -0.026       0.101
yr_2010                      0.0336      0.032      1.037      0.300      -0.030       0.097
yr_2011                      0.0346      0.032      1.086      0.278      -0.028       0.097
yr_2012                      0.0186      0.032      0.586      0.558      -0.044       0.081
yr_2013                      0.0113      0.032      0.353      0.724      -0.051       0.074
yr_2014                      0.0418      0.032      1.295      0.195      -0.021       0.105
yr_2015                     -0.0296      0.032     -0.923      0.356      -0.092       0.033
yr_2016                     -0.0327      0.032     -1.012      0.312      -0.096       0.031
yr_2017                      0.0226      0.033      0.693      0.488      -0.041       0.086
yr_2018                      0.0177      0.033      0.542      0.588      -0.046       0.082
mo_2                         0.0073      0.019      0.377      0.706      -0.031       0.046
mo_3                        -0.0043      0.019     -0.233      0.815      -0.041       0.032
mo_4                         0.0016      0.019      0.086      0.931      -0.035       0.038
mo_5                        -0.0124      0.020     -0.628      0.530      -0.051       0.026
mo_6                        -0.0260      0.019     -1.334      0.182      -0.064       0.012
mo_7                        -0.0242      0.019     -1.276      0.202      -0.061       0.013
mo_8                        -0.0253      0.018     -1.385      0.166      -0.061       0.011
mo_9                        -0.0284      0.019     -1.531      0.126      -0.065       0.008
mo_10                       -0.0056      0.018     -0.309      0.757      -0.041       0.030
mo_11                       -0.0240      0.019     -1.277      0.202      -0.061       0.013
mo_12                       -0.0254      0.018     -1.397      0.163      -0.061       0.010
genre_Action                -0.0502      0.011     -4.764      0.000      -0.071      -0.030
genre_Adventure             -0.0064      0.011     -0.566      0.571      -0.028       0.016
genre_Animation             -0.0313      0.018     -1.743      0.081      -0.067       0.004
genre_Biography             -0.0943      0.014     -6.626      0.000      -0.122      -0.066
genre_Comedy                -0.0113      0.009     -1.215      0.224      -0.029       0.007
genre_Crime                 -0.0872      0.010     -8.488      0.000      -0.107      -0.067
genre_Drama                  0.0100      0.009      1.057      0.291      -0.009       0.029
genre_Family                 0.0677      0.015      4.648      0.000       0.039       0.096
genre_Fantasy                0.0041      0.013      0.325      0.745      -0.021       0.029
genre_History                0.0211      0.020      1.031      0.303      -0.019       0.061
genre_Horror                -0.0196      0.014     -1.392      0.164      -0.047       0.008
genre_Music                  0.1046      0.019      5.491      0.000       0.067       0.142
genre_Musical                0.3160      0.043      7.306      0.000       0.231       0.401
genre_Mystery               -0.0602      0.013     -4.780      0.000      -0.085      -0.036
genre_News                4.652e-18   5.09e-18      0.914      0.361   -5.33e-18    1.46e-17
genre_Romance               -0.0251      0.010     -2.469      0.014      -0.045      -0.005
genre_Sci_Fi                -0.0136      0.014     -1.000      0.318      -0.040       0.013
genre_Short              -1.104e-17   9.57e-18     -1.153      0.249   -2.98e-17    7.73e-18
genre_Sport                 -0.0412      0.021     -1.989      0.047      -0.082      -0.001
genre_Thriller              -0.0747      0.011     -6.993      0.000      -0.096      -0.054
genre_War                    0.0197      0.029      0.678      0.498      -0.037       0.077
genre_Western               -0.0352      0.051     -0.684      0.494      -0.136       0.066
==============================================================================
Omnibus:                     1650.480   Durbin-Watson:                   2.005
Prob(Omnibus):                  0.000   Jarque-Bera (JB):            13406.041
Skew:                           1.752   Prob(JB):                         0.00
Kurtosis:                      11.241   Cond. No.                     1.02e+16
==============================================================================

Notes:
[1] Standard Errors assume that the covariance matrix of the errors is correctly specified.
[2] The smallest eigenvalue is 6.29e-27. This might indicate that there are
strong multicollinearity problems or that the design matrix is singular.