                            OLS Regression Results                            
==============================================================================
Dep. Variable:              sd_pooled   R-squared:                       0.562
Model:                            OLS   Adj. R-squared:                  0.555
Method:                 Least Squares   F-statistic:                     79.29
Date:                Sun, 29 Mar 2026   Prob (F-statistic):               0.00
Time:                        09:52:34   Log-Likelihood:                 535.67
No. Observations:                4012   AIC:                            -941.3
Df Residuals:                    3947   BIC:                            -532.0
Df Model:                          64                                         
Covariance Type:            nonrobust                                         
============================================================================================
                               coef    std err          t      P>|t|      [0.025      0.975]
--------------------------------------------------------------------------------------------
const                        3.3783      0.048     69.868      0.000       3.283       3.473
FLead                        0.0470      0.008      5.848      0.000       0.031       0.063
mean_pooled                 -0.2337      0.004    -53.068      0.000      -0.242      -0.225
kim_violence_gore            0.0131      0.003      5.201      0.000       0.008       0.018
kim_sex_nudity               0.0113      0.002      5.596      0.000       0.007       0.015
kim_language                -0.0151      0.002     -8.065      0.000      -0.019      -0.011
major                       -0.0392      0.008     -4.874      0.000      -0.055      -0.023
log_bom_opening_theaters     0.0055      0.002      3.094      0.002       0.002       0.009
genres_count                -0.0099      0.007     -1.461      0.144      -0.023       0.003
yr_1993                     -0.0067      0.034     -0.196      0.845      -0.074       0.061
yr_1994                     -0.0034      0.035     -0.097      0.923      -0.072       0.066
yr_1995                      0.0431      0.035      1.244      0.214      -0.025       0.111
yr_1996                      0.0084      0.034      0.246      0.805      -0.058       0.075
yr_1997                      0.0133      0.035      0.383      0.702      -0.055       0.081
yr_1998                      0.0587      0.033      1.757      0.079      -0.007       0.124
yr_1999                      0.0596      0.033      1.829      0.067      -0.004       0.123
yr_2000                     -0.0098      0.034     -0.291      0.771      -0.076       0.056
yr_2001                      0.0552      0.033      1.674      0.094      -0.009       0.120
yr_2002                      0.0154      0.032      0.475      0.635      -0.048       0.079
yr_2003                     -0.0012      0.033     -0.036      0.971      -0.065       0.063
yr_2004                      0.0601      0.032      1.852      0.064      -0.004       0.124
yr_2005                      0.0471      0.032      1.464      0.143      -0.016       0.110
yr_2006                      0.0956      0.032      2.994      0.003       0.033       0.158
yr_2007                      0.1093      0.032      3.435      0.001       0.047       0.172
yr_2008                      0.0513      0.032      1.602      0.109      -0.011       0.114
yr_2009                      0.0306      0.032      0.943      0.346      -0.033       0.094
yr_2010                      0.0256      0.032      0.793      0.428      -0.038       0.089
yr_2011                      0.0285      0.032      0.897      0.370      -0.034       0.091
yr_2012                      0.0139      0.032      0.439      0.661      -0.048       0.076
yr_2013                      0.0067      0.032      0.210      0.834      -0.056       0.069
yr_2014                      0.0385      0.032      1.196      0.232      -0.025       0.102
yr_2015                     -0.0321      0.032     -1.004      0.315      -0.095       0.031
yr_2016                     -0.0363      0.032     -1.127      0.260      -0.099       0.027
yr_2017                      0.0203      0.033      0.625      0.532      -0.043       0.084
yr_2018                      0.0145      0.033      0.444      0.657      -0.050       0.078
mo_2                         0.0080      0.019      0.410      0.682      -0.030       0.046
mo_3                        -0.0041      0.019     -0.222      0.825      -0.040       0.032
mo_4                         0.0004      0.019      0.019      0.985      -0.036       0.037
mo_5                        -0.0125      0.020     -0.635      0.525      -0.051       0.026
mo_6                        -0.0255      0.019     -1.312      0.190      -0.064       0.013
mo_7                        -0.0231      0.019     -1.223      0.221      -0.060       0.014
mo_8                        -0.0252      0.018     -1.384      0.166      -0.061       0.011
mo_9                        -0.0276      0.019     -1.491      0.136      -0.064       0.009
mo_10                       -0.0071      0.018     -0.390      0.697      -0.043       0.029
mo_11                       -0.0241      0.019     -1.287      0.198      -0.061       0.013
mo_12                       -0.0265      0.018     -1.461      0.144      -0.062       0.009
genre_Action                -0.0559      0.011     -5.280      0.000      -0.077      -0.035
genre_Adventure             -0.0062      0.011     -0.553      0.581      -0.028       0.016
genre_Animation             -0.0275      0.018     -1.530      0.126      -0.063       0.008
genre_Biography             -0.0919      0.014     -6.466      0.000      -0.120      -0.064
genre_Comedy                -0.0020      0.009     -0.214      0.831      -0.021       0.017
genre_Crime                 -0.0894      0.010     -8.737      0.000      -0.109      -0.069
genre_Drama                  0.0141      0.010      1.483      0.138      -0.005       0.033
genre_Family                 0.0715      0.015      4.913      0.000       0.043       0.100
genre_Fantasy                0.0041      0.013      0.328      0.743      -0.021       0.029
genre_History                0.0177      0.020      0.869      0.385      -0.022       0.058
genre_Horror                -0.0354      0.015     -2.438      0.015      -0.064      -0.007
genre_Music                  0.1128      0.019      5.903      0.000       0.075       0.150
genre_Musical                0.3192      0.043      7.397      0.000       0.235       0.404
genre_Mystery               -0.0588      0.013     -4.677      0.000      -0.083      -0.034
genre_News               -7.299e-18   8.81e-18     -0.829      0.407   -2.46e-17    9.97e-18
genre_Romance               -0.0176      0.010     -1.714      0.087      -0.038       0.003
genre_Sci_Fi                -0.0128      0.014     -0.946      0.344      -0.039       0.014
genre_Short              -1.337e-17   1.71e-17     -0.783      0.434   -4.69e-17    2.01e-17
genre_Sport                 -0.0372      0.021     -1.795      0.073      -0.078       0.003
genre_Thriller              -0.0743      0.011     -6.981      0.000      -0.095      -0.053
genre_War                    0.0087      0.029      0.299      0.765      -0.048       0.066
genre_Western               -0.0490      0.051     -0.953      0.341      -0.150       0.052
==============================================================================
Omnibus:                     1641.941   Durbin-Watson:                   2.006
Prob(Omnibus):                  0.000   Jarque-Bera (JB):            13219.418
Skew:                           1.744   Prob(JB):                         0.00
Kurtosis:                      11.180   Cond. No.                     1.02e+16
==============================================================================

Notes:
[1] Standard Errors assume that the covariance matrix of the errors is correctly specified.
[2] The smallest eigenvalue is 6.38e-27. This might indicate that there are
strong multicollinearity problems or that the design matrix is singular.