                            OLS Regression Results                            
==============================================================================
Dep. Variable:              sd_pooled   R-squared:                       0.562
Model:                            OLS   Adj. R-squared:                  0.555
Method:                 Least Squares   F-statistic:                     79.09
Date:                Sun, 29 Mar 2026   Prob (F-statistic):               0.00
Time:                        15:27:39   Log-Likelihood:                 532.90
No. Observations:                4012   AIC:                            -935.8
Df Residuals:                    3947   BIC:                            -526.5
Df Model:                          64                                         
Covariance Type:            nonrobust                                         
============================================================================================
                               coef    std err          t      P>|t|      [0.025      0.975]
--------------------------------------------------------------------------------------------
const                        3.3793      0.048     69.831      0.000       3.284       3.474
FLead                        0.0466      0.008      5.794      0.000       0.031       0.062
mean_pooled                 -0.2335      0.004    -52.989      0.000      -0.242      -0.225
kim_violence_gore            0.0118      0.003      4.645      0.000       0.007       0.017
kim_sex_nudity               0.0116      0.002      5.723      0.000       0.008       0.016
kim_language                -0.0149      0.002     -7.960      0.000      -0.019      -0.011
major                       -0.0396      0.008     -4.923      0.000      -0.055      -0.024
log_bom_opening_theaters     0.0056      0.002      3.167      0.002       0.002       0.009
genres_count                -0.0094      0.007     -1.390      0.165      -0.023       0.004
yr_1993                     -0.0058      0.034     -0.170      0.865      -0.073       0.062
yr_1994                     -0.0028      0.035     -0.079      0.937      -0.072       0.066
yr_1995                      0.0433      0.035      1.249      0.212      -0.025       0.111
yr_1996                      0.0087      0.034      0.256      0.798      -0.058       0.075
yr_1997                      0.0138      0.035      0.399      0.690      -0.054       0.082
yr_1998                      0.0593      0.033      1.772      0.076      -0.006       0.125
yr_1999                      0.0608      0.033      1.866      0.062      -0.003       0.125
yr_2000                     -0.0084      0.034     -0.252      0.801      -0.074       0.057
yr_2001                      0.0563      0.033      1.706      0.088      -0.008       0.121
yr_2002                      0.0161      0.032      0.497      0.619      -0.047       0.080
yr_2003                      0.0003      0.033      0.009      0.993      -0.064       0.064
yr_2004                      0.0614      0.032      1.894      0.058      -0.002       0.125
yr_2005                      0.0481      0.032      1.494      0.135      -0.015       0.111
yr_2006                      0.0972      0.032      3.041      0.002       0.035       0.160
yr_2007                      0.1103      0.032      3.463      0.001       0.048       0.173
yr_2008                      0.0525      0.032      1.639      0.101      -0.010       0.115
yr_2009                      0.0326      0.032      1.005      0.315      -0.031       0.096
yr_2010                      0.0270      0.032      0.835      0.404      -0.036       0.090
yr_2011                      0.0300      0.032      0.943      0.346      -0.032       0.092
yr_2012                      0.0153      0.032      0.484      0.628      -0.047       0.077
yr_2013                      0.0078      0.032      0.244      0.807      -0.055       0.070
yr_2014                      0.0399      0.032      1.240      0.215      -0.023       0.103
yr_2015                     -0.0313      0.032     -0.979      0.328      -0.094       0.031
yr_2016                     -0.0355      0.032     -1.101      0.271      -0.099       0.028
yr_2017                      0.0209      0.033      0.641      0.522      -0.043       0.085
yr_2018                      0.0152      0.033      0.465      0.642      -0.049       0.079
mo_2                         0.0082      0.019      0.423      0.672      -0.030       0.046
mo_3                        -0.0041      0.019     -0.219      0.827      -0.040       0.032
mo_4                         0.0012      0.019      0.063      0.949      -0.035       0.038
mo_5                        -0.0120      0.020     -0.611      0.541      -0.051       0.027
mo_6                        -0.0250      0.019     -1.284      0.199      -0.063       0.013
mo_7                        -0.0228      0.019     -1.206      0.228      -0.060       0.014
mo_8                        -0.0248      0.018     -1.362      0.173      -0.061       0.011
mo_9                        -0.0274      0.019     -1.477      0.140      -0.064       0.009
mo_10                       -0.0066      0.018     -0.363      0.717      -0.042       0.029
mo_11                       -0.0236      0.019     -1.259      0.208      -0.060       0.013
mo_12                       -0.0257      0.018     -1.416      0.157      -0.061       0.010
genre_Action                -0.0549      0.011     -5.179      0.000      -0.076      -0.034
genre_Adventure             -0.0059      0.011     -0.527      0.598      -0.028       0.016
genre_Animation             -0.0286      0.018     -1.595      0.111      -0.064       0.007
genre_Biography             -0.0922      0.014     -6.476      0.000      -0.120      -0.064
genre_Comedy                -0.0038      0.010     -0.398      0.691      -0.022       0.015
genre_Crime                 -0.0885      0.010     -8.645      0.000      -0.109      -0.068
genre_Drama                  0.0136      0.010      1.427      0.154      -0.005       0.032
genre_Family                 0.0706      0.015      4.851      0.000       0.042       0.099
genre_Fantasy                0.0043      0.013      0.337      0.736      -0.021       0.029
genre_History                0.0185      0.020      0.906      0.365      -0.022       0.058
genre_Horror                -0.0333      0.015     -2.282      0.023      -0.062      -0.005
genre_Music                  0.1111      0.019      5.813      0.000       0.074       0.149
genre_Musical                0.3183      0.043      7.371      0.000       0.234       0.403
genre_Mystery               -0.0585      0.013     -4.652      0.000      -0.083      -0.034
genre_News                1.134e-17   4.69e-18      2.420      0.016    2.15e-18    2.05e-17
genre_Romance               -0.0192      0.010     -1.869      0.062      -0.039       0.001
genre_Sci_Fi                -0.0127      0.014     -0.939      0.348      -0.039       0.014
genre_Short               1.368e-18    1.9e-18      0.719      0.472   -2.36e-18     5.1e-18
genre_Sport                 -0.0381      0.021     -1.838      0.066      -0.079       0.003
genre_Thriller              -0.0737      0.011     -6.926      0.000      -0.095      -0.053
genre_War                    0.0109      0.029      0.374      0.709      -0.046       0.068
genre_Western               -0.0472      0.051     -0.917      0.359      -0.148       0.054
==============================================================================
Omnibus:                     1646.800   Durbin-Watson:                   2.006
Prob(Omnibus):                  0.000   Jarque-Bera (JB):            13336.041
Skew:                           1.748   Prob(JB):                         0.00
Kurtosis:                      11.219   Cond. No.                     1.02e+16
==============================================================================

Notes:
[1] Standard Errors assume that the covariance matrix of the errors is correctly specified.
[2] The smallest eigenvalue is 6.38e-27. This might indicate that there are
strong multicollinearity problems or that the design matrix is singular.