                            OLS Regression Results                            
==============================================================================
Dep. Variable:              sd_pooled   R-squared:                       0.562
Model:                            OLS   Adj. R-squared:                  0.555
Method:                 Least Squares   F-statistic:                     79.16
Date:                Sun, 29 Mar 2026   Prob (F-statistic):               0.00
Time:                        15:42:08   Log-Likelihood:                 533.83
No. Observations:                4012   AIC:                            -937.7
Df Residuals:                    3947   BIC:                            -528.4
Df Model:                          64                                         
Covariance Type:            nonrobust                                         
============================================================================================
                               coef    std err          t      P>|t|      [0.025      0.975]
--------------------------------------------------------------------------------------------
const                        3.3809      0.048     70.321      0.000       3.287       3.475
FLead                        0.0469      0.008      5.835      0.000       0.031       0.063
mean_pooled                 -0.2332      0.004    -52.802      0.000      -0.242      -0.225
kim_violence_gore            0.0120      0.003      4.713      0.000       0.007       0.017
kim_sex_nudity               0.0115      0.002      5.668      0.000       0.008       0.015
kim_language                -0.0149      0.002     -7.954      0.000      -0.019      -0.011
major                       -0.0398      0.008     -4.957      0.000      -0.056      -0.024
log_bom_opening_theaters     0.0054      0.002      3.246      0.001       0.002       0.009
genres_count                -0.0095      0.007     -1.396      0.163      -0.023       0.004
yr_1993                     -0.0084      0.034     -0.243      0.808      -0.076       0.059
yr_1994                     -0.0049      0.035     -0.141      0.888      -0.074       0.064
yr_1995                      0.0424      0.035      1.223      0.221      -0.026       0.110
yr_1996                      0.0068      0.034      0.199      0.842      -0.060       0.073
yr_1997                      0.0113      0.035      0.326      0.744      -0.057       0.079
yr_1998                      0.0580      0.033      1.735      0.083      -0.008       0.124
yr_1999                      0.0584      0.033      1.794      0.073      -0.005       0.122
yr_2000                     -0.0089      0.034     -0.266      0.790      -0.075       0.057
yr_2001                      0.0541      0.033      1.641      0.101      -0.011       0.119
yr_2002                      0.0141      0.032      0.434      0.664      -0.050       0.078
yr_2003                     -0.0020      0.033     -0.060      0.952      -0.066       0.062
yr_2004                      0.0601      0.032      1.854      0.064      -0.003       0.124
yr_2005                      0.0465      0.032      1.447      0.148      -0.017       0.110
yr_2006                      0.0951      0.032      2.976      0.003       0.032       0.158
yr_2007                      0.1103      0.032      3.466      0.001       0.048       0.173
yr_2008                      0.0505      0.032      1.573      0.116      -0.012       0.113
yr_2009                      0.0301      0.032      0.928      0.353      -0.034       0.094
yr_2010                      0.0249      0.032      0.770      0.441      -0.039       0.088
yr_2011                      0.0276      0.032      0.867      0.386      -0.035       0.090
yr_2012                      0.0131      0.032      0.413      0.680      -0.049       0.075
yr_2013                      0.0052      0.032      0.162      0.871      -0.057       0.068
yr_2014                      0.0381      0.032      1.182      0.237      -0.025       0.101
yr_2015                     -0.0321      0.032     -1.003      0.316      -0.095       0.031
yr_2016                     -0.0369      0.032     -1.144      0.253      -0.100       0.026
yr_2017                      0.0203      0.033      0.624      0.533      -0.043       0.084
yr_2018                      0.0138      0.033      0.424      0.672      -0.050       0.078
mo_2                         0.0093      0.019      0.478      0.633      -0.029       0.047
mo_3                        -0.0046      0.019     -0.247      0.805      -0.041       0.032
mo_4                         0.0011      0.019      0.058      0.954      -0.036       0.038
mo_5                        -0.0131      0.020     -0.665      0.506      -0.052       0.026
mo_6                        -0.0252      0.019     -1.294      0.196      -0.063       0.013
mo_7                        -0.0237      0.019     -1.252      0.210      -0.061       0.013
mo_8                        -0.0254      0.018     -1.391      0.164      -0.061       0.010
mo_9                        -0.0270      0.019     -1.458      0.145      -0.063       0.009
mo_10                       -0.0072      0.018     -0.395      0.693      -0.043       0.029
mo_11                       -0.0247      0.019     -1.318      0.188      -0.061       0.012
mo_12                       -0.0282      0.018     -1.564      0.118      -0.064       0.007
genre_Action                -0.0548      0.011     -5.168      0.000      -0.076      -0.034
genre_Adventure             -0.0057      0.011     -0.505      0.614      -0.028       0.016
genre_Animation             -0.0273      0.018     -1.522      0.128      -0.063       0.008
genre_Biography             -0.0950      0.014     -6.700      0.000      -0.123      -0.067
genre_Comedy                -0.0032      0.010     -0.333      0.739      -0.022       0.015
genre_Crime                 -0.0883      0.010     -8.621      0.000      -0.108      -0.068
genre_Drama                  0.0127      0.009      1.344      0.179      -0.006       0.031
genre_Family                 0.0716      0.015      4.919      0.000       0.043       0.100
genre_Fantasy                0.0040      0.013      0.319      0.749      -0.021       0.029
genre_History                0.0175      0.020      0.858      0.391      -0.022       0.058
genre_Horror                -0.0348      0.015     -2.382      0.017      -0.063      -0.006
genre_Music                  0.1122      0.019      5.870      0.000       0.075       0.150
genre_Musical                0.3186      0.043      7.380      0.000       0.234       0.403
genre_Mystery               -0.0590      0.013     -4.693      0.000      -0.084      -0.034
genre_News                1.658e-18   6.54e-18      0.254      0.800   -1.12e-17    1.45e-17
genre_Romance               -0.0185      0.010     -1.793      0.073      -0.039       0.002
genre_Sci_Fi                -0.0122      0.014     -0.900      0.368      -0.039       0.014
genre_Short              -4.853e-19   6.95e-19     -0.698      0.485   -1.85e-18    8.78e-19
genre_Sport                 -0.0349      0.021     -1.688      0.091      -0.075       0.006
genre_Thriller              -0.0739      0.011     -6.945      0.000      -0.095      -0.053
genre_War                    0.0081      0.029      0.277      0.781      -0.049       0.065
genre_Western               -0.0467      0.051     -0.909      0.364      -0.148       0.054
==============================================================================
Omnibus:                     1649.054   Durbin-Watson:                   2.008
Prob(Omnibus):                  0.000   Jarque-Bera (JB):            13383.958
Skew:                           1.751   Prob(JB):                         0.00
Kurtosis:                      11.234   Cond. No.                     1.02e+16
==============================================================================

Notes:
[1] Standard Errors assume that the covariance matrix of the errors is correctly specified.
[2] The smallest eigenvalue is 6.37e-27. This might indicate that there are
strong multicollinearity problems or that the design matrix is singular.