                            OLS Regression Results                            
==============================================================================
Dep. Variable:              sd_pooled   R-squared:                       0.562
Model:                            OLS   Adj. R-squared:                  0.555
Method:                 Least Squares   F-statistic:                     79.16
Date:                Tue, 31 Mar 2026   Prob (F-statistic):               0.00
Time:                        18:27:34   Log-Likelihood:                 533.86
No. Observations:                4012   AIC:                            -937.7
Df Residuals:                    3947   BIC:                            -528.4
Df Model:                          64                                         
Covariance Type:            nonrobust                                         
============================================================================================
                               coef    std err          t      P>|t|      [0.025      0.975]
--------------------------------------------------------------------------------------------
const                        3.3811      0.048     69.888      0.000       3.286       3.476
FLead                        0.0464      0.008      5.775      0.000       0.031       0.062
mean_pooled                 -0.2336      0.004    -53.048      0.000      -0.242      -0.225
kim_violence_gore            0.0121      0.003      4.773      0.000       0.007       0.017
kim_sex_nudity               0.0115      0.002      5.684      0.000       0.008       0.015
kim_language                -0.0149      0.002     -8.026      0.000      -0.019      -0.011
major                       -0.0396      0.008     -4.925      0.000      -0.055      -0.024
log_bom_opening_theaters     0.0055      0.002      3.093      0.002       0.002       0.009
genres_count                -0.0095      0.007     -1.403      0.161      -0.023       0.004
yr_1993                     -0.0062      0.034     -0.181      0.856      -0.074       0.061
yr_1994                     -0.0032      0.035     -0.091      0.927      -0.072       0.066
yr_1995                      0.0437      0.035      1.259      0.208      -0.024       0.112
yr_1996                      0.0075      0.034      0.221      0.825      -0.059       0.074
yr_1997                      0.0134      0.035      0.386      0.700      -0.055       0.081
yr_1998                      0.0590      0.033      1.764      0.078      -0.007       0.125
yr_1999                      0.0598      0.033      1.836      0.066      -0.004       0.124
yr_2000                     -0.0094      0.034     -0.279      0.780      -0.075       0.056
yr_2001                      0.0560      0.033      1.697      0.090      -0.009       0.121
yr_2002                      0.0159      0.032      0.490      0.624      -0.048       0.080
yr_2003                     -0.0004      0.033     -0.012      0.990      -0.064       0.064
yr_2004                      0.0609      0.032      1.878      0.060      -0.003       0.125
yr_2005                      0.0485      0.032      1.507      0.132      -0.015       0.112
yr_2006                      0.0965      0.032      3.020      0.003       0.034       0.159
yr_2007                      0.1102      0.032      3.461      0.001       0.048       0.173
yr_2008                      0.0523      0.032      1.630      0.103      -0.011       0.115
yr_2009                      0.0314      0.032      0.967      0.333      -0.032       0.095
yr_2010                      0.0262      0.032      0.810      0.418      -0.037       0.090
yr_2011                      0.0295      0.032      0.929      0.353      -0.033       0.092
yr_2012                      0.0150      0.032      0.473      0.636      -0.047       0.077
yr_2013                      0.0068      0.032      0.213      0.831      -0.056       0.069
yr_2014                      0.0389      0.032      1.209      0.227      -0.024       0.102
yr_2015                     -0.0314      0.032     -0.981      0.327      -0.094       0.031
yr_2016                     -0.0360      0.032     -1.119      0.263      -0.099       0.027
yr_2017                      0.0206      0.033      0.632      0.527      -0.043       0.084
yr_2018                      0.0147      0.033      0.449      0.654      -0.049       0.079
mo_2                         0.0076      0.019      0.392      0.695      -0.031       0.046
mo_3                        -0.0046      0.019     -0.251      0.802      -0.041       0.032
mo_4                         0.0004      0.019      0.024      0.981      -0.036       0.037
mo_5                        -0.0128      0.020     -0.651      0.515      -0.052       0.026
mo_6                        -0.0259      0.019     -1.331      0.183      -0.064       0.012
mo_7                        -0.0235      0.019     -1.245      0.213      -0.061       0.014
mo_8                        -0.0256      0.018     -1.402      0.161      -0.061       0.010
mo_9                        -0.0274      0.019     -1.478      0.139      -0.064       0.009
mo_10                       -0.0075      0.018     -0.409      0.683      -0.043       0.028
mo_11                       -0.0246      0.019     -1.310      0.190      -0.061       0.012
mo_12                       -0.0264      0.018     -1.454      0.146      -0.062       0.009
genre_Action                -0.0556      0.011     -5.239      0.000      -0.076      -0.035
genre_Adventure             -0.0056      0.011     -0.501      0.616      -0.028       0.016
genre_Animation             -0.0281      0.018     -1.566      0.117      -0.063       0.007
genre_Biography             -0.0920      0.014     -6.466      0.000      -0.120      -0.064
genre_Comedy                -0.0032      0.010     -0.332      0.740      -0.022       0.015
genre_Crime                 -0.0895      0.010     -8.750      0.000      -0.110      -0.069
genre_Drama                  0.0136      0.010      1.426      0.154      -0.005       0.032
genre_Family                 0.0709      0.015      4.866      0.000       0.042       0.099
genre_Fantasy                0.0039      0.013      0.310      0.756      -0.021       0.029
genre_History                0.0199      0.020      0.978      0.328      -0.020       0.060
genre_Horror                -0.0341      0.015     -2.335      0.020      -0.063      -0.005
genre_Music                  0.1114      0.019      5.829      0.000       0.074       0.149
genre_Musical                0.3183      0.043      7.372      0.000       0.234       0.403
genre_Mystery               -0.0585      0.013     -4.656      0.000      -0.083      -0.034
genre_News                  5.4e-18   3.61e-18      1.494      0.135   -1.68e-18    1.25e-17
genre_Romance               -0.0187      0.010     -1.814      0.070      -0.039       0.002
genre_Sci_Fi                -0.0129      0.014     -0.954      0.340      -0.040       0.014
genre_Short               4.479e-18   2.37e-18      1.891      0.059   -1.65e-19    9.12e-18
genre_Sport                 -0.0373      0.021     -1.801      0.072      -0.078       0.003
genre_Thriller              -0.0741      0.011     -6.965      0.000      -0.095      -0.053
genre_War                    0.0100      0.029      0.342      0.733      -0.047       0.067
genre_Western               -0.0478      0.051     -0.929      0.353      -0.149       0.053
==============================================================================
Omnibus:                     1648.079   Durbin-Watson:                   2.005
Prob(Omnibus):                  0.000   Jarque-Bera (JB):            13323.963
Skew:                           1.751   Prob(JB):                         0.00
Kurtosis:                      11.213   Cond. No.                     1.02e+16
==============================================================================

Notes:
[1] Standard Errors assume that the covariance matrix of the errors is correctly specified.
[2] The smallest eigenvalue is 6.39e-27. This might indicate that there are
strong multicollinearity problems or that the design matrix is singular.