                            OLS Regression Results                            
==============================================================================
Dep. Variable:              sd_pooled   R-squared:                       0.562
Model:                            OLS   Adj. R-squared:                  0.554
Method:                 Least Squares   F-statistic:                     78.98
Date:                Sun, 29 Mar 2026   Prob (F-statistic):               0.00
Time:                        15:28:59   Log-Likelihood:                 531.26
No. Observations:                4012   AIC:                            -932.5
Df Residuals:                    3947   BIC:                            -523.2
Df Model:                          64                                         
Covariance Type:            nonrobust                                         
============================================================================================
                               coef    std err          t      P>|t|      [0.025      0.975]
--------------------------------------------------------------------------------------------
const                        3.3796      0.048     69.815      0.000       3.285       3.474
FLead                        0.0472      0.008      5.873      0.000       0.031       0.063
mean_pooled                 -0.2337      0.004    -53.009      0.000      -0.242      -0.225
kim_violence_gore            0.0119      0.003      4.665      0.000       0.007       0.017
kim_sex_nudity               0.0113      0.002      5.584      0.000       0.007       0.015
kim_language                -0.0143      0.002     -7.696      0.000      -0.018      -0.011
major                       -0.0394      0.008     -4.901      0.000      -0.055      -0.024
log_bom_opening_theaters     0.0056      0.002      3.164      0.002       0.002       0.009
genres_count                -0.0094      0.007     -1.380      0.168      -0.023       0.004
yr_1993                     -0.0063      0.034     -0.182      0.856      -0.074       0.061
yr_1994                     -0.0028      0.035     -0.081      0.936      -0.072       0.066
yr_1995                      0.0437      0.035      1.260      0.208      -0.024       0.112
yr_1996                      0.0074      0.034      0.218      0.827      -0.059       0.074
yr_1997                      0.0122      0.035      0.353      0.724      -0.056       0.080
yr_1998                      0.0575      0.033      1.717      0.086      -0.008       0.123
yr_1999                      0.0599      0.033      1.839      0.066      -0.004       0.124
yr_2000                     -0.0092      0.034     -0.274      0.784      -0.075       0.057
yr_2001                      0.0550      0.033      1.666      0.096      -0.010       0.120
yr_2002                      0.0157      0.032      0.484      0.629      -0.048       0.079
yr_2003                     -0.0006      0.033     -0.017      0.986      -0.065       0.063
yr_2004                      0.0605      0.032      1.864      0.062      -0.003       0.124
yr_2005                      0.0475      0.032      1.477      0.140      -0.016       0.111
yr_2006                      0.0964      0.032      3.015      0.003       0.034       0.159
yr_2007                      0.1108      0.032      3.477      0.001       0.048       0.173
yr_2008                      0.0511      0.032      1.594      0.111      -0.012       0.114
yr_2009                      0.0313      0.032      0.963      0.336      -0.032       0.095
yr_2010                      0.0259      0.032      0.799      0.424      -0.038       0.089
yr_2011                      0.0291      0.032      0.916      0.360      -0.033       0.092
yr_2012                      0.0137      0.032      0.432      0.666      -0.048       0.076
yr_2013                      0.0059      0.032      0.186      0.852      -0.057       0.068
yr_2014                      0.0388      0.032      1.204      0.229      -0.024       0.102
yr_2015                     -0.0327      0.032     -1.024      0.306      -0.095       0.030
yr_2016                     -0.0368      0.032     -1.143      0.253      -0.100       0.026
yr_2017                      0.0200      0.033      0.615      0.538      -0.044       0.084
yr_2018                      0.0131      0.033      0.400      0.689      -0.051       0.077
mo_2                         0.0080      0.019      0.412      0.680      -0.030       0.046
mo_3                        -0.0048      0.019     -0.260      0.795      -0.041       0.032
mo_4                         0.0007      0.019      0.038      0.970      -0.036       0.037
mo_5                        -0.0121      0.020     -0.612      0.540      -0.051       0.027
mo_6                        -0.0255      0.019     -1.310      0.190      -0.064       0.013
mo_7                        -0.0233      0.019     -1.234      0.217      -0.060       0.014
mo_8                        -0.0250      0.018     -1.371      0.170      -0.061       0.011
mo_9                        -0.0281      0.019     -1.515      0.130      -0.065       0.008
mo_10                       -0.0071      0.018     -0.390      0.696      -0.043       0.029
mo_11                       -0.0239      0.019     -1.271      0.204      -0.061       0.013
mo_12                       -0.0262      0.018     -1.447      0.148      -0.062       0.009
genre_Action                -0.0555      0.011     -5.227      0.000      -0.076      -0.035
genre_Adventure             -0.0056      0.011     -0.502      0.615      -0.028       0.016
genre_Animation             -0.0267      0.018     -1.489      0.136      -0.062       0.008
genre_Biography             -0.0923      0.014     -6.484      0.000      -0.120      -0.064
genre_Comedy                -0.0040      0.010     -0.417      0.677      -0.023       0.015
genre_Crime                 -0.0898      0.010     -8.772      0.000      -0.110      -0.070
genre_Drama                  0.0133      0.010      1.395      0.163      -0.005       0.032
genre_Family                 0.0716      0.015      4.916      0.000       0.043       0.100
genre_Fantasy                0.0047      0.013      0.375      0.707      -0.020       0.030
genre_History                0.0191      0.020      0.934      0.350      -0.021       0.059
genre_Horror                -0.0343      0.015     -2.346      0.019      -0.063      -0.006
genre_Music                  0.1099      0.019      5.747      0.000       0.072       0.147
genre_Musical                0.3193      0.043      7.390      0.000       0.235       0.404
genre_Mystery               -0.0586      0.013     -4.658      0.000      -0.083      -0.034
genre_News               -8.665e-19   7.97e-18     -0.109      0.913   -1.65e-17    1.48e-17
genre_Romance               -0.0187      0.010     -1.813      0.070      -0.039       0.002
genre_Sci_Fi                -0.0128      0.014     -0.946      0.344      -0.039       0.014
genre_Short              -2.778e-18   3.02e-18     -0.920      0.358    -8.7e-18    3.14e-18
genre_Sport                 -0.0372      0.021     -1.793      0.073      -0.078       0.003
genre_Thriller              -0.0743      0.011     -6.976      0.000      -0.095      -0.053
genre_War                    0.0098      0.029      0.335      0.738      -0.047       0.067
genre_Western               -0.0471      0.051     -0.915      0.360      -0.148       0.054
==============================================================================
Omnibus:                     1649.623   Durbin-Watson:                   2.007
Prob(Omnibus):                  0.000   Jarque-Bera (JB):            13384.827
Skew:                           1.751   Prob(JB):                         0.00
Kurtosis:                      11.234   Cond. No.                     1.02e+16
==============================================================================

Notes:
[1] Standard Errors assume that the covariance matrix of the errors is correctly specified.
[2] The smallest eigenvalue is 6.38e-27. This might indicate that there are
strong multicollinearity problems or that the design matrix is singular.