                            OLS Regression Results                            
==============================================================================
Dep. Variable:              sd_pooled   R-squared:                       0.568
Model:                            OLS   Adj. R-squared:                  0.560
Method:                 Least Squares   F-statistic:                     72.92
Date:                Tue, 31 Mar 2026   Prob (F-statistic):               0.00
Time:                        13:32:35   Log-Likelihood:                 512.32
No. Observations:                3611   AIC:                            -894.6
Df Residuals:                    3546   BIC:                            -492.2
Df Model:                          64                                         
Covariance Type:            nonrobust                                         
============================================================================================
                               coef    std err          t      P>|t|      [0.025      0.975]
--------------------------------------------------------------------------------------------
const                        3.3596      0.050     66.586      0.000       3.261       3.458
FLead                        0.0447      0.008      5.308      0.000       0.028       0.061
mean_pooled                 -0.2335      0.005    -50.646      0.000      -0.243      -0.224
kim_violence_gore            0.0123      0.003      4.616      0.000       0.007       0.018
kim_sex_nudity               0.0121      0.002      5.690      0.000       0.008       0.016
kim_language                -0.0153      0.002     -7.860      0.000      -0.019      -0.012
major                       -0.0367      0.008     -4.356      0.000      -0.053      -0.020
log_bom_opening_theaters     0.0055      0.002      2.993      0.003       0.002       0.009
genres_count                -0.0044      0.007     -0.623      0.534      -0.018       0.009
yr_1993                     -0.0117      0.036     -0.328      0.743      -0.082       0.058
yr_1994                     -0.0262      0.037     -0.714      0.475      -0.098       0.046
yr_1995                      0.0464      0.036      1.288      0.198      -0.024       0.117
yr_1996                     -0.0025      0.035     -0.072      0.943      -0.072       0.067
yr_1997                     -0.0062      0.036     -0.172      0.864      -0.076       0.064
yr_1998                      0.0590      0.034      1.717      0.086      -0.008       0.126
yr_1999                      0.0552      0.034      1.625      0.104      -0.011       0.122
yr_2000                     -0.0190      0.034     -0.552      0.581      -0.086       0.048
yr_2001                      0.0570      0.034      1.681      0.093      -0.009       0.124
yr_2002                      0.0055      0.033      0.164      0.869      -0.060       0.071
yr_2003                     -0.0066      0.033     -0.197      0.844      -0.072       0.059
yr_2004                      0.0394      0.033      1.181      0.238      -0.026       0.105
yr_2005                      0.0421      0.033      1.269      0.204      -0.023       0.107
yr_2006                      0.0890      0.033      2.708      0.007       0.025       0.154
yr_2007                      0.1013      0.033      3.092      0.002       0.037       0.166
yr_2008                      0.0385      0.033      1.155      0.248      -0.027       0.104
yr_2009                      0.0295      0.033      0.884      0.377      -0.036       0.095
yr_2010                      0.0207      0.033      0.624      0.533      -0.044       0.086
yr_2011                      0.0328      0.033      0.995      0.320      -0.032       0.098
yr_2012                      0.0218      0.033      0.671      0.503      -0.042       0.086
yr_2013                      0.0006      0.033      0.018      0.986      -0.064       0.065
yr_2014                      0.0375      0.033      1.130      0.259      -0.028       0.103
yr_2015                     -0.0504      0.033     -1.529      0.126      -0.115       0.014
yr_2016                     -0.0340      0.033     -1.021      0.307      -0.099       0.031
yr_2017                      0.0159      0.034      0.475      0.635      -0.050       0.082
yr_2018                      0.0143      0.033      0.426      0.670      -0.051       0.080
mo_2                         0.0179      0.020      0.877      0.380      -0.022       0.058
mo_3                         0.0054      0.019      0.279      0.780      -0.033       0.043
mo_4                         0.0084      0.020      0.430      0.668      -0.030       0.047
mo_5                        -0.0095      0.021     -0.457      0.648      -0.050       0.031
mo_6                        -0.0106      0.020     -0.519      0.604      -0.051       0.029
mo_7                        -0.0144      0.020     -0.727      0.467      -0.053       0.025
mo_8                        -0.0102      0.019     -0.532      0.595      -0.048       0.027
mo_9                        -0.0183      0.019     -0.943      0.346      -0.056       0.020
mo_10                        0.0017      0.019      0.086      0.931      -0.036       0.039
mo_11                       -0.0125      0.020     -0.640      0.522      -0.051       0.026
mo_12                       -0.0100      0.019     -0.525      0.600      -0.047       0.027
genre_Action                -0.0565      0.011     -5.113      0.000      -0.078      -0.035
genre_Adventure             -0.0081      0.012     -0.694      0.488      -0.031       0.015
genre_Animation             -0.0393      0.019     -2.107      0.035      -0.076      -0.003
genre_Biography             -0.0989      0.015     -6.662      0.000      -0.128      -0.070
genre_Comedy                -0.0027      0.010     -0.273      0.785      -0.022       0.017
genre_Crime                 -0.0855      0.011     -8.004      0.000      -0.106      -0.065
genre_Drama                  0.0113      0.010      1.135      0.256      -0.008       0.031
genre_Family                 0.0785      0.015      5.181      0.000       0.049       0.108
genre_Fantasy                0.0065      0.013      0.489      0.625      -0.020       0.033
genre_History                0.0219      0.021      1.044      0.297      -0.019       0.063
genre_Horror                -0.0350      0.015     -2.298      0.022      -0.065      -0.005
genre_Music                  0.1082      0.020      5.493      0.000       0.070       0.147
genre_Musical                0.3237      0.048      6.683      0.000       0.229       0.419
genre_Mystery               -0.0599      0.013     -4.527      0.000      -0.086      -0.034
genre_News                8.044e-18   4.24e-17      0.190      0.850   -7.52e-17    9.13e-17
genre_Romance               -0.0126      0.011     -1.164      0.245      -0.034       0.009
genre_Sci_Fi                -0.0168      0.014     -1.180      0.238      -0.045       0.011
genre_Short                7.25e-18   4.38e-17      0.165      0.869   -7.87e-17    9.32e-17
genre_Sport                 -0.0419      0.022     -1.888      0.059      -0.085       0.002
genre_Thriller              -0.0740      0.011     -6.620      0.000      -0.096      -0.052
genre_War                    0.0262      0.030      0.863      0.388      -0.033       0.086
genre_Western               -0.0495      0.051     -0.968      0.333      -0.150       0.051
==============================================================================
Omnibus:                     1488.342   Durbin-Watson:                   1.999
Prob(Omnibus):                  0.000   Jarque-Bera (JB):            12487.306
Skew:                           1.742   Prob(JB):                         0.00
Kurtosis:                      11.418   Cond. No.                     1.02e+16
==============================================================================

Notes:
[1] Standard Errors assume that the covariance matrix of the errors is correctly specified.
[2] The smallest eigenvalue is 5.75e-27. This might indicate that there are
strong multicollinearity problems or that the design matrix is singular.