                            OLS Regression Results                            
==============================================================================
Dep. Variable:              sd_pooled   R-squared:                       0.561
Model:                            OLS   Adj. R-squared:                  0.554
Method:                 Least Squares   F-statistic:                     78.84
Date:                Sun, 29 Mar 2026   Prob (F-statistic):               0.00
Time:                        15:23:00   Log-Likelihood:                 529.25
No. Observations:                4012   AIC:                            -928.5
Df Residuals:                    3947   BIC:                            -519.2
Df Model:                          64                                         
Covariance Type:            nonrobust                                         
============================================================================================
                               coef    std err          t      P>|t|      [0.025      0.975]
--------------------------------------------------------------------------------------------
const                        3.4114      0.048     71.146      0.000       3.317       3.505
FLead                        0.0465      0.008      5.775      0.000       0.031       0.062
mean_pooled                 -0.2351      0.004    -53.203      0.000      -0.244      -0.226
kim_violence_gore            0.0125      0.003      4.914      0.000       0.008       0.018
kim_sex_nudity               0.0111      0.002      5.489      0.000       0.007       0.015
kim_language                -0.0150      0.002     -7.976      0.000      -0.019      -0.011
major                       -0.0338      0.008     -4.191      0.000      -0.050      -0.018
log_bom_opening_theaters     0.0021      0.002      1.224      0.221      -0.001       0.005
genres_count                -0.0088      0.007     -1.300      0.194      -0.022       0.004
yr_1993                     -0.0074      0.034     -0.214      0.831      -0.075       0.060
yr_1994                     -0.0051      0.035     -0.146      0.884      -0.074       0.064
yr_1995                      0.0425      0.035      1.225      0.221      -0.026       0.111
yr_1996                      0.0068      0.034      0.201      0.841      -0.060       0.074
yr_1997                      0.0120      0.035      0.346      0.730      -0.056       0.080
yr_1998                      0.0579      0.033      1.731      0.084      -0.008       0.124
yr_1999                      0.0583      0.033      1.788      0.074      -0.006       0.122
yr_2000                     -0.0096      0.034     -0.284      0.776      -0.075       0.056
yr_2001                      0.0544      0.033      1.646      0.100      -0.010       0.119
yr_2002                      0.0148      0.032      0.457      0.648      -0.049       0.079
yr_2003                     -0.0014      0.033     -0.044      0.965      -0.066       0.063
yr_2004                      0.0603      0.032      1.858      0.063      -0.003       0.124
yr_2005                      0.0461      0.032      1.432      0.152      -0.017       0.109
yr_2006                      0.0951      0.032      2.973      0.003       0.032       0.158
yr_2007                      0.1103      0.032      3.462      0.001       0.048       0.173
yr_2008                      0.0519      0.032      1.617      0.106      -0.011       0.115
yr_2009                      0.0312      0.033      0.960      0.337      -0.033       0.095
yr_2010                      0.0250      0.032      0.772      0.440      -0.039       0.089
yr_2011                      0.0280      0.032      0.881      0.378      -0.034       0.090
yr_2012                      0.0111      0.032      0.352      0.725      -0.051       0.073
yr_2013                      0.0043      0.032      0.135      0.893      -0.058       0.067
yr_2014                      0.0384      0.032      1.192      0.233      -0.025       0.102
yr_2015                     -0.0329      0.032     -1.026      0.305      -0.096       0.030
yr_2016                     -0.0362      0.032     -1.123      0.262      -0.099       0.027
yr_2017                      0.0207      0.033      0.636      0.525      -0.043       0.085
yr_2018                      0.0145      0.033      0.445      0.657      -0.050       0.079
mo_2                         0.0089      0.019      0.459      0.646      -0.029       0.047
mo_3                        -0.0049      0.019     -0.266      0.791      -0.041       0.031
mo_4                     -8.339e-07      0.019  -4.45e-05      1.000      -0.037       0.037
mo_5                        -0.0147      0.020     -0.744      0.457      -0.053       0.024
mo_6                        -0.0272      0.019     -1.399      0.162      -0.065       0.011
mo_7                        -0.0254      0.019     -1.343      0.179      -0.062       0.012
mo_8                        -0.0256      0.018     -1.403      0.161      -0.061       0.010
mo_9                        -0.0280      0.019     -1.507      0.132      -0.064       0.008
mo_10                       -0.0086      0.018     -0.470      0.639      -0.044       0.027
mo_11                       -0.0259      0.019     -1.381      0.167      -0.063       0.011
mo_12                       -0.0324      0.018     -1.796      0.073      -0.068       0.003
genre_Action                -0.0541      0.011     -5.102      0.000      -0.075      -0.033
genre_Adventure             -0.0053      0.011     -0.469      0.639      -0.027       0.017
genre_Animation             -0.0275      0.018     -1.528      0.127      -0.063       0.008
genre_Biography             -0.0954      0.014     -6.717      0.000      -0.123      -0.068
genre_Comedy                -0.0028      0.010     -0.292      0.770      -0.021       0.016
genre_Crime                 -0.0887      0.010     -8.650      0.000      -0.109      -0.069
genre_Drama                  0.0098      0.009      1.037      0.300      -0.009       0.028
genre_Family                 0.0723      0.015      4.959      0.000       0.044       0.101
genre_Fantasy                0.0046      0.013      0.361      0.718      -0.020       0.029
genre_History                0.0175      0.020      0.858      0.391      -0.023       0.058
genre_Horror                -0.0339      0.015     -2.321      0.020      -0.063      -0.005
genre_Music                  0.1121      0.019      5.858      0.000       0.075       0.150
genre_Musical                0.3206      0.043      7.418      0.000       0.236       0.405
genre_Mystery               -0.0583      0.013     -4.634      0.000      -0.083      -0.034
genre_News                6.532e-18   4.67e-18      1.400      0.162   -2.61e-18    1.57e-17
genre_Romance               -0.0182      0.010     -1.768      0.077      -0.038       0.002
genre_Sci_Fi                -0.0124      0.014     -0.911      0.362      -0.039       0.014
genre_Short              -6.214e-18   4.57e-18     -1.358      0.174   -1.52e-17    2.75e-18
genre_Sport                 -0.0332      0.021     -1.607      0.108      -0.074       0.007
genre_Thriller              -0.0736      0.011     -6.909      0.000      -0.095      -0.053
genre_War                    0.0051      0.029      0.176      0.860      -0.052       0.062
genre_Western               -0.0474      0.052     -0.919      0.358      -0.148       0.054
==============================================================================
Omnibus:                     1673.756   Durbin-Watson:                   2.007
Prob(Omnibus):                  0.000   Jarque-Bera (JB):            13927.335
Skew:                           1.774   Prob(JB):                         0.00
Kurtosis:                      11.410   Cond. No.                     1.02e+16
==============================================================================

Notes:
[1] Standard Errors assume that the covariance matrix of the errors is correctly specified.
[2] The smallest eigenvalue is 6.39e-27. This might indicate that there are
strong multicollinearity problems or that the design matrix is singular.