                            OLS Regression Results                            
==============================================================================
Dep. Variable:              sd_pooled   R-squared:                       0.571
Model:                            OLS   Adj. R-squared:                  0.559
Method:                 Least Squares   F-statistic:                     48.69
Date:                Sun, 29 Mar 2026   Prob (F-statistic):               0.00
Time:                        15:46:02   Log-Likelihood:                 363.42
No. Observations:                2408   AIC:                            -596.8
Df Residuals:                    2343   BIC:                            -220.7
Df Model:                          64                                         
Covariance Type:            nonrobust                                         
============================================================================================
                               coef    std err          t      P>|t|      [0.025      0.975]
--------------------------------------------------------------------------------------------
const                        3.3517      0.061     54.691      0.000       3.231       3.472
FLead                        0.0403      0.010      3.961      0.000       0.020       0.060
mean_pooled                 -0.2303      0.006    -40.809      0.000      -0.241      -0.219
kim_violence_gore            0.0136      0.003      4.215      0.000       0.007       0.020
kim_sex_nudity               0.0098      0.003      3.769      0.000       0.005       0.015
kim_language                -0.0163      0.002     -6.883      0.000      -0.021      -0.012
major                       -0.0439      0.010     -4.256      0.000      -0.064      -0.024
log_bom_opening_theaters     0.0067      0.002      2.943      0.003       0.002       0.011
genres_count                -0.0086      0.008     -1.036      0.300      -0.025       0.008
yr_1993                      0.0007      0.044      0.015      0.988      -0.086       0.087
yr_1994                      0.0100      0.045      0.221      0.825      -0.079       0.099
yr_1995                      0.0707      0.044      1.611      0.107      -0.015       0.157
yr_1996                      0.0256      0.044      0.587      0.557      -0.060       0.111
yr_1997                      0.0253      0.045      0.557      0.578      -0.064       0.115
yr_1998                      0.0821      0.042      1.969      0.049       0.000       0.164
yr_1999                      0.0872      0.042      2.094      0.036       0.006       0.169
yr_2000                      0.0117      0.043      0.274      0.784      -0.072       0.095
yr_2001                      0.0658      0.042      1.571      0.116      -0.016       0.148
yr_2002                      0.0383      0.041      0.939      0.348      -0.042       0.118
yr_2003                      0.0088      0.041      0.214      0.830      -0.071       0.089
yr_2004                      0.0862      0.041      2.117      0.034       0.006       0.166
yr_2005                      0.0626      0.041      1.546      0.122      -0.017       0.142
yr_2006                      0.1086      0.040      2.683      0.007       0.029       0.188
yr_2007                      0.1076      0.040      2.665      0.008       0.028       0.187
yr_2008                      0.0734      0.040      1.826      0.068      -0.005       0.152
yr_2009                      0.0419      0.041      1.016      0.310      -0.039       0.123
yr_2010                      0.0468      0.040      1.161      0.246      -0.032       0.126
yr_2011                      0.0262      0.040      0.650      0.516      -0.053       0.105
yr_2012                      0.0299      0.040      0.749      0.454      -0.048       0.108
yr_2013                      0.0090      0.041      0.222      0.825      -0.071       0.089
yr_2014                      0.0726      0.041      1.782      0.075      -0.007       0.152
yr_2015                     -0.0413      0.041     -1.004      0.315      -0.122       0.039
yr_2016                     -0.0120      0.041     -0.293      0.769      -0.092       0.068
yr_2017                      0.0167      0.041      0.406      0.685      -0.064       0.097
yr_2018                      0.0336      0.042      0.810      0.418      -0.048       0.115
mo_2                         0.0065      0.024      0.266      0.790      -0.041       0.054
mo_3                        -0.0090      0.024     -0.376      0.707      -0.056       0.038
mo_4                         0.0055      0.024      0.231      0.817      -0.041       0.052
mo_5                        -0.0164      0.025     -0.647      0.518      -0.066       0.033
mo_6                        -0.0127      0.025     -0.512      0.609      -0.061       0.036
mo_7                        -0.0219      0.024     -0.906      0.365      -0.069       0.026
mo_8                        -0.0145      0.023     -0.622      0.534      -0.060       0.031
mo_9                        -0.0151      0.023     -0.648      0.517      -0.061       0.031
mo_10                       -0.0155      0.023     -0.660      0.509      -0.061       0.030
mo_11                       -0.0319      0.024     -1.335      0.182      -0.079       0.015
mo_12                       -0.0321      0.023     -1.394      0.164      -0.077       0.013
genre_Action                -0.0692      0.014     -4.951      0.000      -0.097      -0.042
genre_Adventure             -0.0166      0.015     -1.113      0.266      -0.046       0.013
genre_Animation             -0.0290      0.024     -1.200      0.230      -0.076       0.018
genre_Biography             -0.0796      0.019     -4.201      0.000      -0.117      -0.042
genre_Comedy                -0.0083      0.012     -0.679      0.497      -0.032       0.016
genre_Crime                 -0.0916      0.013     -6.970      0.000      -0.117      -0.066
genre_Drama                  0.0036      0.012      0.296      0.768      -0.021       0.028
genre_Family                 0.0933      0.020      4.773      0.000       0.055       0.132
genre_Fantasy                0.0079      0.017      0.469      0.639      -0.025       0.041
genre_History               -0.0062      0.028     -0.217      0.828      -0.062       0.049
genre_Horror                -0.0489      0.019     -2.577      0.010      -0.086      -0.012
genre_Music                  0.1207      0.025      4.845      0.000       0.072       0.169
genre_Musical                0.3584      0.059      6.061      0.000       0.242       0.474
genre_Mystery               -0.0538      0.017     -3.230      0.001      -0.086      -0.021
genre_News               -1.408e-16    4.8e-17     -2.934      0.003   -2.35e-16   -4.67e-17
genre_Romance               -0.0179      0.013     -1.362      0.173      -0.044       0.008
genre_Sci_Fi                -0.0110      0.018     -0.604      0.546      -0.047       0.025
genre_Short               3.229e-16   1.06e-16      3.058      0.002    1.16e-16     5.3e-16
genre_Sport                 -0.0171      0.026     -0.658      0.510      -0.068       0.034
genre_Thriller              -0.0829      0.014     -6.017      0.000      -0.110      -0.056
genre_War                   -0.0162      0.040     -0.408      0.684      -0.094       0.062
genre_Western               -0.0441      0.059     -0.748      0.454      -0.160       0.071
==============================================================================
Omnibus:                      862.880   Durbin-Watson:                   2.036
Prob(Omnibus):                  0.000   Jarque-Bera (JB):             4641.260
Skew:                           1.608   Prob(JB):                         0.00
Kurtosis:                       8.993   Cond. No.                     1.02e+16
==============================================================================

Notes:
[1] Standard Errors assume that the covariance matrix of the errors is correctly specified.
[2] The smallest eigenvalue is 3.83e-27. This might indicate that there are
strong multicollinearity problems or that the design matrix is singular.