                            OLS Regression Results                            
==============================================================================
Dep. Variable:              sd_pooled   R-squared:                       0.549
Model:                            OLS   Adj. R-squared:                  0.536
Method:                 Least Squares   F-statistic:                     44.49
Date:                Tue, 31 Mar 2026   Prob (F-statistic):               0.00
Time:                        20:06:20   Log-Likelihood:                 230.21
No. Observations:                2408   AIC:                            -330.4
Df Residuals:                    2343   BIC:                             45.71
Df Model:                          64                                         
Covariance Type:            nonrobust                                         
============================================================================================
                               coef    std err          t      P>|t|      [0.025      0.975]
--------------------------------------------------------------------------------------------
const                        3.4607      0.065     53.530      0.000       3.334       3.587
FLead                        0.0300      0.011      2.797      0.005       0.009       0.051
mean_pooled                 -0.2374      0.006    -39.608      0.000      -0.249      -0.226
kim_violence_gore            0.0141      0.003      4.180      0.000       0.008       0.021
kim_sex_nudity               0.0098      0.003      3.562      0.000       0.004       0.015
kim_language                -0.0188      0.003     -7.487      0.000      -0.024      -0.014
major                       -0.0492      0.011     -4.513      0.000      -0.071      -0.028
log_bom_opening_theaters     0.0065      0.002      2.740      0.006       0.002       0.011
genres_count                -0.0165      0.009     -1.869      0.062      -0.034       0.001
yr_1993                     -0.0203      0.046     -0.439      0.661      -0.111       0.070
yr_1994                     -0.0126      0.048     -0.264      0.792      -0.106       0.081
yr_1995                      0.0062      0.047      0.131      0.896      -0.086       0.098
yr_1996                     -0.0120      0.046     -0.258      0.796      -0.103       0.079
yr_1997                      0.0116      0.047      0.245      0.806      -0.081       0.105
yr_1998                      0.0353      0.046      0.761      0.446      -0.056       0.126
yr_1999                      0.0534      0.044      1.228      0.220      -0.032       0.139
yr_2000                     -0.0011      0.045     -0.025      0.980      -0.089       0.087
yr_2001                      0.0683      0.044      1.539      0.124      -0.019       0.155
yr_2002                      0.0178      0.044      0.403      0.687      -0.069       0.104
yr_2003                     -0.0214      0.044     -0.491      0.624      -0.107       0.064
yr_2004                      0.0579      0.043      1.334      0.182      -0.027       0.143
yr_2005                      0.0586      0.043      1.360      0.174      -0.026       0.143
yr_2006                      0.0986      0.043      2.290      0.022       0.014       0.183
yr_2007                      0.1206      0.043      2.787      0.005       0.036       0.205
yr_2008                      0.0347      0.044      0.794      0.427      -0.051       0.120
yr_2009                      0.0149      0.044      0.338      0.735      -0.072       0.102
yr_2010                      0.0451      0.044      1.026      0.305      -0.041       0.131
yr_2011                      0.0267      0.043      0.625      0.532      -0.057       0.110
yr_2012                      0.0125      0.043      0.292      0.770      -0.072       0.097
yr_2013                      0.0017      0.043      0.039      0.969      -0.083       0.086
yr_2014                      0.0139      0.043      0.322      0.748      -0.071       0.099
yr_2015                     -0.0467      0.043     -1.084      0.279      -0.131       0.038
yr_2016                     -0.0462      0.045     -1.024      0.306      -0.135       0.042
yr_2017                      0.0475      0.044      1.079      0.281      -0.039       0.134
yr_2018                     -0.0337      0.045     -0.749      0.454      -0.122       0.054
mo_2                         0.0305      0.026      1.150      0.250      -0.021       0.082
mo_3                        -0.0116      0.025     -0.469      0.639      -0.060       0.037
mo_4                         0.0195      0.025      0.776      0.438      -0.030       0.069
mo_5                        -0.0348      0.026     -1.319      0.187      -0.087       0.017
mo_6                        -0.0248      0.026     -0.941      0.347      -0.076       0.027
mo_7                        -0.0254      0.026     -0.973      0.331      -0.076       0.026
mo_8                        -0.0380      0.025     -1.546      0.122      -0.086       0.010
mo_9                        -0.0288      0.025     -1.149      0.251      -0.078       0.020
mo_10                       -0.0195      0.025     -0.793      0.428      -0.068       0.029
mo_11                       -0.0445      0.025     -1.751      0.080      -0.094       0.005
mo_12                       -0.0286      0.024     -1.171      0.242      -0.076       0.019
genre_Action                -0.0642      0.015     -4.408      0.000      -0.093      -0.036
genre_Adventure             -0.0124      0.016     -0.773      0.440      -0.044       0.019
genre_Animation             -0.0152      0.026     -0.579      0.563      -0.067       0.036
genre_Biography             -0.0916      0.020     -4.628      0.000      -0.130      -0.053
genre_Comedy                -0.0040      0.013     -0.314      0.753      -0.029       0.021
genre_Crime                 -0.0843      0.014     -5.878      0.000      -0.112      -0.056
genre_Drama                  0.0174      0.013      1.342      0.180      -0.008       0.043
genre_Family                 0.0693      0.021      3.358      0.001       0.029       0.110
genre_Fantasy               -0.0056      0.018     -0.307      0.759      -0.041       0.030
genre_History                0.0348      0.027      1.269      0.205      -0.019       0.089
genre_Horror                -0.0467      0.020     -2.351      0.019      -0.086      -0.008
genre_Music                  0.1166      0.027      4.246      0.000       0.063       0.171
genre_Musical                0.2883      0.056      5.139      0.000       0.178       0.398
genre_Mystery               -0.0645      0.018     -3.644      0.000      -0.099      -0.030
genre_News                1.588e-18   4.03e-18      0.394      0.693   -6.31e-18    9.48e-18
genre_Romance               -0.0173      0.014     -1.255      0.210      -0.044       0.010
genre_Sci_Fi                -0.0167      0.018     -0.906      0.365      -0.053       0.019
genre_Short              -5.985e-19   1.42e-18     -0.420      0.674   -3.39e-18    2.19e-18
genre_Sport                 -0.0185      0.028     -0.652      0.515      -0.074       0.037
genre_Thriller              -0.0850      0.014     -5.886      0.000      -0.113      -0.057
genre_War                    0.0422      0.041      1.040      0.298      -0.037       0.122
genre_Western               -0.0591      0.072     -0.822      0.411      -0.200       0.082
==============================================================================
Omnibus:                     1059.882   Durbin-Watson:                   2.036
Prob(Omnibus):                  0.000   Jarque-Bera (JB):             9185.284
Skew:                           1.862   Prob(JB):                         0.00
Kurtosis:                      11.813   Cond. No.                     1.02e+16
==============================================================================

Notes:
[1] Standard Errors assume that the covariance matrix of the errors is correctly specified.
[2] The smallest eigenvalue is 3.81e-27. This might indicate that there are
strong multicollinearity problems or that the design matrix is singular.