                            OLS Regression Results                            
==============================================================================
Dep. Variable:              sd_pooled   R-squared:                       0.562
Model:                            OLS   Adj. R-squared:                  0.554
Method:                 Least Squares   F-statistic:                     78.97
Date:                Sun, 29 Mar 2026   Prob (F-statistic):               0.00
Time:                        15:34:51   Log-Likelihood:                 531.17
No. Observations:                4012   AIC:                            -932.3
Df Residuals:                    3947   BIC:                            -523.0
Df Model:                          64                                         
Covariance Type:            nonrobust                                         
============================================================================================
                               coef    std err          t      P>|t|      [0.025      0.975]
--------------------------------------------------------------------------------------------
const                        3.3853      0.048     70.004      0.000       3.290       3.480
FLead                        0.0468      0.008      5.817      0.000       0.031       0.063
mean_pooled                 -0.2334      0.004    -52.937      0.000      -0.242      -0.225
kim_violence_gore            0.0098      0.002      4.261      0.000       0.005       0.014
kim_sex_nudity               0.0120      0.002      5.972      0.000       0.008       0.016
kim_language                -0.0147      0.002     -7.856      0.000      -0.018      -0.011
major                       -0.0393      0.008     -4.887      0.000      -0.055      -0.024
log_bom_opening_theaters     0.0056      0.002      3.147      0.002       0.002       0.009
genres_count                -0.0086      0.007     -1.276      0.202      -0.022       0.005
yr_1993                     -0.0045      0.034     -0.131      0.896      -0.072       0.063
yr_1994                     -0.0021      0.035     -0.058      0.953      -0.071       0.067
yr_1995                      0.0449      0.035      1.294      0.196      -0.023       0.113
yr_1996                      0.0104      0.034      0.305      0.760      -0.056       0.077
yr_1997                      0.0144      0.035      0.415      0.678      -0.054       0.082
yr_1998                      0.0601      0.033      1.797      0.072      -0.005       0.126
yr_1999                      0.0613      0.033      1.881      0.060      -0.003       0.125
yr_2000                     -0.0078      0.034     -0.234      0.815      -0.074       0.058
yr_2001                      0.0585      0.033      1.773      0.076      -0.006       0.123
yr_2002                      0.0169      0.032      0.519      0.604      -0.047       0.080
yr_2003                     -0.0005      0.033     -0.016      0.987      -0.065       0.064
yr_2004                      0.0639      0.032      1.969      0.049       0.000       0.127
yr_2005                      0.0493      0.032      1.533      0.125      -0.014       0.112
yr_2006                      0.0989      0.032      3.093      0.002       0.036       0.162
yr_2007                      0.1135      0.032      3.567      0.000       0.051       0.176
yr_2008                      0.0556      0.032      1.734      0.083      -0.007       0.118
yr_2009                      0.0338      0.032      1.041      0.298      -0.030       0.097
yr_2010                      0.0274      0.032      0.847      0.397      -0.036       0.091
yr_2011                      0.0316      0.032      0.994      0.320      -0.031       0.094
yr_2012                      0.0158      0.032      0.498      0.619      -0.046       0.078
yr_2013                      0.0091      0.032      0.287      0.774      -0.053       0.072
yr_2014                      0.0407      0.032      1.262      0.207      -0.023       0.104
yr_2015                     -0.0315      0.032     -0.985      0.325      -0.094       0.031
yr_2016                     -0.0344      0.032     -1.067      0.286      -0.098       0.029
yr_2017                      0.0219      0.033      0.673      0.501      -0.042       0.086
yr_2018                      0.0174      0.033      0.533      0.594      -0.047       0.081
mo_2                         0.0076      0.019      0.392      0.695      -0.031       0.046
mo_3                        -0.0041      0.019     -0.219      0.827      -0.040       0.032
mo_4                         0.0012      0.019      0.065      0.948      -0.035       0.038
mo_5                        -0.0121      0.020     -0.614      0.539      -0.051       0.027
mo_6                        -0.0254      0.019     -1.302      0.193      -0.064       0.013
mo_7                        -0.0241      0.019     -1.276      0.202      -0.061       0.013
mo_8                        -0.0256      0.018     -1.405      0.160      -0.061       0.010
mo_9                        -0.0282      0.019     -1.522      0.128      -0.065       0.008
mo_10                       -0.0062      0.018     -0.339      0.735      -0.042       0.030
mo_11                       -0.0245      0.019     -1.305      0.192      -0.061       0.012
mo_12                       -0.0257      0.018     -1.420      0.156      -0.061       0.010
genre_Action                -0.0523      0.011     -4.965      0.000      -0.073      -0.032
genre_Adventure             -0.0054      0.011     -0.479      0.632      -0.027       0.017
genre_Animation             -0.0314      0.018     -1.752      0.080      -0.067       0.004
genre_Biography             -0.0943      0.014     -6.633      0.000      -0.122      -0.066
genre_Comedy                -0.0081      0.009     -0.879      0.380      -0.026       0.010
genre_Crime                 -0.0874      0.010     -8.548      0.000      -0.107      -0.067
genre_Drama                  0.0118      0.009      1.241      0.215      -0.007       0.030
genre_Family                 0.0683      0.015      4.701      0.000       0.040       0.097
genre_Fantasy                0.0049      0.013      0.388      0.698      -0.020       0.030
genre_History                0.0198      0.020      0.971      0.332      -0.020       0.060
genre_Horror                -0.0283      0.014     -1.969      0.049      -0.056      -0.000
genre_Music                  0.1071      0.019      5.629      0.000       0.070       0.144
genre_Musical                0.3179      0.043      7.357      0.000       0.233       0.403
genre_Mystery               -0.0588      0.013     -4.675      0.000      -0.084      -0.034
genre_News               -5.891e-18   6.04e-18     -0.975      0.330   -1.77e-17    5.96e-18
genre_Romance               -0.0225      0.010     -2.215      0.027      -0.042      -0.003
genre_Sci_Fi                -0.0128      0.014     -0.941      0.347      -0.039       0.014
genre_Short              -2.277e-19   2.73e-18     -0.084      0.933   -5.57e-18    5.12e-18
genre_Sport                 -0.0395      0.021     -1.909      0.056      -0.080       0.001
genre_Thriller              -0.0736      0.011     -6.914      0.000      -0.095      -0.053
genre_War                    0.0165      0.029      0.568      0.570      -0.040       0.073
genre_Western               -0.0405      0.051     -0.788      0.431      -0.141       0.060
==============================================================================
Omnibus:                     1651.681   Durbin-Watson:                   2.005
Prob(Omnibus):                  0.000   Jarque-Bera (JB):            13454.000
Skew:                           1.753   Prob(JB):                         0.00
Kurtosis:                      11.258   Cond. No.                     1.02e+16
==============================================================================

Notes:
[1] Standard Errors assume that the covariance matrix of the errors is correctly specified.
[2] The smallest eigenvalue is 6.4e-27. This might indicate that there are
strong multicollinearity problems or that the design matrix is singular.