                            OLS Regression Results                            
==============================================================================
Dep. Variable:              sd_pooled   R-squared:                       0.561
Model:                            OLS   Adj. R-squared:                  0.554
Method:                 Least Squares   F-statistic:                     78.87
Date:                Tue, 31 Mar 2026   Prob (F-statistic):               0.00
Time:                        21:17:04   Log-Likelihood:                 529.65
No. Observations:                4012   AIC:                            -929.3
Df Residuals:                    3947   BIC:                            -520.0
Df Model:                          64                                         
Covariance Type:            nonrobust                                         
============================================================================================
                               coef    std err          t      P>|t|      [0.025      0.975]
--------------------------------------------------------------------------------------------
const                        3.3845      0.048     69.907      0.000       3.290       3.479
FLead                        0.0472      0.008      5.866      0.000       0.031       0.063
mean_pooled                 -0.2340      0.004    -53.079      0.000      -0.243      -0.225
kim_violence_gore            0.0129      0.003      5.079      0.000       0.008       0.018
kim_sex_nudity               0.0103      0.002      4.956      0.000       0.006       0.014
kim_language                -0.0141      0.002     -7.621      0.000      -0.018      -0.010
major                       -0.0400      0.008     -4.972      0.000      -0.056      -0.024
log_bom_opening_theaters     0.0056      0.002      3.148      0.002       0.002       0.009
genres_count                -0.0113      0.007     -1.673      0.094      -0.025       0.002
yr_1993                     -0.0071      0.034     -0.206      0.837      -0.075       0.060
yr_1994                     -0.0022      0.035     -0.064      0.949      -0.071       0.067
yr_1995                      0.0416      0.035      1.199      0.230      -0.026       0.110
yr_1996                      0.0057      0.034      0.167      0.868      -0.061       0.072
yr_1997                      0.0100      0.035      0.287      0.774      -0.058       0.078
yr_1998                      0.0579      0.033      1.728      0.084      -0.008       0.123
yr_1999                      0.0592      0.033      1.814      0.070      -0.005       0.123
yr_2000                     -0.0088      0.034     -0.263      0.793      -0.075       0.057
yr_2001                      0.0558      0.033      1.690      0.091      -0.009       0.121
yr_2002                      0.0148      0.032      0.454      0.650      -0.049       0.078
yr_2003                     -0.0012      0.033     -0.036      0.971      -0.065       0.063
yr_2004                      0.0615      0.032      1.895      0.058      -0.002       0.125
yr_2005                      0.0472      0.032      1.464      0.143      -0.016       0.110
yr_2006                      0.0974      0.032      3.042      0.002       0.035       0.160
yr_2007                      0.1094      0.032      3.429      0.001       0.047       0.172
yr_2008                      0.0520      0.032      1.619      0.106      -0.011       0.115
yr_2009                      0.0324      0.033      0.995      0.320      -0.031       0.096
yr_2010                      0.0272      0.032      0.838      0.402      -0.036       0.091
yr_2011                      0.0305      0.032      0.959      0.338      -0.032       0.093
yr_2012                      0.0151      0.032      0.476      0.634      -0.047       0.077
yr_2013                      0.0068      0.032      0.214      0.830      -0.056       0.069
yr_2014                      0.0379      0.032      1.174      0.240      -0.025       0.101
yr_2015                     -0.0328      0.032     -1.024      0.306      -0.096       0.030
yr_2016                     -0.0364      0.032     -1.128      0.260      -0.100       0.027
yr_2017                      0.0194      0.033      0.596      0.551      -0.044       0.083
yr_2018                      0.0134      0.033      0.411      0.681      -0.051       0.078
mo_2                         0.0087      0.019      0.448      0.654      -0.029       0.047
mo_3                        -0.0035      0.019     -0.191      0.848      -0.040       0.033
mo_4                         0.0008      0.019      0.045      0.964      -0.036       0.038
mo_5                        -0.0117      0.020     -0.592      0.554      -0.050       0.027
mo_6                        -0.0244      0.019     -1.255      0.210      -0.063       0.014
mo_7                        -0.0221      0.019     -1.168      0.243      -0.059       0.015
mo_8                        -0.0245      0.018     -1.342      0.180      -0.060       0.011
mo_9                        -0.0273      0.019     -1.469      0.142      -0.064       0.009
mo_10                       -0.0062      0.018     -0.339      0.735      -0.042       0.030
mo_11                       -0.0231      0.019     -1.233      0.218      -0.060       0.014
mo_12                       -0.0256      0.018     -1.409      0.159      -0.061       0.010
genre_Action                -0.0569      0.011     -5.371      0.000      -0.078      -0.036
genre_Adventure             -0.0061      0.011     -0.542      0.588      -0.028       0.016
genre_Animation             -0.0271      0.018     -1.505      0.132      -0.062       0.008
genre_Biography             -0.0919      0.014     -6.450      0.000      -0.120      -0.064
genre_Comedy                -0.0021      0.010     -0.218      0.827      -0.021       0.017
genre_Crime                 -0.0896      0.010     -8.732      0.000      -0.110      -0.069
genre_Drama                  0.0140      0.010      1.468      0.142      -0.005       0.033
genre_Family                 0.0706      0.015      4.839      0.000       0.042       0.099
genre_Fantasy                0.0051      0.013      0.404      0.686      -0.020       0.030
genre_History                0.0197      0.020      0.963      0.336      -0.020       0.060
genre_Horror                -0.0367      0.015     -2.517      0.012      -0.065      -0.008
genre_Music                  0.1118      0.019      5.841      0.000       0.074       0.149
genre_Musical                0.3195      0.043      7.393      0.000       0.235       0.404
genre_Mystery               -0.0573      0.013     -4.554      0.000      -0.082      -0.033
genre_News                 5.14e-18   4.01e-18      1.281      0.200   -2.73e-18     1.3e-17
genre_Romance               -0.0161      0.010     -1.570      0.116      -0.036       0.004
genre_Sci_Fi                -0.0130      0.014     -0.961      0.337      -0.040       0.014
genre_Short              -6.171e-18   7.76e-18     -0.795      0.426   -2.14e-17    9.04e-18
genre_Sport                 -0.0378      0.021     -1.821      0.069      -0.078       0.003
genre_Thriller              -0.0749      0.011     -7.033      0.000      -0.096      -0.054
genre_War                    0.0081      0.029      0.279      0.780      -0.049       0.065
genre_Western               -0.0506      0.051     -0.983      0.326      -0.152       0.050
==============================================================================
Omnibus:                     1637.539   Durbin-Watson:                   2.004
Prob(Omnibus):                  0.000   Jarque-Bera (JB):            13098.139
Skew:                           1.741   Prob(JB):                         0.00
Kurtosis:                      11.138   Cond. No.                     1.02e+16
==============================================================================

Notes:
[1] Standard Errors assume that the covariance matrix of the errors is correctly specified.
[2] The smallest eigenvalue is 6.34e-27. This might indicate that there are
strong multicollinearity problems or that the design matrix is singular.