                            OLS Regression Results                            
==============================================================================
Dep. Variable:              sd_pooled   R-squared:                       0.555
Model:                            OLS   Adj. R-squared:                  0.541
Method:                 Least Squares   F-statistic:                     37.86
Date:                Wed, 01 Apr 2026   Prob (F-statistic):               0.00
Time:                        00:34:51   Log-Likelihood:                 166.18
No. Observations:                2006   AIC:                            -202.4
Df Residuals:                    1941   BIC:                             161.9
Df Model:                          64                                         
Covariance Type:            nonrobust                                         
============================================================================================
                               coef    std err          t      P>|t|      [0.025      0.975]
--------------------------------------------------------------------------------------------
const                        3.4617      0.071     48.527      0.000       3.322       3.602
FLead                        0.0451      0.012      3.767      0.000       0.022       0.069
mean_pooled                 -0.2357      0.006    -36.738      0.000      -0.248      -0.223
kim_violence_gore            0.0069      0.004      1.704      0.088      -0.001       0.015
kim_sex_nudity               0.0126      0.003      3.679      0.000       0.006       0.019
kim_language                -0.0329      0.004     -8.289      0.000      -0.041      -0.025
major                       -0.0472      0.012     -3.850      0.000      -0.071      -0.023
log_bom_opening_theaters     0.0104      0.003      3.682      0.000       0.005       0.016
genres_count                -0.0260      0.011     -2.438      0.015      -0.047      -0.005
yr_1993                     -0.0235      0.047     -0.496      0.620      -0.116       0.069
yr_1994                     -0.0027      0.049     -0.055      0.956      -0.099       0.094
yr_1995                      0.0672      0.048      1.401      0.161      -0.027       0.161
yr_1996                      0.0287      0.047      0.606      0.544      -0.064       0.122
yr_1997                      0.0053      0.049      0.108      0.914      -0.092       0.102
yr_1998                      0.0304      0.048      0.628      0.530      -0.065       0.125
yr_1999                      0.0151      0.048      0.315      0.753      -0.079       0.109
yr_2000                     -0.0019      0.048     -0.039      0.969      -0.096       0.093
yr_2001                      0.0630      0.049      1.298      0.194      -0.032       0.158
yr_2002                      0.0274      0.047      0.584      0.560      -0.065       0.119
yr_2003                      0.0289      0.047      0.618      0.536      -0.063       0.121
yr_2004                      0.0671      0.045      1.490      0.136      -0.021       0.155
yr_2005                      0.0697      0.045      1.562      0.119      -0.018       0.157
yr_2006                      0.1000      0.045      2.216      0.027       0.011       0.188
yr_2007                      0.1269      0.045      2.804      0.005       0.038       0.216
yr_2008                      0.0583      0.046      1.258      0.209      -0.033       0.149
yr_2009                      0.0322      0.046      0.699      0.485      -0.058       0.122
yr_2010                      0.0625      0.046      1.354      0.176      -0.028       0.153
yr_2011                      0.0736      0.045      1.650      0.099      -0.014       0.161
yr_2012                      0.0441      0.045      0.974      0.330      -0.045       0.133
yr_2013                      0.0684      0.046      1.489      0.137      -0.022       0.159
yr_2014                      0.0418      0.046      0.908      0.364      -0.048       0.132
yr_2015                      0.0019      0.046      0.040      0.968      -0.089       0.092
yr_2016                     -0.0208      0.045     -0.467      0.641      -0.108       0.067
yr_2017                      0.0590      0.046      1.289      0.198      -0.031       0.149
yr_2018                      0.0138      0.046      0.298      0.766      -0.077       0.105
mo_2                         0.0228      0.029      0.786      0.432      -0.034       0.080
mo_3                         0.0070      0.029      0.246      0.806      -0.049       0.063
mo_4                         0.0203      0.029      0.704      0.481      -0.036       0.077
mo_5                         0.0043      0.029      0.148      0.883      -0.053       0.062
mo_6                        -0.0252      0.029     -0.862      0.389      -0.082       0.032
mo_7                        -0.0179      0.028     -0.644      0.520      -0.073       0.037
mo_8                        -0.0203      0.028     -0.719      0.472      -0.076       0.035
mo_9                        -0.0106      0.029     -0.367      0.714      -0.067       0.046
mo_10                       -0.0021      0.029     -0.073      0.942      -0.059       0.055
mo_11                       -0.0303      0.028     -1.072      0.284      -0.086       0.025
mo_12                       -0.0288      0.027     -1.052      0.293      -0.083       0.025
genre_Action                -0.0542      0.016     -3.369      0.001      -0.086      -0.023
genre_Adventure             -0.0123      0.016     -0.784      0.433      -0.043       0.018
genre_Animation             -0.0454      0.022     -2.045      0.041      -0.089      -0.002
genre_Biography             -0.1103      0.022     -5.005      0.000      -0.154      -0.067
genre_Comedy                -0.0131      0.014     -0.917      0.359      -0.041       0.015
genre_Crime                 -0.0574      0.018     -3.265      0.001      -0.092      -0.023
genre_Drama                  0.0562      0.015      3.871      0.000       0.028       0.085
genre_Family                 0.0443      0.018      2.459      0.014       0.009       0.080
genre_Fantasy                0.0079      0.017      0.472      0.637      -0.025       0.041
genre_History                0.0232      0.028      0.823      0.411      -0.032       0.079
genre_Horror                -0.0465      0.024     -1.978      0.048      -0.093      -0.000
genre_Music                  0.1003      0.030      3.312      0.001       0.041       0.160
genre_Musical                0.3237      0.054      6.019      0.000       0.218       0.429
genre_Mystery               -0.0577      0.020     -2.850      0.004      -0.097      -0.018
genre_News               -3.304e-18   7.25e-18     -0.456      0.649   -1.75e-17    1.09e-17
genre_Romance               -0.0377      0.016     -2.430      0.015      -0.068      -0.007
genre_Sci_Fi                 0.0100      0.019      0.516      0.606      -0.028       0.048
genre_Short              -7.842e-18   3.45e-18     -2.273      0.023   -1.46e-17   -1.07e-18
genre_Sport                 -0.0482      0.032     -1.498      0.134      -0.111       0.015
genre_Thriller              -0.0711      0.018     -3.925      0.000      -0.107      -0.036
genre_War                    0.0161      0.046      0.349      0.727      -0.074       0.107
genre_Western               -0.0538      0.083     -0.649      0.516      -0.216       0.109
==============================================================================
Omnibus:                      903.589   Durbin-Watson:                   1.972
Prob(Omnibus):                  0.000   Jarque-Bera (JB):             7980.961
Skew:                           1.901   Prob(JB):                         0.00
Kurtosis:                      12.002   Cond. No.                     1.02e+16
==============================================================================

Notes:
[1] Standard Errors assume that the covariance matrix of the errors is correctly specified.
[2] The smallest eigenvalue is 2.78e-27. This might indicate that there are
strong multicollinearity problems or that the design matrix is singular.