                            OLS Regression Results                            
==============================================================================
Dep. Variable:              sd_pooled   R-squared:                       0.559
Model:                            OLS   Adj. R-squared:                  0.552
Method:                 Least Squares   F-statistic:                     78.33
Date:                Tue, 31 Mar 2026   Prob (F-statistic):               0.00
Time:                        22:11:53   Log-Likelihood:                 521.97
No. Observations:                4012   AIC:                            -913.9
Df Residuals:                    3947   BIC:                            -504.6
Df Model:                          64                                         
Covariance Type:            nonrobust                                         
============================================================================================
                               coef    std err          t      P>|t|      [0.025      0.975]
--------------------------------------------------------------------------------------------
const                        3.3921      0.049     69.326      0.000       3.296       3.488
FLead                        0.0440      0.008      5.460      0.000       0.028       0.060
mean_pooled                 -0.2319      0.004    -52.645      0.000      -0.241      -0.223
kim_violence_gore            0.0003      0.003      0.095      0.925      -0.005       0.005
kim_sex_nudity               0.0136      0.002      6.794      0.000       0.010       0.017
kim_language                -0.0129      0.002     -7.045      0.000      -0.017      -0.009
major                       -0.0411      0.008     -5.104      0.000      -0.057      -0.025
log_bom_opening_theaters     0.0063      0.002      3.554      0.000       0.003       0.010
genres_count                -0.0044      0.007     -0.657      0.511      -0.018       0.009
yr_1993                      0.0020      0.035      0.059      0.953      -0.066       0.070
yr_1994                      0.0022      0.035      0.064      0.949      -0.067       0.071
yr_1995                      0.0508      0.035      1.461      0.144      -0.017       0.119
yr_1996                      0.0152      0.034      0.445      0.656      -0.052       0.082
yr_1997                      0.0210      0.035      0.602      0.547      -0.047       0.089
yr_1998                      0.0630      0.034      1.877      0.061      -0.003       0.129
yr_1999                      0.0686      0.033      2.100      0.036       0.005       0.133
yr_2000                     -0.0025      0.034     -0.075      0.940      -0.069       0.063
yr_2001                      0.0679      0.033      2.050      0.040       0.003       0.133
yr_2002                      0.0239      0.033      0.733      0.464      -0.040       0.088
yr_2003                      0.0078      0.033      0.237      0.813      -0.056       0.072
yr_2004                      0.0714      0.033      2.195      0.028       0.008       0.135
yr_2005                      0.0591      0.032      1.832      0.067      -0.004       0.122
yr_2006                      0.1104      0.032      3.447      0.001       0.048       0.173
yr_2007                      0.1236      0.032      3.871      0.000       0.061       0.186
yr_2008                      0.0636      0.032      1.978      0.048       0.001       0.127
yr_2009                      0.0432      0.033      1.327      0.185      -0.021       0.107
yr_2010                      0.0388      0.032      1.195      0.232      -0.025       0.102
yr_2011                      0.0406      0.032      1.273      0.203      -0.022       0.103
yr_2012                      0.0254      0.032      0.801      0.423      -0.037       0.088
yr_2013                      0.0175      0.032      0.547      0.584      -0.045       0.080
yr_2014                      0.0464      0.032      1.433      0.152      -0.017       0.110
yr_2015                     -0.0267      0.032     -0.833      0.405      -0.090       0.036
yr_2016                     -0.0279      0.032     -0.861      0.389      -0.091       0.036
yr_2017                      0.0268      0.033      0.820      0.412      -0.037       0.091
yr_2018                      0.0224      0.033      0.683      0.495      -0.042       0.087
mo_2                         0.0075      0.020      0.387      0.699      -0.031       0.046
mo_3                        -0.0044      0.019     -0.236      0.814      -0.041       0.032
mo_4                         0.0021      0.019      0.113      0.910      -0.035       0.039
mo_5                        -0.0128      0.020     -0.646      0.518      -0.052       0.026
mo_6                        -0.0263      0.020     -1.350      0.177      -0.065       0.012
mo_7                        -0.0245      0.019     -1.294      0.196      -0.062       0.013
mo_8                        -0.0265      0.018     -1.448      0.148      -0.062       0.009
mo_9                        -0.0292      0.019     -1.571      0.116      -0.066       0.007
mo_10                       -0.0057      0.018     -0.313      0.754      -0.042       0.030
mo_11                       -0.0242      0.019     -1.286      0.199      -0.061       0.013
mo_12                       -0.0249      0.018     -1.372      0.170      -0.061       0.011
genre_Action                -0.0445      0.010     -4.258      0.000      -0.065      -0.024
genre_Adventure             -0.0046      0.011     -0.404      0.686      -0.027       0.018
genre_Animation             -0.0361      0.018     -2.003      0.045      -0.071      -0.001
genre_Biography             -0.0966      0.014     -6.776      0.000      -0.124      -0.069
genre_Comedy                -0.0194      0.009     -2.115      0.034      -0.037      -0.001
genre_Crime                 -0.0831      0.010     -8.076      0.000      -0.103      -0.063
genre_Drama                  0.0078      0.009      0.823      0.410      -0.011       0.026
genre_Family                 0.0637      0.015      4.359      0.000       0.035       0.092
genre_Fantasy                0.0060      0.013      0.477      0.633      -0.019       0.031
genre_History                0.0240      0.020      1.171      0.242      -0.016       0.064
genre_Horror                -0.0098      0.014     -0.707      0.479      -0.037       0.017
genre_Music                  0.0977      0.019      5.137      0.000       0.060       0.135
genre_Musical                0.3107      0.043      7.174      0.000       0.226       0.396
genre_Mystery               -0.0598      0.013     -4.738      0.000      -0.085      -0.035
genre_News                1.369e-17    4.7e-18      2.911      0.004    4.47e-18    2.29e-17
genre_Romance               -0.0323      0.010     -3.200      0.001      -0.052      -0.013
genre_Sci_Fi                -0.0115      0.014     -0.845      0.398      -0.038       0.015
genre_Short               5.978e-18   3.69e-18      1.621      0.105   -1.25e-18    1.32e-17
genre_Sport                 -0.0435      0.021     -2.099      0.036      -0.084      -0.003
genre_Thriller              -0.0723      0.011     -6.767      0.000      -0.093      -0.051
genre_War                    0.0296      0.029      1.021      0.307      -0.027       0.087
genre_Western               -0.0304      0.052     -0.591      0.555      -0.131       0.071
==============================================================================
Omnibus:                     1662.865   Durbin-Watson:                   2.005
Prob(Omnibus):                  0.000   Jarque-Bera (JB):            13737.610
Skew:                           1.762   Prob(JB):                         0.00
Kurtosis:                      11.352   Cond. No.                     1.02e+16
==============================================================================

Notes:
[1] Standard Errors assume that the covariance matrix of the errors is correctly specified.
[2] The smallest eigenvalue is 6.16e-27. This might indicate that there are
strong multicollinearity problems or that the design matrix is singular.