                            OLS Regression Results                            
==============================================================================
Dep. Variable:              sd_pooled   R-squared:                       0.562
Model:                            OLS   Adj. R-squared:                  0.554
Method:                 Least Squares   F-statistic:                     78.98
Date:                Tue, 31 Mar 2026   Prob (F-statistic):               0.00
Time:                        21:29:05   Log-Likelihood:                 531.26
No. Observations:                4012   AIC:                            -932.5
Df Residuals:                    3947   BIC:                            -523.2
Df Model:                          64                                         
Covariance Type:            nonrobust                                         
============================================================================================
                               coef    std err          t      P>|t|      [0.025      0.975]
--------------------------------------------------------------------------------------------
const                        3.3807      0.048     69.835      0.000       3.286       3.476
FLead                        0.0480      0.008      5.975      0.000       0.032       0.064
mean_pooled                 -0.2339      0.004    -53.105      0.000      -0.243      -0.225
kim_violence_gore            0.0117      0.003      4.591      0.000       0.007       0.017
kim_sex_nudity               0.0115      0.002      5.623      0.000       0.007       0.015
kim_language                -0.0147      0.002     -7.695      0.000      -0.018      -0.011
major                       -0.0397      0.008     -4.941      0.000      -0.056      -0.024
log_bom_opening_theaters     0.0057      0.002      3.215      0.001       0.002       0.009
genres_count                -0.0089      0.007     -1.317      0.188      -0.022       0.004
yr_1993                     -0.0075      0.034     -0.219      0.827      -0.075       0.060
yr_1994                     -0.0012      0.035     -0.033      0.974      -0.070       0.068
yr_1995                      0.0431      0.035      1.241      0.215      -0.025       0.111
yr_1996                      0.0085      0.034      0.250      0.803      -0.058       0.075
yr_1997                      0.0130      0.035      0.375      0.708      -0.055       0.081
yr_1998                      0.0576      0.033      1.723      0.085      -0.008       0.123
yr_1999                      0.0586      0.033      1.799      0.072      -0.005       0.123
yr_2000                     -0.0114      0.034     -0.341      0.733      -0.077       0.054
yr_2001                      0.0556      0.033      1.684      0.092      -0.009       0.120
yr_2002                      0.0133      0.032      0.411      0.681      -0.050       0.077
yr_2003                     -0.0011      0.033     -0.033      0.973      -0.065       0.063
yr_2004                      0.0615      0.032      1.895      0.058      -0.002       0.125
yr_2005                      0.0488      0.032      1.515      0.130      -0.014       0.112
yr_2006                      0.0970      0.032      3.033      0.002       0.034       0.160
yr_2007                      0.1107      0.032      3.476      0.001       0.048       0.173
yr_2008                      0.0521      0.032      1.623      0.105      -0.011       0.115
yr_2009                      0.0313      0.032      0.963      0.336      -0.032       0.095
yr_2010                      0.0243      0.032      0.749      0.454      -0.039       0.088
yr_2011                      0.0301      0.032      0.945      0.345      -0.032       0.092
yr_2012                      0.0145      0.032      0.458      0.647      -0.048       0.077
yr_2013                      0.0070      0.032      0.220      0.826      -0.055       0.069
yr_2014                      0.0385      0.032      1.195      0.232      -0.025       0.102
yr_2015                     -0.0340      0.032     -1.064      0.287      -0.097       0.029
yr_2016                     -0.0377      0.032     -1.169      0.243      -0.101       0.026
yr_2017                      0.0187      0.033      0.574      0.566      -0.045       0.082
yr_2018                      0.0145      0.033      0.443      0.658      -0.050       0.079
mo_2                         0.0089      0.019      0.455      0.649      -0.029       0.047
mo_3                        -0.0044      0.019     -0.239      0.811      -0.041       0.032
mo_4                         0.0009      0.019      0.050      0.960      -0.036       0.038
mo_5                        -0.0117      0.020     -0.595      0.552      -0.050       0.027
mo_6                        -0.0237      0.019     -1.216      0.224      -0.062       0.014
mo_7                        -0.0229      0.019     -1.211      0.226      -0.060       0.014
mo_8                        -0.0256      0.018     -1.403      0.161      -0.061       0.010
mo_9                        -0.0278      0.019     -1.497      0.134      -0.064       0.009
mo_10                       -0.0064      0.018     -0.350      0.726      -0.042       0.029
mo_11                       -0.0243      0.019     -1.294      0.196      -0.061       0.013
mo_12                       -0.0255      0.018     -1.408      0.159      -0.061       0.010
genre_Action                -0.0542      0.011     -5.103      0.000      -0.075      -0.033
genre_Adventure             -0.0059      0.011     -0.529      0.597      -0.028       0.016
genre_Animation             -0.0271      0.018     -1.506      0.132      -0.062       0.008
genre_Biography             -0.0919      0.014     -6.453      0.000      -0.120      -0.064
genre_Comedy                -0.0043      0.010     -0.452      0.651      -0.023       0.014
genre_Crime                 -0.0917      0.010     -8.993      0.000      -0.112      -0.072
genre_Drama                  0.0131      0.010      1.380      0.168      -0.006       0.032
genre_Family                 0.0711      0.015      4.875      0.000       0.042       0.100
genre_Fantasy                0.0051      0.013      0.404      0.686      -0.020       0.030
genre_History                0.0200      0.020      0.982      0.326      -0.020       0.060
genre_Horror                -0.0347      0.015     -2.374      0.018      -0.063      -0.006
genre_Music                  0.1079      0.019      5.650      0.000       0.070       0.145
genre_Musical                0.3195      0.043      7.396      0.000       0.235       0.404
genre_Mystery               -0.0579      0.013     -4.599      0.000      -0.083      -0.033
genre_News                8.049e-18    4.4e-18      1.828      0.068   -5.85e-19    1.67e-17
genre_Romance               -0.0188      0.010     -1.823      0.068      -0.039       0.001
genre_Sci_Fi                -0.0131      0.014     -0.962      0.336      -0.040       0.014
genre_Short               5.672e-18   7.65e-18      0.742      0.458   -9.32e-18    2.07e-17
genre_Sport                 -0.0376      0.021     -1.812      0.070      -0.078       0.003
genre_Thriller              -0.0750      0.011     -7.049      0.000      -0.096      -0.054
genre_War                    0.0116      0.029      0.396      0.692      -0.046       0.069
genre_Western               -0.0452      0.051     -0.879      0.380      -0.146       0.056
==============================================================================
Omnibus:                     1650.457   Durbin-Watson:                   2.006
Prob(Omnibus):                  0.000   Jarque-Bera (JB):            13404.790
Skew:                           1.752   Prob(JB):                         0.00
Kurtosis:                      11.241   Cond. No.                     1.02e+16
==============================================================================

Notes:
[1] Standard Errors assume that the covariance matrix of the errors is correctly specified.
[2] The smallest eigenvalue is 6.34e-27. This might indicate that there are
strong multicollinearity problems or that the design matrix is singular.