                            OLS Regression Results                            
==============================================================================
Dep. Variable:              sd_pooled   R-squared:                       0.561
Model:                            OLS   Adj. R-squared:                  0.554
Method:                 Least Squares   F-statistic:                     78.94
Date:                Tue, 31 Mar 2026   Prob (F-statistic):               0.00
Time:                        21:27:10   Log-Likelihood:                 530.65
No. Observations:                4012   AIC:                            -931.3
Df Residuals:                    3947   BIC:                            -522.0
Df Model:                          64                                         
Covariance Type:            nonrobust                                         
============================================================================================
                               coef    std err          t      P>|t|      [0.025      0.975]
--------------------------------------------------------------------------------------------
const                        3.3856      0.048     69.903      0.000       3.291       3.481
FLead                        0.0475      0.008      5.915      0.000       0.032       0.063
mean_pooled                 -0.2341      0.004    -53.171      0.000      -0.243      -0.225
kim_violence_gore            0.0115      0.003      4.530      0.000       0.007       0.016
kim_sex_nudity               0.0111      0.002      5.480      0.000       0.007       0.015
kim_language                -0.0145      0.002     -7.617      0.000      -0.018      -0.011
major                       -0.0392      0.008     -4.879      0.000      -0.055      -0.023
log_bom_opening_theaters     0.0057      0.002      3.200      0.001       0.002       0.009
genres_count                -0.0090      0.007     -1.334      0.182      -0.022       0.004
yr_1993                     -0.0064      0.034     -0.185      0.854      -0.074       0.061
yr_1994                     -0.0046      0.035     -0.132      0.895      -0.074       0.064
yr_1995                      0.0422      0.035      1.217      0.224      -0.026       0.110
yr_1996                      0.0067      0.034      0.196      0.845      -0.060       0.073
yr_1997                      0.0092      0.035      0.265      0.791      -0.059       0.077
yr_1998                      0.0568      0.033      1.697      0.090      -0.009       0.122
yr_1999                      0.0580      0.033      1.779      0.075      -0.006       0.122
yr_2000                     -0.0109      0.034     -0.324      0.746      -0.077       0.055
yr_2001                      0.0561      0.033      1.700      0.089      -0.009       0.121
yr_2002                      0.0131      0.032      0.404      0.686      -0.051       0.077
yr_2003                     -0.0002      0.033     -0.007      0.994      -0.064       0.064
yr_2004                      0.0612      0.032      1.884      0.060      -0.002       0.125
yr_2005                      0.0466      0.032      1.446      0.148      -0.017       0.110
yr_2006                      0.0966      0.032      3.021      0.003       0.034       0.159
yr_2007                      0.1103      0.032      3.463      0.001       0.048       0.173
yr_2008                      0.0510      0.032      1.589      0.112      -0.012       0.114
yr_2009                      0.0301      0.032      0.926      0.354      -0.034       0.094
yr_2010                      0.0260      0.032      0.802      0.422      -0.038       0.089
yr_2011                      0.0289      0.032      0.909      0.363      -0.033       0.091
yr_2012                      0.0132      0.032      0.418      0.676      -0.049       0.075
yr_2013                      0.0047      0.032      0.146      0.884      -0.058       0.067
yr_2014                      0.0353      0.032      1.096      0.273      -0.028       0.098
yr_2015                     -0.0339      0.032     -1.058      0.290      -0.097       0.029
yr_2016                     -0.0386      0.032     -1.198      0.231      -0.102       0.025
yr_2017                      0.0172      0.033      0.528      0.598      -0.047       0.081
yr_2018                      0.0113      0.033      0.346      0.729      -0.053       0.075
mo_2                         0.0074      0.019      0.379      0.705      -0.031       0.046
mo_3                        -0.0051      0.019     -0.277      0.782      -0.041       0.031
mo_4                        -0.0003      0.019     -0.016      0.988      -0.037       0.036
mo_5                        -0.0142      0.020     -0.718      0.473      -0.053       0.025
mo_6                        -0.0265      0.019     -1.359      0.174      -0.065       0.012
mo_7                        -0.0239      0.019     -1.262      0.207      -0.061       0.013
mo_8                        -0.0260      0.018     -1.425      0.154      -0.062       0.010
mo_9                        -0.0280      0.019     -1.509      0.131      -0.064       0.008
mo_10                       -0.0089      0.018     -0.489      0.625      -0.045       0.027
mo_11                       -0.0248      0.019     -1.319      0.187      -0.062       0.012
mo_12                       -0.0276      0.018     -1.524      0.128      -0.063       0.008
genre_Action                -0.0557      0.011     -5.249      0.000      -0.077      -0.035
genre_Adventure             -0.0049      0.011     -0.439      0.661      -0.027       0.017
genre_Animation             -0.0273      0.018     -1.521      0.128      -0.063       0.008
genre_Biography             -0.0924      0.014     -6.490      0.000      -0.120      -0.064
genre_Comedy                -0.0051      0.009     -0.537      0.591      -0.024       0.014
genre_Crime                 -0.0913      0.010     -8.937      0.000      -0.111      -0.071
genre_Drama                  0.0134      0.010      1.407      0.160      -0.005       0.032
genre_Family                 0.0710      0.015      4.866      0.000       0.042       0.100
genre_Fantasy                0.0051      0.013      0.404      0.686      -0.020       0.030
genre_History                0.0202      0.020      0.988      0.323      -0.020       0.060
genre_Horror                -0.0337      0.015     -2.309      0.021      -0.062      -0.005
genre_Music                  0.1077      0.019      5.636      0.000       0.070       0.145
genre_Musical                0.3201      0.043      7.410      0.000       0.235       0.405
genre_Mystery               -0.0592      0.013     -4.707      0.000      -0.084      -0.035
genre_News                1.265e-17   6.24e-18      2.026      0.043    4.11e-19    2.49e-17
genre_Romance               -0.0182      0.010     -1.761      0.078      -0.038       0.002
genre_Sci_Fi                -0.0123      0.014     -0.904      0.366      -0.039       0.014
genre_Short               3.776e-18   1.87e-18      2.020      0.043    1.11e-19    7.44e-18
genre_Sport                 -0.0382      0.021     -1.841      0.066      -0.079       0.002
genre_Thriller              -0.0744      0.011     -6.979      0.000      -0.095      -0.053
genre_War                    0.0098      0.029      0.337      0.736      -0.047       0.067
genre_Western               -0.0436      0.051     -0.847      0.397      -0.145       0.057
==============================================================================
Omnibus:                     1654.044   Durbin-Watson:                   2.004
Prob(Omnibus):                  0.000   Jarque-Bera (JB):            13451.663
Skew:                           1.756   Prob(JB):                         0.00
Kurtosis:                      11.254   Cond. No.                     1.02e+16
==============================================================================

Notes:
[1] Standard Errors assume that the covariance matrix of the errors is correctly specified.
[2] The smallest eigenvalue is 6.33e-27. This might indicate that there are
strong multicollinearity problems or that the design matrix is singular.