                            OLS Regression Results                            
==============================================================================
Dep. Variable:              sd_pooled   R-squared:                       0.577
Model:                            OLS   Adj. R-squared:                  0.563
Method:                 Least Squares   F-statistic:                     41.30
Date:                Sun, 29 Mar 2026   Prob (F-statistic):               0.00
Time:                        15:26:30   Log-Likelihood:                 298.08
No. Observations:                2006   AIC:                            -466.2
Df Residuals:                    1941   BIC:                            -101.9
Df Model:                          64                                         
Covariance Type:            nonrobust                                         
============================================================================================
                               coef    std err          t      P>|t|      [0.025      0.975]
--------------------------------------------------------------------------------------------
const                        3.3661      0.071     47.635      0.000       3.227       3.505
FLead                        0.0586      0.011      5.112      0.000       0.036       0.081
mean_pooled                 -0.2351      0.006    -37.591      0.000      -0.247      -0.223
kim_violence_gore            0.0121      0.004      3.343      0.001       0.005       0.019
kim_sex_nudity               0.0127      0.003      4.468      0.000       0.007       0.018
kim_language                -0.0161      0.003     -5.914      0.000      -0.021      -0.011
major                       -0.0414      0.011     -3.642      0.000      -0.064      -0.019
log_bom_opening_theaters     0.0069      0.003      2.712      0.007       0.002       0.012
genres_count                -0.0060      0.010     -0.598      0.550      -0.026       0.014
yr_1993                      0.0062      0.051      0.122      0.903      -0.094       0.106
yr_1994                     -0.0161      0.053     -0.304      0.761      -0.120       0.088
yr_1995                      0.0514      0.053      0.966      0.334      -0.053       0.156
yr_1996                      0.0137      0.050      0.274      0.784      -0.085       0.112
yr_1997                      0.0421      0.053      0.801      0.423      -0.061       0.145
yr_1998                      0.0663      0.050      1.333      0.183      -0.031       0.164
yr_1999                      0.0583      0.049      1.195      0.232      -0.037       0.154
yr_2000                     -0.0059      0.052     -0.114      0.909      -0.107       0.095
yr_2001                      0.0714      0.050      1.429      0.153      -0.027       0.169
yr_2002                      0.0187      0.049      0.386      0.699      -0.076       0.114
yr_2003                     -0.0072      0.049     -0.147      0.883      -0.103       0.089
yr_2004                      0.0580      0.049      1.180      0.238      -0.038       0.154
yr_2005                      0.0727      0.049      1.482      0.139      -0.024       0.169
yr_2006                      0.1257      0.047      2.653      0.008       0.033       0.219
yr_2007                      0.1205      0.048      2.507      0.012       0.026       0.215
yr_2008                      0.0492      0.048      1.017      0.309      -0.046       0.144
yr_2009                      0.0240      0.049      0.493      0.622      -0.071       0.119
yr_2010                      0.0433      0.050      0.870      0.385      -0.054       0.141
yr_2011                      0.0556      0.048      1.160      0.246      -0.038       0.150
yr_2012                      0.0228      0.048      0.480      0.631      -0.071       0.116
yr_2013                      0.0348      0.048      0.722      0.470      -0.060       0.129
yr_2014                      0.0591      0.049      1.216      0.224      -0.036       0.154
yr_2015                     -0.0600      0.049     -1.227      0.220      -0.156       0.036
yr_2016                     -0.0333      0.049     -0.681      0.496      -0.129       0.063
yr_2017                      0.0448      0.049      0.915      0.360      -0.051       0.141
yr_2018                      0.0347      0.049      0.709      0.478      -0.061       0.131
mo_2                        -0.0095      0.028     -0.333      0.739      -0.065       0.046
mo_3                         0.0041      0.027      0.152      0.880      -0.049       0.057
mo_4                        -0.0101      0.027     -0.370      0.711      -0.064       0.043
mo_5                        -0.0298      0.029     -1.036      0.300      -0.086       0.027
mo_6                        -0.0370      0.028     -1.322      0.186      -0.092       0.018
mo_7                        -0.0410      0.028     -1.484      0.138      -0.095       0.013
mo_8                        -0.0398      0.026     -1.515      0.130      -0.091       0.012
mo_9                        -0.0209      0.027     -0.775      0.438      -0.074       0.032
mo_10                       -0.0175      0.027     -0.658      0.511      -0.070       0.035
mo_11                       -0.0186      0.027     -0.683      0.495      -0.072       0.035
mo_12                       -0.0245      0.027     -0.923      0.356      -0.077       0.028
genre_Action                -0.0534      0.015     -3.542      0.000      -0.083      -0.024
genre_Adventure              0.0098      0.016      0.594      0.552      -0.023       0.042
genre_Animation             -0.0715      0.026     -2.755      0.006      -0.122      -0.021
genre_Biography             -0.1015      0.019     -5.211      0.000      -0.140      -0.063
genre_Comedy                 0.0028      0.014      0.199      0.842      -0.025       0.030
genre_Crime                 -0.0802      0.014     -5.589      0.000      -0.108      -0.052
genre_Drama                  0.0126      0.013      0.949      0.343      -0.013       0.039
genre_Family                 0.0674      0.022      3.116      0.002       0.025       0.110
genre_Fantasy                0.0165      0.018      0.908      0.364      -0.019       0.052
genre_History                0.0100      0.028      0.353      0.724      -0.046       0.066
genre_Horror                -0.0502      0.020     -2.457      0.014      -0.090      -0.010
genre_Music                  0.1196      0.030      3.951      0.000       0.060       0.179
genre_Musical                0.3008      0.069      4.355      0.000       0.165       0.436
genre_Mystery               -0.0601      0.017     -3.478      0.001      -0.094      -0.026
genre_News               -9.436e-18   6.24e-18     -1.513      0.130   -2.17e-17    2.79e-18
genre_Romance               -0.0172      0.015     -1.170      0.242      -0.046       0.012
genre_Sci_Fi                -0.0196      0.019     -1.035      0.301      -0.057       0.018
genre_Short               6.252e-18   2.99e-18      2.088      0.037     3.8e-19    1.21e-17
genre_Sport                 -0.0049      0.029     -0.166      0.868      -0.062       0.053
genre_Thriller              -0.0662      0.015     -4.386      0.000      -0.096      -0.037
genre_War                    0.0730      0.042      1.744      0.081      -0.009       0.155
genre_Western               -0.0937      0.073     -1.284      0.199      -0.237       0.049
==============================================================================
Omnibus:                      650.591   Durbin-Watson:                   1.978
Prob(Omnibus):                  0.000   Jarque-Bera (JB):             3129.549
Skew:                           1.468   Prob(JB):                         0.00
Kurtosis:                       8.369   Cond. No.                     1.02e+16
==============================================================================

Notes:
[1] Standard Errors assume that the covariance matrix of the errors is correctly specified.
[2] The smallest eigenvalue is 3.24e-27. This might indicate that there are
strong multicollinearity problems or that the design matrix is singular.