                            OLS Regression Results                            
==============================================================================
Dep. Variable:              sd_pooled   R-squared:                       0.562
Model:                            OLS   Adj. R-squared:                  0.555
Method:                 Least Squares   F-statistic:                     79.10
Date:                Sun, 29 Mar 2026   Prob (F-statistic):               0.00
Time:                        15:55:37   Log-Likelihood:                 533.00
No. Observations:                4012   AIC:                            -936.0
Df Residuals:                    3947   BIC:                            -526.7
Df Model:                          64                                         
Covariance Type:            nonrobust                                         
============================================================================================
                               coef    std err          t      P>|t|      [0.025      0.975]
--------------------------------------------------------------------------------------------
const                        3.3868      0.048     69.964      0.000       3.292       3.482
FLead                        0.0479      0.008      5.967      0.000       0.032       0.064
mean_pooled                 -0.2342      0.004    -53.254      0.000      -0.243      -0.226
kim_violence_gore            0.0117      0.003      4.628      0.000       0.007       0.017
kim_sex_nudity               0.0107      0.002      5.357      0.000       0.007       0.015
kim_language                -0.0153      0.002     -7.918      0.000      -0.019      -0.011
major                       -0.0390      0.008     -4.856      0.000      -0.055      -0.023
log_bom_opening_theaters     0.0053      0.002      3.025      0.002       0.002       0.009
genres_count                -0.0088      0.007     -1.304      0.192      -0.022       0.004
yr_1993                     -0.0063      0.034     -0.183      0.855      -0.074       0.061
yr_1994                     -0.0019      0.035     -0.054      0.957      -0.071       0.067
yr_1995                      0.0448      0.035      1.291      0.197      -0.023       0.113
yr_1996                      0.0084      0.034      0.248      0.804      -0.058       0.075
yr_1997                      0.0126      0.035      0.363      0.716      -0.055       0.081
yr_1998                      0.0586      0.033      1.752      0.080      -0.007       0.124
yr_1999                      0.0616      0.033      1.891      0.059      -0.002       0.126
yr_2000                     -0.0084      0.034     -0.250      0.803      -0.074       0.057
yr_2001                      0.0571      0.033      1.730      0.084      -0.008       0.122
yr_2002                      0.0170      0.032      0.523      0.601      -0.047       0.081
yr_2003                      0.0016      0.033      0.049      0.961      -0.062       0.066
yr_2004                      0.0621      0.032      1.916      0.055      -0.001       0.126
yr_2005                      0.0485      0.032      1.508      0.132      -0.015       0.112
yr_2006                      0.0976      0.032      3.052      0.002       0.035       0.160
yr_2007                      0.1117      0.032      3.508      0.000       0.049       0.174
yr_2008                      0.0524      0.032      1.635      0.102      -0.010       0.115
yr_2009                      0.0342      0.032      1.052      0.293      -0.030       0.098
yr_2010                      0.0280      0.032      0.864      0.388      -0.036       0.091
yr_2011                      0.0320      0.032      1.005      0.315      -0.030       0.094
yr_2012                      0.0141      0.032      0.446      0.656      -0.048       0.076
yr_2013                      0.0040      0.032      0.125      0.900      -0.058       0.066
yr_2014                      0.0385      0.032      1.195      0.232      -0.025       0.102
yr_2015                     -0.0297      0.032     -0.928      0.354      -0.092       0.033
yr_2016                     -0.0355      0.032     -1.102      0.270      -0.099       0.028
yr_2017                      0.0189      0.033      0.582      0.561      -0.045       0.083
yr_2018                      0.0141      0.033      0.432      0.666      -0.050       0.078
mo_2                         0.0104      0.019      0.533      0.594      -0.028       0.048
mo_3                        -0.0026      0.019     -0.140      0.888      -0.039       0.034
mo_4                         0.0030      0.019      0.158      0.875      -0.034       0.040
mo_5                        -0.0118      0.020     -0.601      0.548      -0.051       0.027
mo_6                        -0.0233      0.019     -1.199      0.230      -0.061       0.015
mo_7                        -0.0226      0.019     -1.196      0.232      -0.060       0.014
mo_8                        -0.0248      0.018     -1.358      0.174      -0.061       0.011
mo_9                        -0.0271      0.019     -1.461      0.144      -0.063       0.009
mo_10                       -0.0067      0.018     -0.368      0.713      -0.042       0.029
mo_11                       -0.0219      0.019     -1.169      0.242      -0.059       0.015
mo_12                       -0.0249      0.018     -1.376      0.169      -0.060       0.011
genre_Action                -0.0556      0.011     -5.238      0.000      -0.076      -0.035
genre_Adventure             -0.0058      0.011     -0.513      0.608      -0.028       0.016
genre_Animation             -0.0290      0.018     -1.611      0.107      -0.064       0.006
genre_Biography             -0.0936      0.014     -6.579      0.000      -0.121      -0.066
genre_Comedy                -0.0045      0.009     -0.478      0.633      -0.023       0.014
genre_Crime                 -0.0903      0.010     -8.842      0.000      -0.110      -0.070
genre_Drama                  0.0128      0.010      1.347      0.178      -0.006       0.031
genre_Family                 0.0694      0.015      4.758      0.000       0.041       0.098
genre_Fantasy                0.0045      0.013      0.359      0.720      -0.020       0.029
genre_History                0.0194      0.020      0.953      0.341      -0.021       0.059
genre_Horror                -0.0340      0.015     -2.331      0.020      -0.063      -0.005
genre_Music                  0.1133      0.019      5.923      0.000       0.076       0.151
genre_Musical                0.3206      0.043      7.425      0.000       0.236       0.405
genre_Mystery               -0.0581      0.013     -4.619      0.000      -0.083      -0.033
genre_News                9.511e-18   3.89e-18      2.443      0.015    1.88e-18    1.71e-17
genre_Romance               -0.0181      0.010     -1.752      0.080      -0.038       0.002
genre_Sci_Fi                -0.0124      0.014     -0.912      0.362      -0.039       0.014
genre_Short               -7.66e-19   1.97e-18     -0.390      0.697   -4.62e-18    3.09e-18
genre_Sport                 -0.0365      0.021     -1.760      0.078      -0.077       0.004
genre_Thriller              -0.0752      0.011     -7.068      0.000      -0.096      -0.054
genre_War                    0.0085      0.029      0.292      0.771      -0.049       0.066
genre_Western               -0.0445      0.051     -0.865      0.387      -0.145       0.056
==============================================================================
Omnibus:                     1654.974   Durbin-Watson:                   2.004
Prob(Omnibus):                  0.000   Jarque-Bera (JB):            13509.141
Skew:                           1.756   Prob(JB):                         0.00
Kurtosis:                      11.275   Cond. No.                     1.02e+16
==============================================================================

Notes:
[1] Standard Errors assume that the covariance matrix of the errors is correctly specified.
[2] The smallest eigenvalue is 6.31e-27. This might indicate that there are
strong multicollinearity problems or that the design matrix is singular.