                            OLS Regression Results                            
==============================================================================
Dep. Variable:              sd_pooled   R-squared:                       0.561
Model:                            OLS   Adj. R-squared:                  0.554
Method:                 Least Squares   F-statistic:                     78.89
Date:                Sun, 29 Mar 2026   Prob (F-statistic):               0.00
Time:                        15:55:30   Log-Likelihood:                 529.95
No. Observations:                4012   AIC:                            -929.9
Df Residuals:                    3947   BIC:                            -520.6
Df Model:                          64                                         
Covariance Type:            nonrobust                                         
============================================================================================
                               coef    std err          t      P>|t|      [0.025      0.975]
--------------------------------------------------------------------------------------------
const                        3.3892      0.048     69.939      0.000       3.294       3.484
FLead                        0.0480      0.008      5.974      0.000       0.032       0.064
mean_pooled                 -0.2345      0.004    -53.293      0.000      -0.243      -0.226
kim_violence_gore            0.0116      0.003      4.572      0.000       0.007       0.017
kim_sex_nudity               0.0106      0.002      5.308      0.000       0.007       0.015
kim_language                -0.0145      0.002     -7.524      0.000      -0.018      -0.011
major                       -0.0391      0.008     -4.860      0.000      -0.055      -0.023
log_bom_opening_theaters     0.0054      0.002      3.039      0.002       0.002       0.009
genres_count                -0.0085      0.007     -1.260      0.208      -0.022       0.005
yr_1993                     -0.0077      0.034     -0.224      0.823      -0.075       0.060
yr_1994                     -0.0036      0.035     -0.101      0.919      -0.073       0.065
yr_1995                      0.0422      0.035      1.216      0.224      -0.026       0.110
yr_1996                      0.0060      0.034      0.176      0.860      -0.061       0.073
yr_1997                      0.0102      0.035      0.294      0.769      -0.058       0.078
yr_1998                      0.0553      0.033      1.654      0.098      -0.010       0.121
yr_1999                      0.0579      0.033      1.775      0.076      -0.006       0.122
yr_2000                     -0.0108      0.034     -0.323      0.747      -0.077       0.055
yr_2001                      0.0548      0.033      1.658      0.097      -0.010       0.119
yr_2002                      0.0155      0.032      0.477      0.633      -0.048       0.079
yr_2003                  -5.232e-06      0.033     -0.000      1.000      -0.064       0.064
yr_2004                      0.0606      0.032      1.867      0.062      -0.003       0.124
yr_2005                      0.0456      0.032      1.417      0.156      -0.017       0.109
yr_2006                      0.0964      0.032      3.014      0.003       0.034       0.159
yr_2007                      0.1075      0.032      3.373      0.001       0.045       0.170
yr_2008                      0.0511      0.032      1.593      0.111      -0.012       0.114
yr_2009                      0.0288      0.032      0.885      0.376      -0.035       0.092
yr_2010                      0.0253      0.032      0.782      0.434      -0.038       0.089
yr_2011                      0.0279      0.032      0.877      0.381      -0.035       0.090
yr_2012                      0.0125      0.032      0.395      0.693      -0.050       0.075
yr_2013                      0.0039      0.032      0.124      0.902      -0.059       0.066
yr_2014                      0.0347      0.032      1.078      0.281      -0.028       0.098
yr_2015                     -0.0351      0.032     -1.098      0.272      -0.098       0.028
yr_2016                     -0.0403      0.032     -1.251      0.211      -0.104       0.023
yr_2017                      0.0170      0.033      0.521      0.602      -0.047       0.081
yr_2018                      0.0112      0.033      0.343      0.731      -0.053       0.075
mo_2                         0.0092      0.019      0.471      0.637      -0.029       0.047
mo_3                        -0.0059      0.019     -0.321      0.748      -0.042       0.030
mo_4                         0.0009      0.019      0.048      0.961      -0.036       0.038
mo_5                        -0.0113      0.020     -0.572      0.567      -0.050       0.027
mo_6                        -0.0256      0.019     -1.313      0.189      -0.064       0.013
mo_7                        -0.0244      0.019     -1.290      0.197      -0.062       0.013
mo_8                        -0.0250      0.018     -1.370      0.171      -0.061       0.011
mo_9                        -0.0275      0.019     -1.480      0.139      -0.064       0.009
mo_10                       -0.0074      0.018     -0.408      0.683      -0.043       0.028
mo_11                       -0.0248      0.019     -1.321      0.186      -0.062       0.012
mo_12                       -0.0247      0.018     -1.364      0.173      -0.060       0.011
genre_Action                -0.0561      0.011     -5.290      0.000      -0.077      -0.035
genre_Adventure             -0.0048      0.011     -0.425      0.671      -0.027       0.017
genre_Animation             -0.0270      0.018     -1.501      0.133      -0.062       0.008
genre_Biography             -0.0920      0.014     -6.462      0.000      -0.120      -0.064
genre_Comedy                -0.0052      0.009     -0.548      0.584      -0.024       0.013
genre_Crime                 -0.0916      0.010     -8.976      0.000      -0.112      -0.072
genre_Drama                  0.0126      0.010      1.322      0.186      -0.006       0.031
genre_Family                 0.0702      0.015      4.809      0.000       0.042       0.099
genre_Fantasy                0.0056      0.013      0.442      0.658      -0.019       0.030
genre_History                0.0187      0.020      0.917      0.359      -0.021       0.059
genre_Horror                -0.0356      0.015     -2.438      0.015      -0.064      -0.007
genre_Music                  0.1102      0.019      5.762      0.000       0.073       0.148
genre_Musical                0.3203      0.043      7.412      0.000       0.236       0.405
genre_Mystery               -0.0575      0.013     -4.570      0.000      -0.082      -0.033
genre_News                4.773e-18   8.31e-18      0.574      0.566   -1.15e-17    2.11e-17
genre_Romance               -0.0180      0.010     -1.747      0.081      -0.038       0.002
genre_Sci_Fi                -0.0123      0.014     -0.908      0.364      -0.039       0.014
genre_Short              -4.445e-18   1.77e-18     -2.513      0.012   -7.91e-18   -9.77e-19
genre_Sport                 -0.0369      0.021     -1.780      0.075      -0.078       0.004
genre_Thriller              -0.0744      0.011     -6.979      0.000      -0.095      -0.054
genre_War                    0.0110      0.029      0.377      0.706      -0.046       0.068
genre_Western               -0.0456      0.052     -0.885      0.376      -0.147       0.055
==============================================================================
Omnibus:                     1660.095   Durbin-Watson:                   2.007
Prob(Omnibus):                  0.000   Jarque-Bera (JB):            13564.771
Skew:                           1.763   Prob(JB):                         0.00
Kurtosis:                      11.290   Cond. No.                     1.02e+16
==============================================================================

Notes:
[1] Standard Errors assume that the covariance matrix of the errors is correctly specified.
[2] The smallest eigenvalue is 6.32e-27. This might indicate that there are
strong multicollinearity problems or that the design matrix is singular.