                            OLS Regression Results                            
==============================================================================
Dep. Variable:              sd_pooled   R-squared:                       0.561
Model:                            OLS   Adj. R-squared:                  0.554
Method:                 Least Squares   F-statistic:                     78.86
Date:                Tue, 31 Mar 2026   Prob (F-statistic):               0.00
Time:                        14:06:21   Log-Likelihood:                 529.58
No. Observations:                4012   AIC:                            -929.2
Df Residuals:                    3947   BIC:                            -519.9
Df Model:                          64                                         
Covariance Type:            nonrobust                                         
============================================================================================
                               coef    std err          t      P>|t|      [0.025      0.975]
--------------------------------------------------------------------------------------------
const                        3.3719      0.049     69.316      0.000       3.277       3.467
FLead                        0.0455      0.008      5.661      0.000       0.030       0.061
mean_pooled                 -0.2326      0.004    -52.863      0.000      -0.241      -0.224
kim_violence_gore            0.0094      0.002      3.875      0.000       0.005       0.014
kim_sex_nudity               0.0123      0.002      6.133      0.000       0.008       0.016
kim_language                -0.0142      0.002     -7.656      0.000      -0.018      -0.011
major                       -0.0404      0.008     -5.026      0.000      -0.056      -0.025
log_bom_opening_theaters     0.0059      0.002      3.346      0.001       0.002       0.009
genres_count                -0.0070      0.007     -1.043      0.297      -0.020       0.006
yr_1993                     -0.0012      0.034     -0.035      0.972      -0.069       0.066
yr_1994                      0.0014      0.035      0.039      0.969      -0.068       0.070
yr_1995                      0.0474      0.035      1.365      0.172      -0.021       0.115
yr_1996                      0.0130      0.034      0.381      0.703      -0.054       0.080
yr_1997                      0.0173      0.035      0.498      0.619      -0.051       0.085
yr_1998                      0.0624      0.033      1.866      0.062      -0.003       0.128
yr_1999                      0.0665      0.033      2.041      0.041       0.003       0.130
yr_2000                     -0.0046      0.034     -0.137      0.891      -0.070       0.061
yr_2001                      0.0624      0.033      1.892      0.059      -0.002       0.127
yr_2002                      0.0211      0.032      0.652      0.515      -0.042       0.085
yr_2003                      0.0052      0.033      0.159      0.874      -0.059       0.069
yr_2004                      0.0666      0.032      2.054      0.040       0.003       0.130
yr_2005                      0.0531      0.032      1.652      0.099      -0.010       0.116
yr_2006                      0.1038      0.032      3.252      0.001       0.041       0.166
yr_2007                      0.1163      0.032      3.657      0.000       0.054       0.179
yr_2008                      0.0576      0.032      1.799      0.072      -0.005       0.120
yr_2009                      0.0363      0.032      1.117      0.264      -0.027       0.100
yr_2010                      0.0329      0.032      1.016      0.309      -0.031       0.096
yr_2011                      0.0349      0.032      1.098      0.272      -0.027       0.097
yr_2012                      0.0210      0.032      0.665      0.506      -0.041       0.083
yr_2013                      0.0131      0.032      0.410      0.682      -0.049       0.075
yr_2014                      0.0439      0.032      1.363      0.173      -0.019       0.107
yr_2015                     -0.0285      0.032     -0.891      0.373      -0.091       0.034
yr_2016                     -0.0317      0.032     -0.983      0.326      -0.095       0.032
yr_2017                      0.0240      0.033      0.737      0.461      -0.040       0.088
yr_2018                      0.0196      0.033      0.599      0.549      -0.044       0.084
mo_2                         0.0084      0.019      0.432      0.666      -0.030       0.047
mo_3                        -0.0043      0.019     -0.233      0.816      -0.041       0.032
mo_4                         0.0017      0.019      0.091      0.928      -0.035       0.038
mo_5                        -0.0137      0.020     -0.692      0.489      -0.052       0.025
mo_6                        -0.0257      0.019     -1.320      0.187      -0.064       0.012
mo_7                        -0.0235      0.019     -1.241      0.215      -0.061       0.014
mo_8                        -0.0254      0.018     -1.393      0.164      -0.061       0.010
mo_9                        -0.0279      0.019     -1.501      0.133      -0.064       0.009
mo_10                       -0.0063      0.018     -0.344      0.731      -0.042       0.029
mo_11                       -0.0238      0.019     -1.267      0.205      -0.061       0.013
mo_12                       -0.0259      0.018     -1.428      0.153      -0.061       0.010
genre_Action                -0.0519      0.011     -4.919      0.000      -0.073      -0.031
genre_Adventure             -0.0061      0.011     -0.540      0.589      -0.028       0.016
genre_Animation             -0.0315      0.018     -1.759      0.079      -0.067       0.004
genre_Biography             -0.0939      0.014     -6.598      0.000      -0.122      -0.066
genre_Comedy                -0.0102      0.009     -1.102      0.270      -0.028       0.008
genre_Crime                 -0.0877      0.010     -8.559      0.000      -0.108      -0.068
genre_Drama                  0.0104      0.009      1.102      0.271      -0.008       0.029
genre_Family                 0.0683      0.015      4.698      0.000       0.040       0.097
genre_Fantasy                0.0036      0.013      0.287      0.774      -0.021       0.028
genre_History                0.0183      0.020      0.897      0.370      -0.022       0.058
genre_Horror                -0.0249      0.014     -1.746      0.081      -0.053       0.003
genre_Music                  0.1056      0.019      5.551      0.000       0.068       0.143
genre_Musical                0.3179      0.043      7.353      0.000       0.233       0.403
genre_Mystery               -0.0607      0.013     -4.825      0.000      -0.085      -0.036
genre_News                3.695e-18   1.18e-17      0.314      0.753   -1.94e-17    2.67e-17
genre_Romance               -0.0243      0.010     -2.406      0.016      -0.044      -0.005
genre_Sci_Fi                -0.0120      0.014     -0.887      0.375      -0.039       0.015
genre_Short               5.508e-18   1.09e-17      0.504      0.615   -1.59e-17     2.7e-17
genre_Sport                 -0.0407      0.021     -1.967      0.049      -0.081      -0.000
genre_Thriller              -0.0736      0.011     -6.910      0.000      -0.095      -0.053
genre_War                    0.0188      0.029      0.648      0.517      -0.038       0.076
genre_Western               -0.0325      0.051     -0.632      0.528      -0.133       0.068
==============================================================================
Omnibus:                     1651.378   Durbin-Watson:                   2.006
Prob(Omnibus):                  0.000   Jarque-Bera (JB):            13495.144
Skew:                           1.751   Prob(JB):                         0.00
Kurtosis:                      11.274   Cond. No.                     1.02e+16
==============================================================================

Notes:
[1] Standard Errors assume that the covariance matrix of the errors is correctly specified.
[2] The smallest eigenvalue is 6.38e-27. This might indicate that there are
strong multicollinearity problems or that the design matrix is singular.