                            OLS Regression Results                            
==============================================================================
Dep. Variable:              sd_pooled   R-squared:                       0.557
Model:                            OLS   Adj. R-squared:                  0.550
Method:                 Least Squares   F-statistic:                     77.47
Date:                Wed, 01 Apr 2026   Prob (F-statistic):               0.00
Time:                        00:18:50   Log-Likelihood:                 509.59
No. Observations:                4012   AIC:                            -889.2
Df Residuals:                    3947   BIC:                            -479.9
Df Model:                          64                                         
Covariance Type:            nonrobust                                         
============================================================================================
                               coef    std err          t      P>|t|      [0.025      0.975]
--------------------------------------------------------------------------------------------
const                        3.3965      0.049     69.343      0.000       3.301       3.493
FLead                        0.0525      0.008      6.524      0.000       0.037       0.068
mean_pooled                 -0.2374      0.004    -53.853      0.000      -0.246      -0.229
kim_violence_gore            0.0086      0.003      3.436      0.001       0.004       0.014
kim_sex_nudity               0.0084      0.002      4.161      0.000       0.004       0.012
kim_language                -0.0099      0.002     -4.023      0.000      -0.015      -0.005
major                       -0.0375      0.008     -4.641      0.000      -0.053      -0.022
log_bom_opening_theaters     0.0055      0.002      3.090      0.002       0.002       0.009
genres_count                -0.0068      0.007     -0.993      0.321      -0.020       0.007
yr_1993                     -0.0018      0.035     -0.052      0.958      -0.070       0.066
yr_1994                      0.0022      0.035      0.063      0.950      -0.067       0.072
yr_1995                      0.0400      0.035      1.145      0.252      -0.028       0.108
yr_1996                     -0.0004      0.034     -0.011      0.992      -0.067       0.067
yr_1997                      0.0038      0.035      0.108      0.914      -0.065       0.072
yr_1998                      0.0503      0.034      1.496      0.135      -0.016       0.116
yr_1999                      0.0522      0.033      1.592      0.111      -0.012       0.116
yr_2000                     -0.0141      0.034     -0.419      0.675      -0.080       0.052
yr_2001                      0.0577      0.033      1.736      0.083      -0.007       0.123
yr_2002                      0.0154      0.033      0.472      0.637      -0.049       0.080
yr_2003                      0.0026      0.033      0.080      0.936      -0.062       0.067
yr_2004                      0.0674      0.033      2.064      0.039       0.003       0.131
yr_2005                      0.0533      0.032      1.643      0.101      -0.010       0.117
yr_2006                      0.1056      0.032      3.277      0.001       0.042       0.169
yr_2007                      0.1167      0.032      3.636      0.000       0.054       0.180
yr_2008                      0.0557      0.032      1.725      0.085      -0.008       0.119
yr_2009                      0.0351      0.033      1.072      0.284      -0.029       0.099
yr_2010                      0.0272      0.033      0.834      0.404      -0.037       0.091
yr_2011                      0.0321      0.032      1.002      0.317      -0.031       0.095
yr_2012                      0.0136      0.032      0.427      0.669      -0.049       0.076
yr_2013                      0.0043      0.032      0.134      0.893      -0.059       0.067
yr_2014                      0.0317      0.032      0.979      0.328      -0.032       0.095
yr_2015                     -0.0387      0.032     -1.203      0.229      -0.102       0.024
yr_2016                     -0.0419      0.032     -1.293      0.196      -0.106       0.022
yr_2017                      0.0133      0.033      0.406      0.685      -0.051       0.077
yr_2018                      0.0047      0.033      0.142      0.887      -0.060       0.069
mo_2                         0.0111      0.020      0.567      0.571      -0.027       0.049
mo_3                        -0.0050      0.019     -0.269      0.788      -0.042       0.032
mo_4                         0.0029      0.019      0.152      0.879      -0.034       0.040
mo_5                        -0.0081      0.020     -0.409      0.682      -0.047       0.031
mo_6                        -0.0255      0.020     -1.303      0.193      -0.064       0.013
mo_7                        -0.0241      0.019     -1.269      0.205      -0.061       0.013
mo_8                        -0.0252      0.018     -1.372      0.170      -0.061       0.011
mo_9                        -0.0274      0.019     -1.467      0.143      -0.064       0.009
mo_10                       -0.0094      0.018     -0.512      0.609      -0.045       0.027
mo_11                       -0.0209      0.019     -1.109      0.267      -0.058       0.016
mo_12                       -0.0245      0.018     -1.346      0.178      -0.060       0.011
genre_Action                -0.0566      0.011     -5.302      0.000      -0.077      -0.036
genre_Adventure              0.0006      0.011      0.050      0.960      -0.022       0.023
genre_Animation             -0.0186      0.018     -1.029      0.304      -0.054       0.017
genre_Biography             -0.0942      0.014     -6.583      0.000      -0.122      -0.066
genre_Comedy                -0.0151      0.009     -1.606      0.108      -0.034       0.003
genre_Crime                 -0.1022      0.010    -10.082      0.000      -0.122      -0.082
genre_Drama                  0.0088      0.010      0.926      0.354      -0.010       0.028
genre_Family                 0.0774      0.015      5.281      0.000       0.049       0.106
genre_Fantasy                0.0117      0.013      0.924      0.355      -0.013       0.037
genre_History                0.0303      0.020      1.480      0.139      -0.010       0.070
genre_Horror                -0.0380      0.015     -2.591      0.010      -0.067      -0.009
genre_Music                  0.1051      0.019      5.470      0.000       0.067       0.143
genre_Musical                0.3305      0.043      7.616      0.000       0.245       0.416
genre_Mystery               -0.0580      0.013     -4.582      0.000      -0.083      -0.033
genre_News               -1.595e-18   5.16e-18     -0.309      0.757   -1.17e-17    8.52e-18
genre_Romance               -0.0172      0.010     -1.660      0.097      -0.038       0.003
genre_Sci_Fi                -0.0111      0.014     -0.809      0.419      -0.038       0.016
genre_Short               8.006e-18   4.44e-18      1.804      0.071   -6.93e-19    1.67e-17
genre_Sport                 -0.0407      0.021     -1.954      0.051      -0.082       0.000
genre_Thriller              -0.0814      0.011     -7.640      0.000      -0.102      -0.061
genre_War                    0.0075      0.029      0.255      0.799      -0.050       0.065
genre_Western               -0.0456      0.052     -0.880      0.379      -0.147       0.056
==============================================================================
Omnibus:                     1697.610   Durbin-Watson:                   2.003
Prob(Omnibus):                  0.000   Jarque-Bera (JB):            14391.335
Skew:                           1.799   Prob(JB):                         0.00
Kurtosis:                      11.553   Cond. No.                     1.02e+16
==============================================================================

Notes:
[1] Standard Errors assume that the covariance matrix of the errors is correctly specified.
[2] The smallest eigenvalue is 5.95e-27. This might indicate that there are
strong multicollinearity problems or that the design matrix is singular.