                            OLS Regression Results                            
==============================================================================
Dep. Variable:              sd_pooled   R-squared:                       0.561
Model:                            OLS   Adj. R-squared:                  0.554
Method:                 Least Squares   F-statistic:                     78.97
Date:                Tue, 31 Mar 2026   Prob (F-statistic):               0.00
Time:                        14:48:15   Log-Likelihood:                 531.15
No. Observations:                4012   AIC:                            -932.3
Df Residuals:                    3947   BIC:                            -523.0
Df Model:                          64                                         
Covariance Type:            nonrobust                                         
============================================================================================
                               coef    std err          t      P>|t|      [0.025      0.975]
--------------------------------------------------------------------------------------------
const                        3.3941      0.048     70.376      0.000       3.299       3.489
FLead                        0.0465      0.008      5.789      0.000       0.031       0.062
mean_pooled                 -0.2346      0.004    -53.594      0.000      -0.243      -0.226
kim_violence_gore            0.0124      0.003      4.890      0.000       0.007       0.017
kim_sex_nudity               0.0112      0.002      5.546      0.000       0.007       0.015
kim_language                -0.0150      0.002     -7.995      0.000      -0.019      -0.011
major                       -0.0360      0.008     -4.560      0.000      -0.051      -0.021
log_bom_opening_theaters     0.0042      0.002      2.290      0.022       0.001       0.008
genres_count                -0.0090      0.007     -1.322      0.186      -0.022       0.004
yr_1993                     -0.0075      0.034     -0.216      0.829      -0.075       0.060
yr_1994                     -0.0039      0.035     -0.111      0.912      -0.073       0.065
yr_1995                      0.0430      0.035      1.239      0.215      -0.025       0.111
yr_1996                      0.0079      0.034      0.232      0.817      -0.059       0.075
yr_1997                      0.0123      0.035      0.355      0.722      -0.056       0.080
yr_1998                      0.0583      0.033      1.741      0.082      -0.007       0.124
yr_1999                      0.0586      0.033      1.798      0.072      -0.005       0.123
yr_2000                     -0.0094      0.034     -0.281      0.779      -0.075       0.056
yr_2001                      0.0551      0.033      1.669      0.095      -0.010       0.120
yr_2002                      0.0154      0.032      0.474      0.636      -0.048       0.079
yr_2003                     -0.0015      0.033     -0.046      0.963      -0.066       0.063
yr_2004                      0.0605      0.032      1.865      0.062      -0.003       0.124
yr_2005                      0.0466      0.032      1.447      0.148      -0.017       0.110
yr_2006                      0.0957      0.032      2.994      0.003       0.033       0.158
yr_2007                      0.1096      0.032      3.441      0.001       0.047       0.172
yr_2008                      0.0523      0.032      1.632      0.103      -0.011       0.115
yr_2009                      0.0314      0.032      0.965      0.334      -0.032       0.095
yr_2010                      0.0258      0.032      0.797      0.425      -0.038       0.089
yr_2011                      0.0290      0.032      0.910      0.363      -0.033       0.091
yr_2012                      0.0131      0.032      0.414      0.679      -0.049       0.075
yr_2013                      0.0059      0.032      0.186      0.853      -0.057       0.068
yr_2014                      0.0385      0.032      1.196      0.232      -0.025       0.102
yr_2015                     -0.0324      0.032     -1.014      0.311      -0.095       0.030
yr_2016                     -0.0361      0.032     -1.121      0.262      -0.099       0.027
yr_2017                      0.0203      0.033      0.624      0.533      -0.044       0.084
yr_2018                      0.0148      0.033      0.453      0.651      -0.049       0.079
mo_2                         0.0086      0.019      0.445      0.657      -0.029       0.047
mo_3                        -0.0044      0.019     -0.239      0.811      -0.041       0.032
mo_4                         0.0005      0.019      0.026      0.979      -0.036       0.037
mo_5                        -0.0134      0.020     -0.677      0.498      -0.052       0.025
mo_6                        -0.0257      0.019     -1.321      0.187      -0.064       0.012
mo_7                        -0.0241      0.019     -1.274      0.203      -0.061       0.013
mo_8                        -0.0251      0.018     -1.374      0.170      -0.061       0.011
mo_9                        -0.0274      0.019     -1.478      0.140      -0.064       0.009
mo_10                       -0.0077      0.018     -0.423      0.672      -0.043       0.028
mo_11                       -0.0246      0.019     -1.312      0.190      -0.061       0.012
mo_12                       -0.0287      0.018     -1.585      0.113      -0.064       0.007
genre_Action                -0.0549      0.011     -5.175      0.000      -0.076      -0.034
genre_Adventure             -0.0056      0.011     -0.501      0.617      -0.028       0.016
genre_Animation             -0.0284      0.018     -1.580      0.114      -0.064       0.007
genre_Biography             -0.0938      0.014     -6.599      0.000      -0.122      -0.066
genre_Comedy                -0.0032      0.010     -0.336      0.737      -0.022       0.015
genre_Crime                 -0.0890      0.010     -8.679      0.000      -0.109      -0.069
genre_Drama                  0.0116      0.009      1.225      0.221      -0.007       0.030
genre_Family                 0.0716      0.015      4.913      0.000       0.043       0.100
genre_Fantasy                0.0042      0.013      0.333      0.739      -0.021       0.029
genre_History                0.0175      0.020      0.857      0.391      -0.023       0.058
genre_Horror                -0.0336      0.015     -2.301      0.021      -0.062      -0.005
genre_Music                  0.1126      0.019      5.885      0.000       0.075       0.150
genre_Musical                0.3196      0.043      7.397      0.000       0.235       0.404
genre_Mystery               -0.0589      0.013     -4.683      0.000      -0.084      -0.034
genre_News                1.384e-17   3.22e-18      4.299      0.000    7.53e-18    2.01e-17
genre_Romance               -0.0185      0.010     -1.790      0.074      -0.039       0.002
genre_Sci_Fi                -0.0124      0.014     -0.914      0.361      -0.039       0.014
genre_Short               1.494e-18   1.91e-18      0.782      0.434   -2.25e-18    5.24e-18
genre_Sport                 -0.0352      0.021     -1.699      0.089      -0.076       0.005
genre_Thriller              -0.0738      0.011     -6.927      0.000      -0.095      -0.053
genre_War                    0.0079      0.029      0.272      0.786      -0.049       0.065
genre_Western               -0.0467      0.051     -0.907      0.364      -0.148       0.054
==============================================================================
Omnibus:                     1662.146   Durbin-Watson:                   2.008
Prob(Omnibus):                  0.000   Jarque-Bera (JB):            13699.327
Skew:                           1.762   Prob(JB):                         0.00
Kurtosis:                      11.338   Cond. No.                     1.02e+16
==============================================================================

Notes:
[1] Standard Errors assume that the covariance matrix of the errors is correctly specified.
[2] The smallest eigenvalue is 6.38e-27. This might indicate that there are
strong multicollinearity problems or that the design matrix is singular.