                            OLS Regression Results                            
==============================================================================
Dep. Variable:              sd_pooled   R-squared:                       0.562
Model:                            OLS   Adj. R-squared:                  0.555
Method:                 Least Squares   F-statistic:                     79.12
Date:                Tue, 31 Mar 2026   Prob (F-statistic):               0.00
Time:                        12:19:08   Log-Likelihood:                 533.22
No. Observations:                4012   AIC:                            -936.4
Df Residuals:                    3947   BIC:                            -527.1
Df Model:                          64                                         
Covariance Type:            nonrobust                                         
============================================================================================
                               coef    std err          t      P>|t|      [0.025      0.975]
--------------------------------------------------------------------------------------------
const                        3.3806      0.048     69.838      0.000       3.286       3.476
FLead                        0.0469      0.008      5.833      0.000       0.031       0.063
mean_pooled                 -0.2336      0.004    -52.997      0.000      -0.242      -0.225
kim_violence_gore            0.0122      0.003      4.786      0.000       0.007       0.017
kim_sex_nudity               0.0115      0.002      5.665      0.000       0.008       0.015
kim_language                -0.0149      0.002     -7.982      0.000      -0.019      -0.011
major                       -0.0393      0.008     -4.887      0.000      -0.055      -0.024
log_bom_opening_theaters     0.0054      0.002      3.052      0.002       0.002       0.009
genres_count                -0.0094      0.007     -1.391      0.164      -0.023       0.004
yr_1993                     -0.0062      0.034     -0.179      0.858      -0.074       0.061
yr_1994                     -0.0031      0.035     -0.089      0.929      -0.072       0.066
yr_1995                      0.0434      0.035      1.251      0.211      -0.025       0.111
yr_1996                      0.0087      0.034      0.255      0.799      -0.058       0.075
yr_1997                      0.0131      0.035      0.377      0.706      -0.055       0.081
yr_1998                      0.0591      0.033      1.766      0.078      -0.007       0.125
yr_1999                      0.0601      0.033      1.845      0.065      -0.004       0.124
yr_2000                     -0.0087      0.034     -0.261      0.794      -0.075       0.057
yr_2001                      0.0559      0.033      1.695      0.090      -0.009       0.121
yr_2002                      0.0158      0.032      0.487      0.627      -0.048       0.079
yr_2003                     -0.0004      0.033     -0.012      0.990      -0.064       0.064
yr_2004                      0.0608      0.032      1.874      0.061      -0.003       0.124
yr_2005                      0.0475      0.032      1.477      0.140      -0.016       0.111
yr_2006                      0.0964      0.032      3.016      0.003       0.034       0.159
yr_2007                      0.1104      0.032      3.466      0.001       0.048       0.173
yr_2008                      0.0521      0.032      1.624      0.105      -0.011       0.115
yr_2009                      0.0315      0.032      0.969      0.333      -0.032       0.095
yr_2010                      0.0264      0.032      0.815      0.415      -0.037       0.090
yr_2011                      0.0295      0.032      0.927      0.354      -0.033       0.092
yr_2012                      0.0146      0.032      0.460      0.646      -0.048       0.077
yr_2013                      0.0072      0.032      0.225      0.822      -0.055       0.070
yr_2014                      0.0395      0.032      1.226      0.220      -0.024       0.103
yr_2015                     -0.0318      0.032     -0.995      0.320      -0.095       0.031
yr_2016                     -0.0358      0.032     -1.109      0.267      -0.099       0.027
yr_2017                      0.0208      0.033      0.640      0.522      -0.043       0.085
yr_2018                      0.0150      0.033      0.458      0.647      -0.049       0.079
mo_2                         0.0079      0.019      0.407      0.684      -0.030       0.046
mo_3                        -0.0042      0.019     -0.225      0.822      -0.040       0.032
mo_4                         0.0007      0.019      0.038      0.970      -0.036       0.037
mo_5                        -0.0126      0.020     -0.640      0.522      -0.051       0.026
mo_6                        -0.0255      0.019     -1.310      0.190      -0.064       0.013
mo_7                        -0.0233      0.019     -1.235      0.217      -0.060       0.014
mo_8                        -0.0252      0.018     -1.380      0.168      -0.061       0.011
mo_9                        -0.0276      0.019     -1.487      0.137      -0.064       0.009
mo_10                       -0.0069      0.018     -0.379      0.705      -0.043       0.029
mo_11                       -0.0243      0.019     -1.294      0.196      -0.061       0.013
mo_12                       -0.0266      0.018     -1.466      0.143      -0.062       0.009
genre_Action                -0.0554      0.011     -5.220      0.000      -0.076      -0.035
genre_Adventure             -0.0059      0.011     -0.528      0.597      -0.028       0.016
genre_Animation             -0.0281      0.018     -1.566      0.117      -0.063       0.007
genre_Biography             -0.0922      0.014     -6.480      0.000      -0.120      -0.064
genre_Comedy                -0.0031      0.010     -0.328      0.743      -0.022       0.016
genre_Crime                 -0.0891      0.010     -8.695      0.000      -0.109      -0.069
genre_Drama                  0.0133      0.010      1.405      0.160      -0.005       0.032
genre_Family                 0.0712      0.015      4.888      0.000       0.043       0.100
genre_Fantasy                0.0041      0.013      0.321      0.749      -0.021       0.029
genre_History                0.0182      0.020      0.891      0.373      -0.022       0.058
genre_Horror                -0.0341      0.015     -2.334      0.020      -0.063      -0.005
genre_Music                  0.1118      0.019      5.846      0.000       0.074       0.149
genre_Musical                0.3186      0.043      7.378      0.000       0.234       0.403
genre_Mystery               -0.0590      0.013     -4.695      0.000      -0.084      -0.034
genre_News                5.419e-18   3.41e-18      1.590      0.112   -1.26e-18    1.21e-17
genre_Romance               -0.0186      0.010     -1.801      0.072      -0.039       0.002
genre_Sci_Fi                -0.0129      0.014     -0.952      0.341      -0.039       0.014
genre_Short               2.398e-18   4.72e-18      0.508      0.611   -6.85e-18    1.16e-17
genre_Sport                 -0.0374      0.021     -1.806      0.071      -0.078       0.003
genre_Thriller              -0.0740      0.011     -6.946      0.000      -0.095      -0.053
genre_War                    0.0102      0.029      0.350      0.726      -0.047       0.067
genre_Western               -0.0470      0.051     -0.913      0.362      -0.148       0.054
==============================================================================
Omnibus:                     1647.468   Durbin-Watson:                   2.005
Prob(Omnibus):                  0.000   Jarque-Bera (JB):            13349.141
Skew:                           1.749   Prob(JB):                         0.00
Kurtosis:                      11.223   Cond. No.                     1.02e+16
==============================================================================

Notes:
[1] Standard Errors assume that the covariance matrix of the errors is correctly specified.
[2] The smallest eigenvalue is 6.39e-27. This might indicate that there are
strong multicollinearity problems or that the design matrix is singular.