                            OLS Regression Results                            
==============================================================================
Dep. Variable:              sd_pooled   R-squared:                       0.558
Model:                            OLS   Adj. R-squared:                  0.551
Method:                 Least Squares   F-statistic:                     77.85
Date:                Tue, 31 Mar 2026   Prob (F-statistic):               0.00
Time:                        20:05:57   Log-Likelihood:                 515.10
No. Observations:                4012   AIC:                            -900.2
Df Residuals:                    3947   BIC:                            -490.9
Df Model:                          64                                         
Covariance Type:            nonrobust                                         
============================================================================================
                               coef    std err          t      P>|t|      [0.025      0.975]
--------------------------------------------------------------------------------------------
const                        3.3777      0.049     69.497      0.000       3.282       3.473
FLead                        0.0495      0.008      6.134      0.000       0.034       0.065
mean_pooled                 -0.2349      0.004    -53.089      0.000      -0.244      -0.226
kim_violence_gore            0.0104      0.003      4.062      0.000       0.005       0.015
kim_sex_nudity               0.0095      0.002      4.661      0.000       0.006       0.014
kim_language                -0.0090      0.002     -5.204      0.000      -0.012      -0.006
major                       -0.0388      0.008     -4.810      0.000      -0.055      -0.023
log_bom_opening_theaters     0.0056      0.002      3.138      0.002       0.002       0.009
genres_count                -0.0060      0.007     -0.883      0.377      -0.019       0.007
yr_1993                     -0.0058      0.035     -0.167      0.867      -0.074       0.062
yr_1994                     -0.0012      0.035     -0.034      0.973      -0.071       0.068
yr_1995                      0.0350      0.035      1.007      0.314      -0.033       0.103
yr_1996                     -0.0025      0.034     -0.072      0.942      -0.069       0.064
yr_1997                      0.0016      0.035      0.046      0.964      -0.067       0.070
yr_1998                      0.0499      0.034      1.486      0.137      -0.016       0.116
yr_1999                      0.0502      0.033      1.535      0.125      -0.014       0.114
yr_2000                     -0.0183      0.034     -0.542      0.588      -0.084       0.048
yr_2001                      0.0496      0.033      1.496      0.135      -0.015       0.115
yr_2002                      0.0085      0.033      0.261      0.794      -0.055       0.072
yr_2003                     -0.0047      0.033     -0.142      0.887      -0.069       0.060
yr_2004                      0.0617      0.033      1.894      0.058      -0.002       0.126
yr_2005                      0.0433      0.032      1.339      0.181      -0.020       0.107
yr_2006                      0.0970      0.032      3.019      0.003       0.034       0.160
yr_2007                      0.1076      0.032      3.365      0.001       0.045       0.170
yr_2008                      0.0484      0.032      1.501      0.133      -0.015       0.111
yr_2009                      0.0288      0.033      0.882      0.378      -0.035       0.093
yr_2010                      0.0203      0.033      0.625      0.532      -0.043       0.084
yr_2011                      0.0247      0.032      0.772      0.440      -0.038       0.087
yr_2012                      0.0082      0.032      0.259      0.796      -0.054       0.071
yr_2013                      0.0023      0.032      0.072      0.943      -0.060       0.065
yr_2014                      0.0305      0.032      0.944      0.345      -0.033       0.094
yr_2015                     -0.0420      0.032     -1.310      0.190      -0.105       0.021
yr_2016                     -0.0455      0.032     -1.408      0.159      -0.109       0.018
yr_2017                      0.0122      0.033      0.373      0.709      -0.052       0.076
yr_2018                     -0.0002      0.033     -0.007      0.995      -0.064       0.064
mo_2                         0.0079      0.020      0.403      0.687      -0.030       0.046
mo_3                        -0.0028      0.019     -0.151      0.880      -0.039       0.034
mo_4                         0.0029      0.019      0.153      0.878      -0.034       0.040
mo_5                        -0.0096      0.020     -0.487      0.626      -0.048       0.029
mo_6                        -0.0240      0.020     -1.229      0.219      -0.062       0.014
mo_7                        -0.0227      0.019     -1.197      0.231      -0.060       0.014
mo_8                        -0.0236      0.018     -1.288      0.198      -0.060       0.012
mo_9                        -0.0269      0.019     -1.443      0.149      -0.063       0.010
mo_10                       -0.0074      0.018     -0.403      0.687      -0.043       0.029
mo_11                       -0.0218      0.019     -1.156      0.248      -0.059       0.015
mo_12                       -0.0245      0.018     -1.348      0.178      -0.060       0.011
genre_Action                -0.0575      0.011     -5.397      0.000      -0.078      -0.037
genre_Adventure             -0.0011      0.011     -0.100      0.920      -0.023       0.021
genre_Animation             -0.0174      0.018     -0.968      0.333      -0.053       0.018
genre_Biography             -0.0939      0.014     -6.568      0.000      -0.122      -0.066
genre_Comedy                -0.0119      0.009     -1.257      0.209      -0.030       0.007
genre_Crime                 -0.0983      0.010     -9.662      0.000      -0.118      -0.078
genre_Drama                  0.0089      0.010      0.932      0.352      -0.010       0.028
genre_Family                 0.0791      0.015      5.431      0.000       0.051       0.108
genre_Fantasy                0.0107      0.013      0.844      0.399      -0.014       0.035
genre_History                0.0331      0.020      1.620      0.105      -0.007       0.073
genre_Horror                -0.0376      0.015     -2.565      0.010      -0.066      -0.009
genre_Music                  0.1044      0.019      5.447      0.000       0.067       0.142
genre_Musical                0.3279      0.043      7.564      0.000       0.243       0.413
genre_Mystery               -0.0589      0.013     -4.660      0.000      -0.084      -0.034
genre_News                 1.87e-17   5.59e-18      3.343      0.001    7.73e-18    2.97e-17
genre_Romance               -0.0172      0.010     -1.663      0.096      -0.038       0.003
genre_Sci_Fi                -0.0150      0.014     -1.100      0.271      -0.042       0.012
genre_Short              -3.652e-18   2.83e-18     -1.292      0.196   -9.19e-18    1.89e-18
genre_Sport                 -0.0389      0.021     -1.869      0.062      -0.080       0.002
genre_Thriller              -0.0816      0.011     -7.680      0.000      -0.102      -0.061
genre_War                    0.0035      0.029      0.120      0.904      -0.054       0.061
genre_Western               -0.0444      0.052     -0.858      0.391      -0.146       0.057
==============================================================================
Omnibus:                     1686.642   Durbin-Watson:                   2.000
Prob(Omnibus):                  0.000   Jarque-Bera (JB):            14255.543
Skew:                           1.785   Prob(JB):                         0.00
Kurtosis:                      11.516   Cond. No.                     1.02e+16
==============================================================================

Notes:
[1] Standard Errors assume that the covariance matrix of the errors is correctly specified.
[2] The smallest eigenvalue is 6.41e-27. This might indicate that there are
strong multicollinearity problems or that the design matrix is singular.