                            OLS Regression Results                            
==============================================================================
Dep. Variable:              sd_pooled   R-squared:                       0.560
Model:                            OLS   Adj. R-squared:                  0.552
Method:                 Least Squares   F-statistic:                     78.34
Date:                Tue, 31 Mar 2026   Prob (F-statistic):               0.00
Time:                        23:23:21   Log-Likelihood:                 522.18
No. Observations:                4012   AIC:                            -914.4
Df Residuals:                    3947   BIC:                            -505.0
Df Model:                          64                                         
Covariance Type:            nonrobust                                         
============================================================================================
                               coef    std err          t      P>|t|      [0.025      0.975]
--------------------------------------------------------------------------------------------
const                        3.3990      0.049     68.790      0.000       3.302       3.496
FLead                        0.0437      0.008      5.429      0.000       0.028       0.059
mean_pooled                 -0.2320      0.004    -52.623      0.000      -0.241      -0.223
kim_violence_gore           -0.0020      0.003     -0.638      0.523      -0.008       0.004
kim_sex_nudity               0.0137      0.002      6.874      0.000       0.010       0.018
kim_language                -0.0129      0.002     -7.030      0.000      -0.016      -0.009
major                       -0.0409      0.008     -5.078      0.000      -0.057      -0.025
log_bom_opening_theaters     0.0063      0.002      3.560      0.000       0.003       0.010
genres_count                -0.0042      0.007     -0.629      0.530      -0.017       0.009
yr_1993                      0.0031      0.035      0.088      0.930      -0.065       0.071
yr_1994                      0.0028      0.035      0.080      0.936      -0.066       0.072
yr_1995                      0.0516      0.035      1.485      0.138      -0.017       0.120
yr_1996                      0.0157      0.034      0.460      0.646      -0.051       0.083
yr_1997                      0.0221      0.035      0.636      0.525      -0.046       0.090
yr_1998                      0.0641      0.034      1.910      0.056      -0.002       0.130
yr_1999                      0.0698      0.033      2.137      0.033       0.006       0.134
yr_2000                     -0.0013      0.034     -0.038      0.969      -0.067       0.065
yr_2001                      0.0701      0.033      2.116      0.034       0.005       0.135
yr_2002                      0.0259      0.033      0.794      0.427      -0.038       0.090
yr_2003                      0.0094      0.033      0.286      0.775      -0.055       0.074
yr_2004                      0.0736      0.033      2.258      0.024       0.010       0.137
yr_2005                      0.0612      0.032      1.896      0.058      -0.002       0.125
yr_2006                      0.1124      0.032      3.508      0.000       0.050       0.175
yr_2007                      0.1257      0.032      3.937      0.000       0.063       0.188
yr_2008                      0.0658      0.032      2.043      0.041       0.003       0.129
yr_2009                      0.0451      0.033      1.385      0.166      -0.019       0.109
yr_2010                      0.0407      0.032      1.253      0.210      -0.023       0.104
yr_2011                      0.0427      0.032      1.337      0.181      -0.020       0.105
yr_2012                      0.0277      0.032      0.871      0.384      -0.035       0.090
yr_2013                      0.0199      0.032      0.623      0.533      -0.043       0.083
yr_2014                      0.0484      0.032      1.496      0.135      -0.015       0.112
yr_2015                     -0.0249      0.032     -0.775      0.439      -0.088       0.038
yr_2016                     -0.0255      0.032     -0.787      0.431      -0.089       0.038
yr_2017                      0.0285      0.033      0.873      0.383      -0.036       0.093
yr_2018                      0.0245      0.033      0.747      0.455      -0.040       0.089
mo_2                         0.0074      0.020      0.379      0.705      -0.031       0.046
mo_3                        -0.0043      0.019     -0.234      0.815      -0.041       0.032
mo_4                         0.0021      0.019      0.113      0.910      -0.035       0.039
mo_5                        -0.0128      0.020     -0.649      0.517      -0.052       0.026
mo_6                        -0.0262      0.020     -1.342      0.180      -0.064       0.012
mo_7                        -0.0246      0.019     -1.297      0.195      -0.062       0.013
mo_8                        -0.0266      0.018     -1.456      0.145      -0.062       0.009
mo_9                        -0.0294      0.019     -1.578      0.115      -0.066       0.007
mo_10                       -0.0057      0.018     -0.311      0.756      -0.042       0.030
mo_11                       -0.0241      0.019     -1.283      0.199      -0.061       0.013
mo_12                       -0.0249      0.018     -1.370      0.171      -0.061       0.011
genre_Action                -0.0439      0.010     -4.218      0.000      -0.064      -0.024
genre_Adventure             -0.0039      0.011     -0.344      0.731      -0.026       0.018
genre_Animation             -0.0370      0.018     -2.057      0.040      -0.072      -0.002
genre_Biography             -0.0967      0.014     -6.789      0.000      -0.125      -0.069
genre_Comedy                -0.0205      0.009     -2.274      0.023      -0.038      -0.003
genre_Crime                 -0.0824      0.010     -8.049      0.000      -0.102      -0.062
genre_Drama                  0.0075      0.009      0.790      0.429      -0.011       0.026
genre_Family                 0.0627      0.015      4.302      0.000       0.034       0.091
genre_Fantasy                0.0064      0.013      0.502      0.615      -0.018       0.031
genre_History                0.0244      0.020      1.196      0.232      -0.016       0.065
genre_Horror                -0.0095      0.014     -0.690      0.490      -0.036       0.017
genre_Music                  0.0968      0.019      5.105      0.000       0.060       0.134
genre_Musical                0.3097      0.043      7.153      0.000       0.225       0.395
genre_Mystery               -0.0594      0.013     -4.709      0.000      -0.084      -0.035
genre_News                1.267e-18   4.26e-18      0.297      0.766   -7.09e-18    9.63e-18
genre_Romance               -0.0334      0.010     -3.335      0.001      -0.053      -0.014
genre_Sci_Fi                -0.0110      0.014     -0.808      0.419      -0.038       0.016
genre_Short              -4.085e-18   3.05e-18     -1.340      0.180   -1.01e-17    1.89e-18
genre_Sport                 -0.0433      0.021     -2.089      0.037      -0.084      -0.003
genre_Thriller              -0.0720      0.011     -6.744      0.000      -0.093      -0.051
genre_War                    0.0311      0.029      1.072      0.284      -0.026       0.088
genre_Western               -0.0298      0.051     -0.580      0.562      -0.131       0.071
==============================================================================
Omnibus:                     1666.031   Durbin-Watson:                   2.005
Prob(Omnibus):                  0.000   Jarque-Bera (JB):            13811.467
Skew:                           1.765   Prob(JB):                         0.00
Kurtosis:                      11.376   Cond. No.                     1.02e+16
==============================================================================

Notes:
[1] Standard Errors assume that the covariance matrix of the errors is correctly specified.
[2] The smallest eigenvalue is 5.97e-27. This might indicate that there are
strong multicollinearity problems or that the design matrix is singular.