                            OLS Regression Results                            
==============================================================================
Dep. Variable:              sd_pooled   R-squared:                       0.560
Model:                            OLS   Adj. R-squared:                  0.552
Method:                 Least Squares   F-statistic:                     78.34
Date:                Tue, 31 Mar 2026   Prob (F-statistic):               0.00
Time:                        23:24:39   Log-Likelihood:                 522.15
No. Observations:                4012   AIC:                            -914.3
Df Residuals:                    3947   BIC:                            -505.0
Df Model:                          64                                         
Covariance Type:            nonrobust                                         
============================================================================================
                               coef    std err          t      P>|t|      [0.025      0.975]
--------------------------------------------------------------------------------------------
const                        3.3981      0.049     69.004      0.000       3.302       3.495
FLead                        0.0436      0.008      5.410      0.000       0.028       0.059
mean_pooled                 -0.2320      0.004    -52.650      0.000      -0.241      -0.223
kim_violence_gore           -0.0019      0.003     -0.603      0.547      -0.008       0.004
kim_sex_nudity               0.0137      0.002      6.871      0.000       0.010       0.018
kim_language                -0.0129      0.002     -7.058      0.000      -0.016      -0.009
major                       -0.0410      0.008     -5.094      0.000      -0.057      -0.025
log_bom_opening_theaters     0.0063      0.002      3.570      0.000       0.003       0.010
genres_count                -0.0042      0.007     -0.630      0.529      -0.017       0.009
yr_1993                      0.0032      0.035      0.092      0.927      -0.065       0.071
yr_1994                      0.0027      0.035      0.078      0.938      -0.066       0.072
yr_1995                      0.0519      0.035      1.493      0.136      -0.016       0.120
yr_1996                      0.0158      0.034      0.464      0.643      -0.051       0.083
yr_1997                      0.0225      0.035      0.647      0.518      -0.046       0.091
yr_1998                      0.0642      0.034      1.911      0.056      -0.002       0.130
yr_1999                      0.0699      0.033      2.139      0.032       0.006       0.134
yr_2000                     -0.0012      0.034     -0.037      0.971      -0.067       0.065
yr_2001                      0.0703      0.033      2.118      0.034       0.005       0.135
yr_2002                      0.0258      0.033      0.792      0.428      -0.038       0.090
yr_2003                      0.0094      0.033      0.287      0.774      -0.055       0.074
yr_2004                      0.0735      0.033      2.254      0.024       0.010       0.137
yr_2005                      0.0614      0.032      1.898      0.058      -0.002       0.125
yr_2006                      0.1126      0.032      3.509      0.000       0.050       0.175
yr_2007                      0.1258      0.032      3.936      0.000       0.063       0.189
yr_2008                      0.0656      0.032      2.038      0.042       0.002       0.129
yr_2009                      0.0452      0.033      1.386      0.166      -0.019       0.109
yr_2010                      0.0406      0.032      1.252      0.211      -0.023       0.104
yr_2011                      0.0426      0.032      1.335      0.182      -0.020       0.105
yr_2012                      0.0276      0.032      0.869      0.385      -0.035       0.090
yr_2013                      0.0200      0.032      0.624      0.533      -0.043       0.083
yr_2014                      0.0486      0.032      1.498      0.134      -0.015       0.112
yr_2015                     -0.0249      0.032     -0.773      0.440      -0.088       0.038
yr_2016                     -0.0257      0.032     -0.792      0.429      -0.089       0.038
yr_2017                      0.0286      0.033      0.875      0.382      -0.036       0.093
yr_2018                      0.0247      0.033      0.750      0.453      -0.040       0.089
mo_2                         0.0076      0.020      0.387      0.699      -0.031       0.046
mo_3                        -0.0042      0.019     -0.225      0.822      -0.041       0.032
mo_4                         0.0023      0.019      0.123      0.902      -0.034       0.039
mo_5                        -0.0128      0.020     -0.648      0.517      -0.052       0.026
mo_6                        -0.0261      0.020     -1.339      0.181      -0.064       0.012
mo_7                        -0.0245      0.019     -1.294      0.196      -0.062       0.013
mo_8                        -0.0265      0.018     -1.448      0.148      -0.062       0.009
mo_9                        -0.0292      0.019     -1.569      0.117      -0.066       0.007
mo_10                       -0.0056      0.018     -0.309      0.758      -0.041       0.030
mo_11                       -0.0241      0.019     -1.282      0.200      -0.061       0.013
mo_12                       -0.0248      0.018     -1.365      0.172      -0.060       0.011
genre_Action                -0.0439      0.010     -4.215      0.000      -0.064      -0.023
genre_Adventure             -0.0039      0.011     -0.346      0.729      -0.026       0.018
genre_Animation             -0.0372      0.018     -2.067      0.039      -0.072      -0.002
genre_Biography             -0.0967      0.014     -6.792      0.000      -0.125      -0.069
genre_Comedy                -0.0204      0.009     -2.265      0.024      -0.038      -0.003
genre_Crime                 -0.0824      0.010     -8.047      0.000      -0.102      -0.062
genre_Drama                  0.0074      0.009      0.783      0.434      -0.011       0.026
genre_Family                 0.0625      0.015      4.280      0.000       0.034       0.091
genre_Fantasy                0.0065      0.013      0.513      0.608      -0.018       0.031
genre_History                0.0247      0.020      1.206      0.228      -0.015       0.065
genre_Horror                -0.0096      0.014     -0.699      0.484      -0.036       0.017
genre_Music                  0.0968      0.019      5.100      0.000       0.060       0.134
genre_Musical                0.3101      0.043      7.165      0.000       0.225       0.395
genre_Mystery               -0.0592      0.013     -4.680      0.000      -0.084      -0.034
genre_News               -1.418e-17   3.85e-18     -3.681      0.000   -2.17e-17   -6.63e-18
genre_Romance               -0.0335      0.010     -3.331      0.001      -0.053      -0.014
genre_Sci_Fi                -0.0111      0.014     -0.815      0.415      -0.038       0.016
genre_Short               7.553e-18   1.24e-17      0.607      0.544   -1.68e-17    3.19e-17
genre_Sport                 -0.0436      0.021     -2.102      0.036      -0.084      -0.003
genre_Thriller              -0.0720      0.011     -6.738      0.000      -0.093      -0.051
genre_War                    0.0305      0.029      1.052      0.293      -0.026       0.087
genre_Western               -0.0293      0.052     -0.568      0.570      -0.130       0.072
==============================================================================
Omnibus:                     1665.179   Durbin-Watson:                   2.004
Prob(Omnibus):                  0.000   Jarque-Bera (JB):            13787.080
Skew:                           1.765   Prob(JB):                         0.00
Kurtosis:                      11.368   Cond. No.                     1.02e+16
==============================================================================

Notes:
[1] Standard Errors assume that the covariance matrix of the errors is correctly specified.
[2] The smallest eigenvalue is 5.98e-27. This might indicate that there are
strong multicollinearity problems or that the design matrix is singular.