                            OLS Regression Results                            
==============================================================================
Dep. Variable:              sd_pooled   R-squared:                       0.563
Model:                            OLS   Adj. R-squared:                  0.551
Method:                 Least Squares   F-statistic:                     47.13
Date:                Tue, 31 Mar 2026   Prob (F-statistic):               0.00
Time:                        23:47:47   Log-Likelihood:                 377.40
No. Observations:                2408   AIC:                            -624.8
Df Residuals:                    2343   BIC:                            -248.7
Df Model:                          64                                         
Covariance Type:            nonrobust                                         
============================================================================================
                               coef    std err          t      P>|t|      [0.025      0.975]
--------------------------------------------------------------------------------------------
const                        3.3418      0.063     52.813      0.000       3.218       3.466
FLead                        0.0399      0.010      3.979      0.000       0.020       0.060
mean_pooled                 -0.2243      0.006    -38.765      0.000      -0.236      -0.213
kim_violence_gore            0.0111      0.003      3.587      0.000       0.005       0.017
kim_sex_nudity               0.0107      0.002      4.295      0.000       0.006       0.016
kim_language                -0.0146      0.002     -6.373      0.000      -0.019      -0.010
major                       -0.0339      0.011     -3.202      0.001      -0.055      -0.013
log_bom_opening_theaters     0.0048      0.002      2.304      0.021       0.001       0.009
genres_count                -0.0037      0.009     -0.420      0.675      -0.021       0.014
yr_1993                      0.0019      0.044      0.043      0.966      -0.084       0.088
yr_1994                     -0.0128      0.045     -0.287      0.774      -0.100       0.075
yr_1995                      0.0420      0.044      0.949      0.343      -0.045       0.129
yr_1996                     -0.0137      0.044     -0.308      0.758      -0.101       0.073
yr_1997                      0.0148      0.046      0.325      0.745      -0.074       0.104
yr_1998                      0.0695      0.043      1.599      0.110      -0.016       0.155
yr_1999                      0.0599      0.042      1.416      0.157      -0.023       0.143
yr_2000                     -0.0110      0.044     -0.248      0.804      -0.098       0.076
yr_2001                      0.0535      0.043      1.254      0.210      -0.030       0.137
yr_2002                      0.0168      0.042      0.396      0.692      -0.066       0.100
yr_2003                     -0.0212      0.042     -0.502      0.616      -0.104       0.062
yr_2004                      0.0713      0.042      1.695      0.090      -0.011       0.154
yr_2005                      0.0600      0.041      1.453      0.146      -0.021       0.141
yr_2006                      0.0794      0.041      1.926      0.054      -0.001       0.160
yr_2007                      0.0922      0.041      2.227      0.026       0.011       0.173
yr_2008                      0.0323      0.041      0.781      0.435      -0.049       0.113
yr_2009                      0.0073      0.043      0.172      0.864      -0.076       0.091
yr_2010                     -0.0275      0.042     -0.647      0.518      -0.111       0.056
yr_2011                      0.0206      0.042      0.493      0.622      -0.061       0.102
yr_2012                      0.0124      0.041      0.303      0.762      -0.068       0.092
yr_2013                     -0.0203      0.041     -0.492      0.623      -0.101       0.061
yr_2014                      0.0211      0.042      0.502      0.616      -0.061       0.104
yr_2015                     -0.0398      0.041     -0.960      0.337      -0.121       0.041
yr_2016                     -0.0434      0.043     -1.019      0.308      -0.127       0.040
yr_2017                     -0.0137      0.043     -0.320      0.749      -0.098       0.070
yr_2018                     -0.0013      0.043     -0.031      0.975      -0.085       0.082
mo_2                         0.0009      0.026      0.034      0.973      -0.051       0.053
mo_3                        -0.0107      0.024     -0.441      0.659      -0.058       0.037
mo_4                        -0.0354      0.024     -1.458      0.145      -0.083       0.012
mo_5                        -0.0365      0.025     -1.437      0.151      -0.086       0.013
mo_6                        -0.0363      0.026     -1.394      0.164      -0.087       0.015
mo_7                        -0.0183      0.025     -0.734      0.463      -0.067       0.031
mo_8                        -0.0324      0.024     -1.347      0.178      -0.080       0.015
mo_9                        -0.0407      0.024     -1.675      0.094      -0.088       0.007
mo_10                       -0.0162      0.024     -0.678      0.498      -0.063       0.031
mo_11                       -0.0417      0.024     -1.713      0.087      -0.090       0.006
mo_12                       -0.0336      0.023     -1.455      0.146      -0.079       0.012
genre_Action                -0.0551      0.014     -3.870      0.000      -0.083      -0.027
genre_Adventure             -0.0208      0.015     -1.354      0.176      -0.051       0.009
genre_Animation             -0.0370      0.024     -1.528      0.127      -0.084       0.010
genre_Biography             -0.0930      0.017     -5.622      0.000      -0.125      -0.061
genre_Comedy                 0.0017      0.012      0.141      0.888      -0.022       0.025
genre_Crime                 -0.0825      0.013     -6.215      0.000      -0.109      -0.056
genre_Drama                  0.0052      0.013      0.415      0.678      -0.019       0.030
genre_Family                 0.0955      0.020      4.789      0.000       0.056       0.135
genre_Fantasy                0.0405      0.017      2.379      0.017       0.007       0.074
genre_History               -0.0132      0.024     -0.541      0.588      -0.061       0.035
genre_Horror                -0.0059      0.019     -0.303      0.762      -0.044       0.032
genre_Music                  0.0885      0.022      3.985      0.000       0.045       0.132
genre_Musical                0.2839      0.055      5.207      0.000       0.177       0.391
genre_Mystery               -0.0689      0.016     -4.239      0.000      -0.101      -0.037
genre_News               -4.262e-15   1.44e-15     -2.958      0.003   -7.09e-15   -1.44e-15
genre_Romance               -0.0218      0.013     -1.712      0.087      -0.047       0.003
genre_Sci_Fi                -0.0065      0.019     -0.344      0.731      -0.044       0.031
genre_Short               -4.51e-16   1.55e-16     -2.914      0.004   -7.55e-16   -1.47e-16
genre_Sport                 -0.0539      0.027     -2.025      0.043      -0.106      -0.002
genre_Thriller              -0.0747      0.014     -5.180      0.000      -0.103      -0.046
genre_War                    0.0199      0.034      0.584      0.560      -0.047       0.087
genre_Western               -0.0055      0.083     -0.066      0.947      -0.167       0.156
==============================================================================
Omnibus:                      802.463   Durbin-Watson:                   2.003
Prob(Omnibus):                  0.000   Jarque-Bera (JB):             4025.400
Skew:                           1.505   Prob(JB):                         0.00
Kurtosis:                       8.574   Cond. No.                     1.02e+16
==============================================================================

Notes:
[1] Standard Errors assume that the covariance matrix of the errors is correctly specified.
[2] The smallest eigenvalue is 3.64e-27. This might indicate that there are
strong multicollinearity problems or that the design matrix is singular.