                            OLS Regression Results                            
==============================================================================
Dep. Variable:              sd_pooled   R-squared:                       0.559
Model:                            OLS   Adj. R-squared:                  0.551
Method:                 Least Squares   F-statistic:                     78.02
Date:                Wed, 01 Apr 2026   Prob (F-statistic):               0.00
Time:                        00:09:03   Log-Likelihood:                 517.49
No. Observations:                4012   AIC:                            -905.0
Df Residuals:                    3947   BIC:                            -495.7
Df Model:                          64                                         
Covariance Type:            nonrobust                                         
============================================================================================
                               coef    std err          t      P>|t|      [0.025      0.975]
--------------------------------------------------------------------------------------------
const                        3.4124      0.049     70.285      0.000       3.317       3.508
FLead                        0.0495      0.008      6.140      0.000       0.034       0.065
mean_pooled                 -0.2362      0.004    -53.628      0.000      -0.245      -0.228
kim_violence_gore            0.0152      0.003      6.059      0.000       0.010       0.020
kim_sex_nudity               0.0019      0.003      0.741      0.459      -0.003       0.007
kim_language                -0.0113      0.002     -6.334      0.000      -0.015      -0.008
major                       -0.0399      0.008     -4.947      0.000      -0.056      -0.024
log_bom_opening_theaters     0.0047      0.002      2.662      0.008       0.001       0.008
genres_count                -0.0148      0.007     -2.191      0.029      -0.028      -0.002
yr_1993                     -0.0087      0.035     -0.251      0.802      -0.076       0.059
yr_1994                     -0.0025      0.035     -0.071      0.943      -0.072       0.067
yr_1995                      0.0405      0.035      1.163      0.245      -0.028       0.109
yr_1996                      0.0031      0.034      0.092      0.927      -0.064       0.070
yr_1997                      0.0051      0.035      0.146      0.884      -0.063       0.073
yr_1998                      0.0567      0.034      1.690      0.091      -0.009       0.123
yr_1999                      0.0633      0.033      1.934      0.053      -0.001       0.127
yr_2000                     -0.0030      0.034     -0.089      0.929      -0.069       0.063
yr_2001                      0.0630      0.033      1.903      0.057      -0.002       0.128
yr_2002                      0.0204      0.033      0.625      0.532      -0.044       0.084
yr_2003                      0.0079      0.033      0.242      0.809      -0.056       0.072
yr_2004                      0.0728      0.033      2.240      0.025       0.009       0.137
yr_2005                      0.0565      0.032      1.750      0.080      -0.007       0.120
yr_2006                      0.1079      0.032      3.368      0.001       0.045       0.171
yr_2007                      0.1202      0.032      3.764      0.000       0.058       0.183
yr_2008                      0.0608      0.032      1.891      0.059      -0.002       0.124
yr_2009                      0.0451      0.033      1.385      0.166      -0.019       0.109
yr_2010                      0.0370      0.032      1.139      0.255      -0.027       0.101
yr_2011                      0.0391      0.032      1.225      0.221      -0.023       0.102
yr_2012                      0.0214      0.032      0.673      0.501      -0.041       0.084
yr_2013                      0.0137      0.032      0.428      0.669      -0.049       0.076
yr_2014                      0.0433      0.032      1.340      0.180      -0.020       0.107
yr_2015                     -0.0260      0.032     -0.811      0.418      -0.089       0.037
yr_2016                     -0.0336      0.032     -1.038      0.299      -0.097       0.030
yr_2017                      0.0253      0.033      0.773      0.439      -0.039       0.089
yr_2018                      0.0154      0.033      0.469      0.639      -0.049       0.080
mo_2                         0.0104      0.020      0.534      0.593      -0.028       0.049
mo_3                        -0.0028      0.019     -0.150      0.880      -0.039       0.034
mo_4                         0.0024      0.019      0.127      0.899      -0.034       0.039
mo_5                        -0.0093      0.020     -0.472      0.637      -0.048       0.029
mo_6                        -0.0229      0.020     -1.175      0.240      -0.061       0.015
mo_7                        -0.0210      0.019     -1.106      0.269      -0.058       0.016
mo_8                        -0.0236      0.018     -1.287      0.198      -0.059       0.012
mo_9                        -0.0257      0.019     -1.378      0.168      -0.062       0.011
mo_10                       -0.0059      0.018     -0.320      0.749      -0.042       0.030
mo_11                       -0.0196      0.019     -1.043      0.297      -0.057       0.017
mo_12                       -0.0253      0.018     -1.388      0.165      -0.061       0.010
genre_Action                -0.0615      0.011     -5.801      0.000      -0.082      -0.041
genre_Adventure             -0.0067      0.011     -0.592      0.554      -0.029       0.015
genre_Animation             -0.0313      0.018     -1.733      0.083      -0.067       0.004
genre_Biography             -0.0893      0.014     -6.256      0.000      -0.117      -0.061
genre_Comedy                 0.0032      0.010      0.339      0.735      -0.015       0.022
genre_Crime                 -0.0880      0.010     -8.558      0.000      -0.108      -0.068
genre_Drama                  0.0154      0.010      1.617      0.106      -0.003       0.034
genre_Family                 0.0637      0.015      4.354      0.000       0.035       0.092
genre_Fantasy                0.0069      0.013      0.546      0.585      -0.018       0.032
genre_History                0.0193      0.020      0.942      0.346      -0.021       0.059
genre_Horror                -0.0430      0.015     -2.954      0.003      -0.072      -0.014
genre_Music                  0.1172      0.019      6.111      0.000       0.080       0.155
genre_Musical                0.3270      0.043      7.544      0.000       0.242       0.412
genre_Mystery               -0.0561      0.013     -4.440      0.000      -0.081      -0.031
genre_News                  1.9e-17   7.91e-18      2.401      0.016    3.49e-18    3.45e-17
genre_Romance               -0.0058      0.010     -0.569      0.569      -0.026       0.014
genre_Sci_Fi                -0.0130      0.014     -0.956      0.339      -0.040       0.014
genre_Short              -7.236e-18   3.16e-18     -2.291      0.022   -1.34e-17   -1.04e-18
genre_Sport                 -0.0388      0.021     -1.865      0.062      -0.080       0.002
genre_Thriller              -0.0757      0.011     -7.086      0.000      -0.097      -0.055
genre_War                   -0.0010      0.029     -0.034      0.973      -0.058       0.056
genre_Western               -0.0575      0.052     -1.113      0.266      -0.159       0.044
==============================================================================
Omnibus:                     1637.195   Durbin-Watson:                   2.006
Prob(Omnibus):                  0.000   Jarque-Bera (JB):            12946.475
Skew:                           1.744   Prob(JB):                         0.00
Kurtosis:                      11.079   Cond. No.                     1.02e+16
==============================================================================

Notes:
[1] Standard Errors assume that the covariance matrix of the errors is correctly specified.
[2] The smallest eigenvalue is 6.03e-27. This might indicate that there are
strong multicollinearity problems or that the design matrix is singular.