                            OLS Regression Results                            
==============================================================================
Dep. Variable:              sd_pooled   R-squared:                       0.557
Model:                            OLS   Adj. R-squared:                  0.550
Method:                 Least Squares   F-statistic:                     77.69
Date:                Sun, 29 Mar 2026   Prob (F-statistic):               0.00
Time:                        15:45:24   Log-Likelihood:                 512.85
No. Observations:                4012   AIC:                            -895.7
Df Residuals:                    3947   BIC:                            -486.4
Df Model:                          64                                         
Covariance Type:            nonrobust                                         
============================================================================================
                               coef    std err          t      P>|t|      [0.025      0.975]
--------------------------------------------------------------------------------------------
const                        3.3796      0.049     69.484      0.000       3.284       3.475
FLead                        0.0514      0.008      6.385      0.000       0.036       0.067
mean_pooled                 -0.2357      0.004    -53.403      0.000      -0.244      -0.227
kim_violence_gore            0.0103      0.003      4.011      0.000       0.005       0.015
kim_sex_nudity               0.0090      0.002      4.430      0.000       0.005       0.013
kim_language                -0.0083      0.002     -4.757      0.000      -0.012      -0.005
major                       -0.0384      0.008     -4.760      0.000      -0.054      -0.023
log_bom_opening_theaters     0.0055      0.002      3.113      0.002       0.002       0.009
genres_count                -0.0062      0.007     -0.910      0.363      -0.019       0.007
yr_1993                     -0.0054      0.035     -0.157      0.875      -0.073       0.062
yr_1994                     -0.0008      0.035     -0.023      0.982      -0.070       0.069
yr_1995                      0.0399      0.035      1.144      0.253      -0.028       0.108
yr_1996                      0.0013      0.034      0.039      0.969      -0.066       0.068
yr_1997                      0.0048      0.035      0.136      0.892      -0.064       0.073
yr_1998                      0.0514      0.034      1.529      0.126      -0.015       0.117
yr_1999                      0.0518      0.033      1.584      0.113      -0.012       0.116
yr_2000                     -0.0156      0.034     -0.463      0.644      -0.082       0.051
yr_2001                      0.0526      0.033      1.584      0.113      -0.012       0.118
yr_2002                      0.0106      0.033      0.327      0.744      -0.053       0.075
yr_2003                     -0.0032      0.033     -0.097      0.922      -0.068       0.061
yr_2004                      0.0634      0.033      1.943      0.052      -0.001       0.127
yr_2005                      0.0477      0.032      1.476      0.140      -0.016       0.111
yr_2006                      0.0988      0.032      3.075      0.002       0.036       0.162
yr_2007                      0.1106      0.032      3.457      0.001       0.048       0.173
yr_2008                      0.0490      0.032      1.520      0.129      -0.014       0.112
yr_2009                      0.0299      0.033      0.915      0.360      -0.034       0.094
yr_2010                      0.0216      0.033      0.665      0.506      -0.042       0.085
yr_2011                      0.0272      0.032      0.850      0.395      -0.036       0.090
yr_2012                      0.0086      0.032      0.271      0.786      -0.054       0.071
yr_2013                     -0.0002      0.032     -0.007      0.994      -0.063       0.062
yr_2014                      0.0306      0.032      0.948      0.343      -0.033       0.094
yr_2015                     -0.0405      0.032     -1.260      0.208      -0.103       0.023
yr_2016                     -0.0423      0.032     -1.307      0.191      -0.106       0.021
yr_2017                      0.0130      0.033      0.397      0.691      -0.051       0.077
yr_2018                      0.0016      0.033      0.049      0.961      -0.063       0.066
mo_2                         0.0101      0.020      0.515      0.607      -0.028       0.048
mo_3                        -0.0040      0.019     -0.213      0.831      -0.040       0.033
mo_4                         0.0028      0.019      0.150      0.881      -0.034       0.040
mo_5                        -0.0085      0.020     -0.427      0.669      -0.047       0.030
mo_6                        -0.0248      0.020     -1.266      0.206      -0.063       0.014
mo_7                        -0.0218      0.019     -1.149      0.251      -0.059       0.015
mo_8                        -0.0258      0.018     -1.410      0.159      -0.062       0.010
mo_9                        -0.0265      0.019     -1.423      0.155      -0.063       0.010
mo_10                       -0.0084      0.018     -0.461      0.645      -0.044       0.027
mo_11                       -0.0213      0.019     -1.132      0.258      -0.058       0.016
mo_12                       -0.0229      0.018     -1.256      0.209      -0.059       0.013
genre_Action                -0.0574      0.011     -5.388      0.000      -0.078      -0.037
genre_Adventure             -0.0013      0.011     -0.115      0.908      -0.023       0.021
genre_Animation             -0.0151      0.018     -0.844      0.399      -0.050       0.020
genre_Biography             -0.0950      0.014     -6.649      0.000      -0.123      -0.067
genre_Comedy                -0.0120      0.009     -1.266      0.205      -0.031       0.007
genre_Crime                 -0.0994      0.010     -9.782      0.000      -0.119      -0.080
genre_Drama                  0.0098      0.010      1.028      0.304      -0.009       0.029
genre_Family                 0.0793      0.015      5.436      0.000       0.051       0.108
genre_Fantasy                0.0114      0.013      0.902      0.367      -0.013       0.036
genre_History                0.0298      0.020      1.458      0.145      -0.010       0.070
genre_Horror                -0.0378      0.015     -2.577      0.010      -0.067      -0.009
genre_Music                  0.1064      0.019      5.541      0.000       0.069       0.144
genre_Musical                0.3296      0.043      7.600      0.000       0.245       0.415
genre_Mystery               -0.0575      0.013     -4.550      0.000      -0.082      -0.033
genre_News                7.425e-19   2.53e-18      0.294      0.769   -4.22e-18     5.7e-18
genre_Romance               -0.0170      0.010     -1.643      0.100      -0.037       0.003
genre_Sci_Fi                -0.0148      0.014     -1.089      0.276      -0.042       0.012
genre_Short              -8.249e-19   1.39e-18     -0.595      0.552   -3.55e-18     1.9e-18
genre_Sport                 -0.0404      0.021     -1.940      0.052      -0.081       0.000
genre_Thriller              -0.0809      0.011     -7.601      0.000      -0.102      -0.060
genre_War                    0.0027      0.029      0.094      0.925      -0.055       0.060
genre_Western               -0.0464      0.052     -0.896      0.370      -0.148       0.055
==============================================================================
Omnibus:                     1690.091   Durbin-Watson:                   2.006
Prob(Omnibus):                  0.000   Jarque-Bera (JB):            14146.383
Skew:                           1.793   Prob(JB):                         0.00
Kurtosis:                      11.471   Cond. No.                     1.02e+16
==============================================================================

Notes:
[1] Standard Errors assume that the covariance matrix of the errors is correctly specified.
[2] The smallest eigenvalue is 6.38e-27. This might indicate that there are
strong multicollinearity problems or that the design matrix is singular.