                            OLS Regression Results                            
==============================================================================
Dep. Variable:              sd_pooled   R-squared:                       0.555
Model:                            OLS   Adj. R-squared:                  0.546
Method:                 Least Squares   F-statistic:                     61.18
Date:                Sun, 29 Mar 2026   Prob (F-statistic):               0.00
Time:                        16:02:30   Log-Likelihood:                 352.92
No. Observations:                3210   AIC:                            -575.8
Df Residuals:                    3145   BIC:                            -181.0
Df Model:                          64                                         
Covariance Type:            nonrobust                                         
============================================================================================
                               coef    std err          t      P>|t|      [0.025      0.975]
--------------------------------------------------------------------------------------------
const                        3.4335      0.055     62.118      0.000       3.325       3.542
FLead                        0.0460      0.009      5.064      0.000       0.028       0.064
mean_pooled                 -0.2364      0.005    -47.122      0.000      -0.246      -0.227
kim_violence_gore            0.0098      0.003      3.272      0.001       0.004       0.016
kim_sex_nudity               0.0108      0.002      4.468      0.000       0.006       0.016
kim_language                -0.0206      0.003     -8.029      0.000      -0.026      -0.016
major                       -0.0437      0.009     -4.724      0.000      -0.062      -0.026
log_bom_opening_theaters     0.0070      0.002      3.379      0.001       0.003       0.011
genres_count                -0.0190      0.008     -2.457      0.014      -0.034      -0.004
yr_1993                     -0.0099      0.038     -0.261      0.794      -0.084       0.064
yr_1994                     -0.0024      0.039     -0.062      0.951      -0.078       0.073
yr_1995                      0.0489      0.039      1.263      0.207      -0.027       0.125
yr_1996                      0.0233      0.038      0.616      0.538      -0.051       0.098
yr_1997                      0.0153      0.039      0.390      0.697      -0.062       0.093
yr_1998                      0.0691      0.037      1.846      0.065      -0.004       0.143
yr_1999                      0.0568      0.037      1.552      0.121      -0.015       0.129
yr_2000                     -0.0004      0.038     -0.012      0.991      -0.075       0.074
yr_2001                      0.0597      0.037      1.615      0.106      -0.013       0.132
yr_2002                      0.0228      0.036      0.628      0.530      -0.048       0.094
yr_2003                   -8.69e-05      0.037     -0.002      0.998      -0.072       0.072
yr_2004                      0.0608      0.036      1.686      0.092      -0.010       0.132
yr_2005                      0.0467      0.036      1.301      0.193      -0.024       0.117
yr_2006                      0.1011      0.036      2.840      0.005       0.031       0.171
yr_2007                      0.1063      0.036      2.984      0.003       0.036       0.176
yr_2008                      0.0536      0.036      1.485      0.138      -0.017       0.124
yr_2009                      0.0255      0.037      0.692      0.489      -0.047       0.098
yr_2010                      0.0501      0.036      1.384      0.166      -0.021       0.121
yr_2011                      0.0475      0.036      1.332      0.183      -0.022       0.117
yr_2012                      0.0218      0.036      0.609      0.543      -0.048       0.092
yr_2013                      0.0186      0.036      0.518      0.604      -0.052       0.089
yr_2014                      0.0475      0.037      1.300      0.194      -0.024       0.119
yr_2015                     -0.0283      0.036     -0.785      0.432      -0.099       0.042
yr_2016                     -0.0188      0.036     -0.520      0.603      -0.090       0.052
yr_2017                      0.0490      0.037      1.324      0.186      -0.024       0.121
yr_2018                      0.0186      0.037      0.499      0.618      -0.054       0.091
mo_2                         0.0112      0.023      0.496      0.620      -0.033       0.056
mo_3                         0.0085      0.022      0.389      0.697      -0.034       0.051
mo_4                        -0.0002      0.022     -0.011      0.992      -0.043       0.042
mo_5                        -0.0048      0.023     -0.210      0.834      -0.049       0.040
mo_6                        -0.0272      0.023     -1.198      0.231      -0.072       0.017
mo_7                        -0.0277      0.022     -1.268      0.205      -0.071       0.015
mo_8                        -0.0185      0.021     -0.871      0.384      -0.060       0.023
mo_9                        -0.0132      0.022     -0.608      0.543      -0.056       0.029
mo_10                        0.0029      0.022      0.134      0.893      -0.039       0.045
mo_11                       -0.0195      0.022     -0.901      0.367      -0.062       0.023
mo_12                       -0.0187      0.021     -0.892      0.372      -0.060       0.022
genre_Action                -0.0535      0.012     -4.345      0.000      -0.078      -0.029
genre_Adventure             -0.0035      0.012     -0.284      0.777      -0.028       0.021
genre_Animation             -0.0321      0.019     -1.679      0.093      -0.070       0.005
genre_Biography             -0.0914      0.017     -5.533      0.000      -0.124      -0.059
genre_Comedy                -0.0113      0.011     -1.043      0.297      -0.033       0.010
genre_Crime                 -0.0844      0.012     -6.863      0.000      -0.108      -0.060
genre_Drama                  0.0270      0.011      2.497      0.013       0.006       0.048
genre_Family                 0.0658      0.016      4.241      0.000       0.035       0.096
genre_Fantasy               -0.0013      0.014     -0.092      0.927      -0.028       0.026
genre_History                0.0230      0.022      1.032      0.302      -0.021       0.067
genre_Horror                -0.0420      0.017     -2.463      0.014      -0.075      -0.009
genre_Music                  0.1200      0.022      5.437      0.000       0.077       0.163
genre_Musical                0.2805      0.046      6.032      0.000       0.189       0.372
genre_Mystery               -0.0597      0.015     -4.053      0.000      -0.089      -0.031
genre_News               -2.586e-17   9.68e-18     -2.672      0.008   -4.48e-17   -6.89e-18
genre_Romance               -0.0154      0.012     -1.321      0.186      -0.038       0.007
genre_Sci_Fi                -0.0011      0.015     -0.070      0.944      -0.031       0.029
genre_Short               8.381e-18   4.66e-18      1.799      0.072   -7.56e-19    1.75e-17
genre_Sport                 -0.0309      0.023     -1.357      0.175      -0.076       0.014
genre_Thriller              -0.0685      0.013     -5.404      0.000      -0.093      -0.044
genre_War                    0.0057      0.034      0.169      0.866      -0.060       0.072
genre_Western               -0.0459      0.057     -0.813      0.416      -0.157       0.065
==============================================================================
Omnibus:                     1328.035   Durbin-Watson:                   2.002
Prob(Omnibus):                  0.000   Jarque-Bera (JB):            10578.338
Skew:                           1.765   Prob(JB):                         0.00
Kurtosis:                      11.163   Cond. No.                     1.02e+16
==============================================================================

Notes:
[1] Standard Errors assume that the covariance matrix of the errors is correctly specified.
[2] The smallest eigenvalue is 4.75e-27. This might indicate that there are
strong multicollinearity problems or that the design matrix is singular.