                            OLS Regression Results                            
==============================================================================
Dep. Variable:              sd_pooled   R-squared:                       0.556
Model:                            OLS   Adj. R-squared:                  0.547
Method:                 Least Squares   F-statistic:                     61.44
Date:                Sun, 29 Mar 2026   Prob (F-statistic):               0.00
Time:                        16:01:58   Log-Likelihood:                 318.05
No. Observations:                3210   AIC:                            -506.1
Df Residuals:                    3145   BIC:                            -111.3
Df Model:                          64                                         
Covariance Type:            nonrobust                                         
============================================================================================
                               coef    std err          t      P>|t|      [0.025      0.975]
--------------------------------------------------------------------------------------------
const                        3.3901      0.056     60.585      0.000       3.280       3.500
FLead                        0.0492      0.009      5.315      0.000       0.031       0.067
mean_pooled                 -0.2357      0.005    -46.460      0.000      -0.246      -0.226
kim_violence_gore            0.0110      0.003      3.640      0.000       0.005       0.017
kim_sex_nudity               0.0101      0.002      4.141      0.000       0.005       0.015
kim_language                -0.0196      0.003     -7.790      0.000      -0.025      -0.015
major                       -0.0448      0.009     -4.784      0.000      -0.063      -0.026
log_bom_opening_theaters     0.0082      0.002      3.873      0.000       0.004       0.012
genres_count                -0.0165      0.008     -2.111      0.035      -0.032      -0.001
yr_1993                      0.0077      0.039      0.199      0.842      -0.068       0.083
yr_1994                      0.0009      0.039      0.022      0.982      -0.076       0.078
yr_1995                      0.0597      0.040      1.500      0.134      -0.018       0.138
yr_1996                      0.0316      0.039      0.815      0.415      -0.044       0.108
yr_1997                      0.0387      0.040      0.978      0.328      -0.039       0.116
yr_1998                      0.0629      0.038      1.640      0.101      -0.012       0.138
yr_1999                      0.0770      0.038      2.048      0.041       0.003       0.151
yr_2000                      0.0164      0.039      0.424      0.671      -0.059       0.092
yr_2001                      0.0781      0.038      2.065      0.039       0.004       0.152
yr_2002                      0.0340      0.037      0.925      0.355      -0.038       0.106
yr_2003                      0.0189      0.037      0.512      0.609      -0.054       0.091
yr_2004                      0.0819      0.037      2.237      0.025       0.010       0.154
yr_2005                      0.0601      0.036      1.646      0.100      -0.011       0.132
yr_2006                      0.1208      0.036      3.345      0.001       0.050       0.192
yr_2007                      0.1298      0.036      3.602      0.000       0.059       0.201
yr_2008                      0.0694      0.036      1.913      0.056      -0.002       0.141
yr_2009                      0.0460      0.037      1.249      0.212      -0.026       0.118
yr_2010                      0.0501      0.037      1.353      0.176      -0.023       0.123
yr_2011                      0.0595      0.036      1.644      0.100      -0.011       0.130
yr_2012                      0.0392      0.036      1.079      0.281      -0.032       0.110
yr_2013                      0.0332      0.036      0.913      0.361      -0.038       0.104
yr_2014                      0.0648      0.037      1.749      0.080      -0.008       0.137
yr_2015                     -0.0061      0.037     -0.166      0.868      -0.079       0.066
yr_2016                     -0.0128      0.037     -0.348      0.728      -0.085       0.059
yr_2017                      0.0555      0.037      1.495      0.135      -0.017       0.128
yr_2018                      0.0429      0.038      1.139      0.255      -0.031       0.117
mo_2                         0.0242      0.022      1.076      0.282      -0.020       0.068
mo_3                         0.0111      0.022      0.509      0.611      -0.032       0.054
mo_4                         0.0062      0.022      0.282      0.778      -0.037       0.049
mo_5                        -0.0045      0.023     -0.201      0.841      -0.049       0.040
mo_6                        -0.0269      0.023     -1.195      0.232      -0.071       0.017
mo_7                        -0.0204      0.022     -0.934      0.350      -0.063       0.022
mo_8                        -0.0220      0.021     -1.031      0.303      -0.064       0.020
mo_9                        -0.0244      0.022     -1.122      0.262      -0.067       0.018
mo_10                       -0.0010      0.021     -0.045      0.964      -0.043       0.041
mo_11                       -0.0121      0.022     -0.560      0.575      -0.055       0.030
mo_12                       -0.0224      0.021     -1.072      0.284      -0.063       0.019
genre_Action                -0.0546      0.012     -4.430      0.000      -0.079      -0.030
genre_Adventure             -0.0038      0.012     -0.306      0.760      -0.028       0.021
genre_Animation             -0.0402      0.019     -2.088      0.037      -0.078      -0.002
genre_Biography             -0.0945      0.017     -5.672      0.000      -0.127      -0.062
genre_Comedy                -0.0004      0.011     -0.033      0.974      -0.022       0.021
genre_Crime                 -0.0843      0.012     -6.777      0.000      -0.109      -0.060
genre_Drama                  0.0301      0.011      2.737      0.006       0.009       0.052
genre_Family                 0.0601      0.016      3.844      0.000       0.029       0.091
genre_Fantasy               -0.0016      0.014     -0.113      0.910      -0.029       0.026
genre_History                0.0150      0.022      0.681      0.496      -0.028       0.058
genre_Horror                -0.0358      0.017     -2.092      0.037      -0.069      -0.002
genre_Music                  0.1168      0.022      5.267      0.000       0.073       0.160
genre_Musical                0.3188      0.045      7.098      0.000       0.231       0.407
genre_Mystery               -0.0634      0.015     -4.297      0.000      -0.092      -0.034
genre_News               -2.127e-17    7.2e-18     -2.953      0.003   -3.54e-17   -7.15e-18
genre_Romance               -0.0206      0.012     -1.762      0.078      -0.044       0.002
genre_Sci_Fi                -0.0057      0.015     -0.370      0.711      -0.036       0.024
genre_Short              -6.967e-18   3.11e-18     -2.241      0.025   -1.31e-17   -8.72e-19
genre_Sport                 -0.0329      0.024     -1.399      0.162      -0.079       0.013
genre_Thriller              -0.0778      0.013     -6.102      0.000      -0.103      -0.053
genre_War                    0.0139      0.033      0.421      0.674      -0.051       0.079
genre_Western               -0.0557      0.057     -0.974      0.330      -0.168       0.056
==============================================================================
Omnibus:                     1330.603   Durbin-Watson:                   1.995
Prob(Omnibus):                  0.000   Jarque-Bera (JB):            10371.441
Skew:                           1.776   Prob(JB):                         0.00
Kurtosis:                      11.057   Cond. No.                     1.02e+16
==============================================================================

Notes:
[1] Standard Errors assume that the covariance matrix of the errors is correctly specified.
[2] The smallest eigenvalue is 4.77e-27. This might indicate that there are
strong multicollinearity problems or that the design matrix is singular.