                            OLS Regression Results                            
==============================================================================
Dep. Variable:              sd_pooled   R-squared:                       0.561
Model:                            OLS   Adj. R-squared:                  0.554
Method:                 Least Squares   F-statistic:                     78.91
Date:                Tue, 31 Mar 2026   Prob (F-statistic):               0.00
Time:                        19:17:30   Log-Likelihood:                 530.32
No. Observations:                4012   AIC:                            -930.6
Df Residuals:                    3947   BIC:                            -521.3
Df Model:                          64                                         
Covariance Type:            nonrobust                                         
============================================================================================
                               coef    std err          t      P>|t|      [0.025      0.975]
--------------------------------------------------------------------------------------------
const                        3.3742      0.049     69.495      0.000       3.279       3.469
FLead                        0.0457      0.008      5.689      0.000       0.030       0.061
mean_pooled                 -0.2328      0.004    -52.891      0.000      -0.241      -0.224
kim_violence_gore            0.0099      0.002      4.058      0.000       0.005       0.015
kim_sex_nudity               0.0123      0.002      6.131      0.000       0.008       0.016
kim_language                -0.0143      0.002     -7.712      0.000      -0.018      -0.011
major                       -0.0406      0.008     -5.048      0.000      -0.056      -0.025
log_bom_opening_theaters     0.0059      0.002      3.359      0.001       0.002       0.009
genres_count                -0.0084      0.007     -1.237      0.216      -0.022       0.005
yr_1993                     -0.0013      0.034     -0.037      0.970      -0.069       0.066
yr_1994                      0.0007      0.035      0.019      0.985      -0.068       0.070
yr_1995                      0.0462      0.035      1.331      0.183      -0.022       0.114
yr_1996                      0.0124      0.034      0.364      0.716      -0.054       0.079
yr_1997                      0.0171      0.035      0.492      0.623      -0.051       0.085
yr_1998                      0.0613      0.033      1.832      0.067      -0.004       0.127
yr_1999                      0.0624      0.033      1.916      0.055      -0.001       0.126
yr_2000                     -0.0056      0.034     -0.168      0.867      -0.071       0.060
yr_2001                      0.0605      0.033      1.833      0.067      -0.004       0.125
yr_2002                      0.0202      0.032      0.622      0.534      -0.043       0.084
yr_2003                      0.0022      0.033      0.068      0.946      -0.062       0.066
yr_2004                      0.0650      0.032      2.005      0.045       0.001       0.129
yr_2005                      0.0524      0.032      1.631      0.103      -0.011       0.115
yr_2006                      0.1016      0.032      3.182      0.001       0.039       0.164
yr_2007                      0.1143      0.032      3.592      0.000       0.052       0.177
yr_2008                      0.0567      0.032      1.771      0.077      -0.006       0.120
yr_2009                      0.0356      0.032      1.098      0.272      -0.028       0.099
yr_2010                      0.0324      0.032      1.002      0.316      -0.031       0.096
yr_2011                      0.0331      0.032      1.042      0.297      -0.029       0.095
yr_2012                      0.0190      0.032      0.599      0.549      -0.043       0.081
yr_2013                      0.0109      0.032      0.342      0.732      -0.052       0.073
yr_2014                      0.0427      0.032      1.327      0.185      -0.020       0.106
yr_2015                     -0.0278      0.032     -0.869      0.385      -0.091       0.035
yr_2016                     -0.0328      0.032     -1.017      0.309      -0.096       0.030
yr_2017                      0.0224      0.033      0.689      0.491      -0.041       0.086
yr_2018                      0.0183      0.033      0.561      0.575      -0.046       0.082
mo_2                         0.0070      0.019      0.362      0.717      -0.031       0.045
mo_3                        -0.0048      0.019     -0.261      0.794      -0.041       0.031
mo_4                         0.0006      0.019      0.034      0.973      -0.036       0.037
mo_5                        -0.0140      0.020     -0.709      0.478      -0.053       0.025
mo_6                        -0.0263      0.019     -1.351      0.177      -0.064       0.012
mo_7                        -0.0236      0.019     -1.246      0.213      -0.061       0.014
mo_8                        -0.0258      0.018     -1.415      0.157      -0.062       0.010
mo_9                        -0.0290      0.019     -1.560      0.119      -0.065       0.007
mo_10                       -0.0069      0.018     -0.377      0.707      -0.043       0.029
mo_11                       -0.0247      0.019     -1.314      0.189      -0.061       0.012
mo_12                       -0.0270      0.018     -1.486      0.137      -0.063       0.009
genre_Action                -0.0505      0.010     -4.823      0.000      -0.071      -0.030
genre_Adventure             -0.0051      0.011     -0.456      0.648      -0.027       0.017
genre_Animation             -0.0318      0.018     -1.775      0.076      -0.067       0.003
genre_Biography             -0.0936      0.014     -6.582      0.000      -0.122      -0.066
genre_Comedy                -0.0088      0.009     -0.946      0.344      -0.027       0.009
genre_Crime                 -0.0866      0.010     -8.482      0.000      -0.107      -0.067
genre_Drama                  0.0124      0.010      1.303      0.193      -0.006       0.031
genre_Family                 0.0680      0.015      4.682      0.000       0.040       0.097
genre_Fantasy                0.0041      0.013      0.326      0.745      -0.021       0.029
genre_History                0.0196      0.020      0.959      0.338      -0.020       0.060
genre_Horror                -0.0245      0.014     -1.733      0.083      -0.052       0.003
genre_Music                  0.1057      0.019      5.561      0.000       0.068       0.143
genre_Musical                0.3136      0.043      7.261      0.000       0.229       0.398
genre_Mystery               -0.0579      0.013     -4.601      0.000      -0.083      -0.033
genre_News                1.258e-17   5.58e-18      2.254      0.024    1.64e-18    2.35e-17
genre_Romance               -0.0234      0.010     -2.302      0.021      -0.043      -0.003
genre_Sci_Fi                -0.0123      0.014     -0.910      0.363      -0.039       0.014
genre_Short              -2.266e-18   3.26e-18     -0.695      0.487   -8.66e-18    4.13e-18
genre_Sport                 -0.0404      0.021     -1.950      0.051      -0.081       0.000
genre_Thriller              -0.0740      0.011     -6.943      0.000      -0.095      -0.053
genre_War                    0.0173      0.029      0.594      0.552      -0.040       0.074
genre_Western               -0.0400      0.051     -0.778      0.437      -0.141       0.061
==============================================================================
Omnibus:                     1655.343   Durbin-Watson:                   2.009
Prob(Omnibus):                  0.000   Jarque-Bera (JB):            13482.917
Skew:                           1.757   Prob(JB):                         0.00
Kurtosis:                      11.264   Cond. No.                     1.02e+16
==============================================================================

Notes:
[1] Standard Errors assume that the covariance matrix of the errors is correctly specified.
[2] The smallest eigenvalue is 6.37e-27. This might indicate that there are
strong multicollinearity problems or that the design matrix is singular.