                            OLS Regression Results                            
==============================================================================
Dep. Variable:              sd_pooled   R-squared:                       0.561
Model:                            OLS   Adj. R-squared:                  0.554
Method:                 Least Squares   F-statistic:                     78.84
Date:                Sun, 29 Mar 2026   Prob (F-statistic):               0.00
Time:                        15:26:53   Log-Likelihood:                 529.30
No. Observations:                4012   AIC:                            -928.6
Df Residuals:                    3947   BIC:                            -519.3
Df Model:                          64                                         
Covariance Type:            nonrobust                                         
============================================================================================
                               coef    std err          t      P>|t|      [0.025      0.975]
--------------------------------------------------------------------------------------------
const                        3.4080      0.049     70.056      0.000       3.313       3.503
FLead                        0.0464      0.008      5.772      0.000       0.031       0.062
mean_pooled                 -0.2349      0.004    -52.611      0.000      -0.244      -0.226
kim_violence_gore            0.0125      0.003      4.893      0.000       0.007       0.018
kim_sex_nudity               0.0112      0.002      5.525      0.000       0.007       0.015
kim_language                -0.0149      0.002     -7.964      0.000      -0.019      -0.011
major                       -0.0339      0.008     -4.208      0.000      -0.050      -0.018
log_bom_opening_theaters     0.0021      0.002      1.262      0.207      -0.001       0.005
genres_count                -0.0084      0.007     -1.246      0.213      -0.022       0.005
yr_1993                     -0.0073      0.034     -0.212      0.832      -0.075       0.060
yr_1994                     -0.0049      0.035     -0.140      0.888      -0.074       0.064
yr_1995                      0.0423      0.035      1.218      0.223      -0.026       0.110
yr_1996                      0.0072      0.034      0.210      0.834      -0.060       0.074
yr_1997                      0.0121      0.035      0.350      0.727      -0.056       0.080
yr_1998                      0.0583      0.033      1.740      0.082      -0.007       0.124
yr_1999                      0.0585      0.033      1.793      0.073      -0.005       0.122
yr_2000                     -0.0092      0.034     -0.273      0.785      -0.075       0.057
yr_2001                      0.0542      0.033      1.641      0.101      -0.011       0.119
yr_2002                      0.0142      0.032      0.438      0.661      -0.049       0.078
yr_2003                     -0.0015      0.033     -0.046      0.963      -0.066       0.063
yr_2004                      0.0611      0.032      1.880      0.060      -0.003       0.125
yr_2005                      0.0464      0.032      1.440      0.150      -0.017       0.110
yr_2006                      0.0953      0.032      2.979      0.003       0.033       0.158
yr_2007                      0.1109      0.032      3.480      0.001       0.048       0.173
yr_2008                      0.0526      0.032      1.640      0.101      -0.010       0.116
yr_2009                      0.0320      0.033      0.983      0.326      -0.032       0.096
yr_2010                      0.0252      0.032      0.777      0.437      -0.038       0.089
yr_2011                      0.0277      0.032      0.871      0.384      -0.035       0.090
yr_2012                      0.0120      0.032      0.378      0.705      -0.050       0.074
yr_2013                      0.0046      0.032      0.143      0.886      -0.058       0.067
yr_2014                      0.0384      0.032      1.190      0.234      -0.025       0.102
yr_2015                     -0.0333      0.032     -1.041      0.298      -0.096       0.029
yr_2016                     -0.0361      0.032     -1.118      0.264      -0.099       0.027
yr_2017                      0.0217      0.033      0.666      0.505      -0.042       0.086
yr_2018                      0.0149      0.033      0.454      0.650      -0.049       0.079
mo_2                         0.0088      0.019      0.452      0.651      -0.029       0.047
mo_3                        -0.0048      0.019     -0.258      0.796      -0.041       0.032
mo_4                       4.75e-05      0.019      0.003      0.998      -0.037       0.037
mo_5                        -0.0146      0.020     -0.738      0.461      -0.053       0.024
mo_6                        -0.0269      0.019     -1.382      0.167      -0.065       0.011
mo_7                        -0.0254      0.019     -1.345      0.179      -0.062       0.012
mo_8                        -0.0255      0.018     -1.399      0.162      -0.061       0.010
mo_9                        -0.0283      0.019     -1.526      0.127      -0.065       0.008
mo_10                       -0.0087      0.018     -0.476      0.634      -0.044       0.027
mo_11                       -0.0252      0.019     -1.345      0.179      -0.062       0.012
mo_12                       -0.0326      0.018     -1.808      0.071      -0.068       0.003
genre_Action                -0.0542      0.011     -5.107      0.000      -0.075      -0.033
genre_Adventure             -0.0052      0.011     -0.465      0.642      -0.027       0.017
genre_Animation             -0.0278      0.018     -1.547      0.122      -0.063       0.007
genre_Biography             -0.0954      0.014     -6.721      0.000      -0.123      -0.068
genre_Comedy                -0.0027      0.010     -0.283      0.777      -0.021       0.016
genre_Crime                 -0.0888      0.010     -8.656      0.000      -0.109      -0.069
genre_Drama                  0.0091      0.009      0.974      0.330      -0.009       0.028
genre_Family                 0.0722      0.015      4.954      0.000       0.044       0.101
genre_Fantasy                0.0043      0.013      0.337      0.736      -0.021       0.029
genre_History                0.0160      0.020      0.785      0.433      -0.024       0.056
genre_Horror                -0.0338      0.015     -2.310      0.021      -0.062      -0.005
genre_Music                  0.1120      0.019      5.853      0.000       0.074       0.150
genre_Musical                0.3200      0.043      7.403      0.000       0.235       0.405
genre_Mystery               -0.0586      0.013     -4.657      0.000      -0.083      -0.034
genre_News                5.654e-18   4.49e-18      1.259      0.208   -3.15e-18    1.45e-17
genre_Romance               -0.0185      0.010     -1.795      0.073      -0.039       0.002
genre_Sci_Fi                -0.0126      0.014     -0.929      0.353      -0.039       0.014
genre_Short                8.02e-19   2.56e-18      0.314      0.754   -4.21e-18    5.81e-18
genre_Sport                 -0.0330      0.021     -1.597      0.110      -0.074       0.008
genre_Thriller              -0.0739      0.011     -6.930      0.000      -0.095      -0.053
genre_War                    0.0073      0.029      0.250      0.803      -0.050       0.065
genre_Western               -0.0448      0.052     -0.870      0.384      -0.146       0.056
==============================================================================
Omnibus:                     1674.880   Durbin-Watson:                   2.010
Prob(Omnibus):                  0.000   Jarque-Bera (JB):            14011.139
Skew:                           1.774   Prob(JB):                         0.00
Kurtosis:                      11.440   Cond. No.                     1.02e+16
==============================================================================

Notes:
[1] Standard Errors assume that the covariance matrix of the errors is correctly specified.
[2] The smallest eigenvalue is 6.39e-27. This might indicate that there are
strong multicollinearity problems or that the design matrix is singular.