                            OLS Regression Results                            
==============================================================================
Dep. Variable:              sd_pooled   R-squared:                       0.561
Model:                            OLS   Adj. R-squared:                  0.554
Method:                 Least Squares   F-statistic:                     78.83
Date:                Tue, 31 Mar 2026   Prob (F-statistic):               0.00
Time:                        17:44:38   Log-Likelihood:                 529.12
No. Observations:                4012   AIC:                            -928.2
Df Residuals:                    3947   BIC:                            -518.9
Df Model:                          64                                         
Covariance Type:            nonrobust                                         
============================================================================================
                               coef    std err          t      P>|t|      [0.025      0.975]
--------------------------------------------------------------------------------------------
const                        3.4132      0.048     71.317      0.000       3.319       3.507
FLead                        0.0464      0.008      5.772      0.000       0.031       0.062
mean_pooled                 -0.2352      0.004    -53.016      0.000      -0.244      -0.226
kim_violence_gore            0.0126      0.003      4.928      0.000       0.008       0.018
kim_sex_nudity               0.0111      0.002      5.490      0.000       0.007       0.015
kim_language                -0.0150      0.002     -7.987      0.000      -0.019      -0.011
major                       -0.0335      0.008     -4.147      0.000      -0.049      -0.018
log_bom_opening_theaters     0.0019      0.002      1.118      0.264      -0.001       0.005
genres_count                -0.0088      0.007     -1.293      0.196      -0.022       0.005
yr_1993                     -0.0086      0.034     -0.250      0.802      -0.076       0.059
yr_1994                     -0.0053      0.035     -0.149      0.881      -0.074       0.064
yr_1995                      0.0423      0.035      1.219      0.223      -0.026       0.110
yr_1996                      0.0060      0.034      0.177      0.860      -0.061       0.073
yr_1997                      0.0110      0.035      0.315      0.752      -0.057       0.079
yr_1998                      0.0573      0.033      1.712      0.087      -0.008       0.123
yr_1999                      0.0579      0.033      1.777      0.076      -0.006       0.122
yr_2000                     -0.0099      0.034     -0.295      0.768      -0.076       0.056
yr_2001                      0.0541      0.033      1.638      0.102      -0.011       0.119
yr_2002                      0.0140      0.032      0.432      0.666      -0.050       0.078
yr_2003                     -0.0013      0.033     -0.041      0.967      -0.065       0.063
yr_2004                      0.0600      0.032      1.848      0.065      -0.004       0.124
yr_2005                      0.0456      0.032      1.417      0.157      -0.018       0.109
yr_2006                      0.0953      0.032      2.978      0.003       0.033       0.158
yr_2007                      0.1102      0.032      3.458      0.001       0.048       0.173
yr_2008                      0.0513      0.032      1.596      0.110      -0.012       0.114
yr_2009                      0.0304      0.033      0.936      0.349      -0.033       0.094
yr_2010                      0.0246      0.032      0.760      0.447      -0.039       0.088
yr_2011                      0.0272      0.032      0.853      0.394      -0.035       0.090
yr_2012                      0.0118      0.032      0.371      0.711      -0.050       0.074
yr_2013                      0.0035      0.032      0.111      0.912      -0.059       0.066
yr_2014                      0.0377      0.032      1.168      0.243      -0.026       0.101
yr_2015                     -0.0336      0.032     -1.050      0.294      -0.096       0.029
yr_2016                     -0.0366      0.032     -1.135      0.256      -0.100       0.027
yr_2017                      0.0197      0.033      0.604      0.546      -0.044       0.084
yr_2018                      0.0141      0.033      0.431      0.667      -0.050       0.078
mo_2                         0.0089      0.019      0.460      0.646      -0.029       0.047
mo_3                        -0.0052      0.019     -0.280      0.779      -0.042       0.031
mo_4                        -0.0002      0.019     -0.008      0.993      -0.037       0.037
mo_5                        -0.0145      0.020     -0.737      0.461      -0.053       0.024
mo_6                        -0.0277      0.019     -1.422      0.155      -0.066       0.010
mo_7                        -0.0253      0.019     -1.339      0.181      -0.062       0.012
mo_8                        -0.0258      0.018     -1.414      0.157      -0.062       0.010
mo_9                        -0.0282      0.019     -1.520      0.129      -0.065       0.008
mo_10                       -0.0086      0.018     -0.471      0.638      -0.044       0.027
mo_11                       -0.0261      0.019     -1.389      0.165      -0.063       0.011
mo_12                       -0.0326      0.018     -1.810      0.070      -0.068       0.003
genre_Action                -0.0542      0.011     -5.103      0.000      -0.075      -0.033
genre_Adventure             -0.0053      0.011     -0.473      0.636      -0.027       0.017
genre_Animation             -0.0277      0.018     -1.538      0.124      -0.063       0.008
genre_Biography             -0.0949      0.014     -6.668      0.000      -0.123      -0.067
genre_Comedy                -0.0029      0.010     -0.302      0.763      -0.022       0.016
genre_Crime                 -0.0886      0.010     -8.645      0.000      -0.109      -0.069
genre_Drama                  0.0091      0.009      0.968      0.333      -0.009       0.028
genre_Family                 0.0716      0.015      4.910      0.000       0.043       0.100
genre_Fantasy                0.0048      0.013      0.382      0.703      -0.020       0.030
genre_History                0.0171      0.020      0.840      0.401      -0.023       0.057
genre_Horror                -0.0336      0.015     -2.298      0.022      -0.062      -0.005
genre_Music                  0.1115      0.019      5.828      0.000       0.074       0.149
genre_Musical                0.3200      0.043      7.404      0.000       0.235       0.405
genre_Mystery               -0.0587      0.013     -4.659      0.000      -0.083      -0.034
genre_News                2.204e-18   3.43e-18      0.643      0.520   -4.52e-18    8.93e-18
genre_Romance               -0.0184      0.010     -1.782      0.075      -0.039       0.002
genre_Sci_Fi                -0.0125      0.014     -0.924      0.355      -0.039       0.014
genre_Short               1.861e-18   1.95e-18      0.955      0.340   -1.96e-18    5.68e-18
genre_Sport                 -0.0335      0.021     -1.616      0.106      -0.074       0.007
genre_Thriller              -0.0739      0.011     -6.930      0.000      -0.095      -0.053
genre_War                    0.0066      0.029      0.225      0.822      -0.051       0.064
genre_Western               -0.0455      0.052     -0.884      0.377      -0.147       0.055
==============================================================================
Omnibus:                     1674.288   Durbin-Watson:                   2.008
Prob(Omnibus):                  0.000   Jarque-Bera (JB):            13975.521
Skew:                           1.774   Prob(JB):                         0.00
Kurtosis:                      11.427   Cond. No.                     1.02e+16
==============================================================================

Notes:
[1] Standard Errors assume that the covariance matrix of the errors is correctly specified.
[2] The smallest eigenvalue is 6.41e-27. This might indicate that there are
strong multicollinearity problems or that the design matrix is singular.