                            OLS Regression Results                            
==============================================================================
Dep. Variable:              sd_pooled   R-squared:                       0.562
Model:                            OLS   Adj. R-squared:                  0.555
Method:                 Least Squares   F-statistic:                     79.16
Date:                Tue, 31 Mar 2026   Prob (F-statistic):               0.00
Time:                        18:04:53   Log-Likelihood:                 533.80
No. Observations:                4012   AIC:                            -937.6
Df Residuals:                    3947   BIC:                            -528.3
Df Model:                          64                                         
Covariance Type:            nonrobust                                         
============================================================================================
                               coef    std err          t      P>|t|      [0.025      0.975]
--------------------------------------------------------------------------------------------
const                        3.3796      0.048     69.869      0.000       3.285       3.474
FLead                        0.0468      0.008      5.820      0.000       0.031       0.063
mean_pooled                 -0.2335      0.004    -53.013      0.000      -0.242      -0.225
kim_violence_gore            0.0121      0.002      4.832      0.000       0.007       0.017
kim_sex_nudity               0.0115      0.002      5.681      0.000       0.008       0.015
kim_language                -0.0150      0.002     -8.003      0.000      -0.019      -0.011
major                       -0.0394      0.008     -4.899      0.000      -0.055      -0.024
log_bom_opening_theaters     0.0056      0.002      3.151      0.002       0.002       0.009
genres_count                -0.0097      0.007     -1.434      0.152      -0.023       0.004
yr_1993                     -0.0059      0.034     -0.173      0.863      -0.073       0.062
yr_1994                     -0.0030      0.035     -0.084      0.933      -0.072       0.066
yr_1995                      0.0431      0.035      1.241      0.215      -0.025       0.111
yr_1996                      0.0089      0.034      0.261      0.794      -0.058       0.076
yr_1997                      0.0132      0.035      0.382      0.703      -0.055       0.081
yr_1998                      0.0583      0.033      1.743      0.081      -0.007       0.124
yr_1999                      0.0606      0.033      1.859      0.063      -0.003       0.124
yr_2000                     -0.0088      0.034     -0.263      0.793      -0.075       0.057
yr_2001                      0.0569      0.033      1.725      0.085      -0.008       0.122
yr_2002                      0.0161      0.032      0.495      0.620      -0.048       0.080
yr_2003                     -0.0001      0.033     -0.004      0.997      -0.064       0.064
yr_2004                      0.0616      0.032      1.900      0.058      -0.002       0.125
yr_2005                      0.0483      0.032      1.503      0.133      -0.015       0.111
yr_2006                      0.0970      0.032      3.035      0.002       0.034       0.160
yr_2007                      0.1104      0.032      3.468      0.001       0.048       0.173
yr_2008                      0.0521      0.032      1.626      0.104      -0.011       0.115
yr_2009                      0.0322      0.032      0.991      0.322      -0.031       0.096
yr_2010                      0.0267      0.032      0.824      0.410      -0.037       0.090
yr_2011                      0.0298      0.032      0.938      0.348      -0.032       0.092
yr_2012                      0.0151      0.032      0.478      0.633      -0.047       0.077
yr_2013                      0.0069      0.032      0.217      0.828      -0.056       0.069
yr_2014                      0.0403      0.032      1.252      0.211      -0.023       0.103
yr_2015                     -0.0319      0.032     -0.997      0.319      -0.095       0.031
yr_2016                     -0.0355      0.032     -1.100      0.271      -0.099       0.028
yr_2017                      0.0208      0.033      0.638      0.523      -0.043       0.085
yr_2018                      0.0148      0.033      0.452      0.651      -0.049       0.079
mo_2                         0.0077      0.019      0.394      0.694      -0.030       0.046
mo_3                        -0.0043      0.019     -0.231      0.818      -0.041       0.032
mo_4                         0.0005      0.019      0.029      0.977      -0.036       0.037
mo_5                        -0.0123      0.020     -0.623      0.533      -0.051       0.026
mo_6                        -0.0255      0.019     -1.311      0.190      -0.064       0.013
mo_7                        -0.0233      0.019     -1.234      0.217      -0.060       0.014
mo_8                        -0.0249      0.018     -1.366      0.172      -0.061       0.011
mo_9                        -0.0276      0.019     -1.489      0.137      -0.064       0.009
mo_10                       -0.0066      0.018     -0.363      0.716      -0.042       0.029
mo_11                       -0.0245      0.019     -1.306      0.192      -0.061       0.012
mo_12                       -0.0266      0.018     -1.469      0.142      -0.062       0.009
genre_Action                -0.0549      0.011     -5.189      0.000      -0.076      -0.034
genre_Adventure             -0.0056      0.011     -0.497      0.620      -0.028       0.016
genre_Animation             -0.0289      0.018     -1.611      0.107      -0.064       0.006
genre_Biography             -0.0920      0.014     -6.466      0.000      -0.120      -0.064
genre_Comedy                -0.0032      0.009     -0.337      0.736      -0.022       0.015
genre_Crime                 -0.0887      0.010     -8.665      0.000      -0.109      -0.069
genre_Drama                  0.0137      0.010      1.440      0.150      -0.005       0.032
genre_Family                 0.0710      0.015      4.878      0.000       0.042       0.100
genre_Fantasy                0.0038      0.013      0.299      0.765      -0.021       0.029
genre_History                0.0184      0.020      0.899      0.368      -0.022       0.058
genre_Horror                -0.0334      0.015     -2.300      0.021      -0.062      -0.005
genre_Music                  0.1114      0.019      5.831      0.000       0.074       0.149
genre_Musical                0.3171      0.043      7.346      0.000       0.232       0.402
genre_Mystery               -0.0586      0.013     -4.656      0.000      -0.083      -0.034
genre_News                8.555e-18   5.32e-18      1.607      0.108   -1.88e-18     1.9e-17
genre_Romance               -0.0187      0.010     -1.814      0.070      -0.039       0.002
genre_Sci_Fi                -0.0128      0.014     -0.942      0.346      -0.039       0.014
genre_Short              -7.521e-18   6.09e-18     -1.234      0.217   -1.95e-17    4.43e-18
genre_Sport                 -0.0381      0.021     -1.840      0.066      -0.079       0.002
genre_Thriller              -0.0738      0.011     -6.934      0.000      -0.095      -0.053
genre_War                    0.0109      0.029      0.373      0.709      -0.046       0.068
genre_Western               -0.0473      0.051     -0.920      0.358      -0.148       0.054
==============================================================================
Omnibus:                     1649.348   Durbin-Watson:                   2.006
Prob(Omnibus):                  0.000   Jarque-Bera (JB):            13393.181
Skew:                           1.751   Prob(JB):                         0.00
Kurtosis:                      11.238   Cond. No.                     1.02e+16
==============================================================================

Notes:
[1] Standard Errors assume that the covariance matrix of the errors is correctly specified.
[2] The smallest eigenvalue is 6.39e-27. This might indicate that there are
strong multicollinearity problems or that the design matrix is singular.