                            OLS Regression Results                            
==============================================================================
Dep. Variable:              sd_pooled   R-squared:                       0.560
Model:                            OLS   Adj. R-squared:                  0.553
Method:                 Least Squares   F-statistic:                     78.49
Date:                Tue, 31 Mar 2026   Prob (F-statistic):               0.00
Time:                        13:39:41   Log-Likelihood:                 524.28
No. Observations:                4012   AIC:                            -918.6
Df Residuals:                    3947   BIC:                            -509.3
Df Model:                          64                                         
Covariance Type:            nonrobust                                         
============================================================================================
                               coef    std err          t      P>|t|      [0.025      0.975]
--------------------------------------------------------------------------------------------
const                        3.3793      0.048     69.687      0.000       3.284       3.474
FLead                        0.0484      0.008      6.011      0.000       0.033       0.064
mean_pooled                 -0.2344      0.004    -53.155      0.000      -0.243      -0.226
kim_violence_gore            0.0114      0.003      4.475      0.000       0.006       0.016
kim_sex_nudity               0.0104      0.002      5.147      0.000       0.006       0.014
kim_language                -0.0123      0.002     -6.732      0.000      -0.016      -0.009
major                       -0.0389      0.008     -4.833      0.000      -0.055      -0.023
log_bom_opening_theaters     0.0056      0.002      3.136      0.002       0.002       0.009
genres_count                -0.0085      0.007     -1.253      0.210      -0.022       0.005
yr_1993                     -0.0037      0.035     -0.107      0.915      -0.071       0.064
yr_1994                     -0.0041      0.035     -0.116      0.908      -0.073       0.065
yr_1995                      0.0414      0.035      1.191      0.234      -0.027       0.110
yr_1996                      0.0046      0.034      0.136      0.892      -0.062       0.071
yr_1997                      0.0086      0.035      0.248      0.804      -0.059       0.077
yr_1998                      0.0555      0.034      1.656      0.098      -0.010       0.121
yr_1999                      0.0565      0.033      1.732      0.083      -0.007       0.121
yr_2000                     -0.0105      0.034     -0.312      0.755      -0.076       0.055
yr_2001                      0.0545      0.033      1.647      0.100      -0.010       0.119
yr_2002                      0.0140      0.033      0.430      0.667      -0.050       0.078
yr_2003                      0.0010      0.033      0.031      0.975      -0.063       0.065
yr_2004                      0.0605      0.033      1.861      0.063      -0.003       0.124
yr_2005                      0.0485      0.032      1.503      0.133      -0.015       0.112
yr_2006                      0.0982      0.032      3.065      0.002       0.035       0.161
yr_2007                      0.1103      0.032      3.458      0.001       0.048       0.173
yr_2008                      0.0525      0.032      1.633      0.103      -0.011       0.115
yr_2009                      0.0307      0.033      0.943      0.346      -0.033       0.095
yr_2010                      0.0255      0.032      0.785      0.433      -0.038       0.089
yr_2011                      0.0284      0.032      0.890      0.373      -0.034       0.091
yr_2012                      0.0125      0.032      0.395      0.693      -0.050       0.075
yr_2013                      0.0042      0.032      0.132      0.895      -0.058       0.067
yr_2014                      0.0351      0.032      1.087      0.277      -0.028       0.098
yr_2015                     -0.0348      0.032     -1.086      0.278      -0.098       0.028
yr_2016                     -0.0386      0.032     -1.196      0.232      -0.102       0.025
yr_2017                      0.0182      0.033      0.557      0.578      -0.046       0.082
yr_2018                      0.0102      0.033      0.313      0.754      -0.054       0.074
mo_2                         0.0103      0.019      0.527      0.598      -0.028       0.048
mo_3                        -0.0022      0.019     -0.118      0.906      -0.039       0.034
mo_4                         0.0033      0.019      0.177      0.860      -0.033       0.040
mo_5                        -0.0097      0.020     -0.489      0.625      -0.048       0.029
mo_6                        -0.0221      0.019     -1.134      0.257      -0.060       0.016
mo_7                        -0.0212      0.019     -1.119      0.263      -0.058       0.016
mo_8                        -0.0229      0.018     -1.252      0.210      -0.059       0.013
mo_9                        -0.0266      0.019     -1.432      0.152      -0.063       0.010
mo_10                       -0.0045      0.018     -0.246      0.805      -0.040       0.031
mo_11                       -0.0207      0.019     -1.099      0.272      -0.057       0.016
mo_12                       -0.0226      0.018     -1.245      0.213      -0.058       0.013
genre_Action                -0.0552      0.011     -5.196      0.000      -0.076      -0.034
genre_Adventure             -0.0048      0.011     -0.423      0.672      -0.027       0.017
genre_Animation             -0.0240      0.018     -1.336      0.182      -0.059       0.011
genre_Biography             -0.0938      0.014     -6.577      0.000      -0.122      -0.066
genre_Comedy                -0.0073      0.009     -0.769      0.442      -0.026       0.011
genre_Crime                 -0.0933      0.010     -9.133      0.000      -0.113      -0.073
genre_Drama                  0.0117      0.010      1.225      0.221      -0.007       0.030
genre_Family                 0.0744      0.015      5.101      0.000       0.046       0.103
genre_Fantasy                0.0066      0.013      0.520      0.603      -0.018       0.031
genre_History                0.0240      0.020      1.176      0.240      -0.016       0.064
genre_Horror                -0.0352      0.015     -2.408      0.016      -0.064      -0.007
genre_Music                  0.1097      0.019      5.728      0.000       0.072       0.147
genre_Musical                0.3195      0.043      7.382      0.000       0.235       0.404
genre_Mystery               -0.0594      0.013     -4.712      0.000      -0.084      -0.035
genre_News                1.356e-17   1.04e-17      1.308      0.191   -6.76e-18    3.39e-17
genre_Romance               -0.0178      0.010     -1.722      0.085      -0.038       0.002
genre_Sci_Fi                -0.0129      0.014     -0.948      0.343      -0.040       0.014
genre_Short              -4.293e-18   9.82e-19     -4.372      0.000   -6.22e-18   -2.37e-18
genre_Sport                 -0.0392      0.021     -1.886      0.059      -0.080       0.002
genre_Thriller              -0.0770      0.011     -7.234      0.000      -0.098      -0.056
genre_War                    0.0091      0.029      0.310      0.757      -0.048       0.066
genre_Western               -0.0435      0.052     -0.844      0.399      -0.145       0.058
==============================================================================
Omnibus:                     1664.220   Durbin-Watson:                   2.002
Prob(Omnibus):                  0.000   Jarque-Bera (JB):            13720.124
Skew:                           1.765   Prob(JB):                         0.00
Kurtosis:                      11.344   Cond. No.                     1.02e+16
==============================================================================

Notes:
[1] Standard Errors assume that the covariance matrix of the errors is correctly specified.
[2] The smallest eigenvalue is 6.38e-27. This might indicate that there are
strong multicollinearity problems or that the design matrix is singular.