                            OLS Regression Results                            
==============================================================================
Dep. Variable:              sd_pooled   R-squared:                       0.562
Model:                            OLS   Adj. R-squared:                  0.554
Method:                 Least Squares   F-statistic:                     79.00
Date:                Tue, 31 Mar 2026   Prob (F-statistic):               0.00
Time:                        11:10:18   Log-Likelihood:                 531.59
No. Observations:                4012   AIC:                            -933.2
Df Residuals:                    3947   BIC:                            -523.9
Df Model:                          64                                         
Covariance Type:            nonrobust                                         
============================================================================================
                               coef    std err          t      P>|t|      [0.025      0.975]
--------------------------------------------------------------------------------------------
const                        3.3807      0.048     69.811      0.000       3.286       3.476
FLead                        0.0470      0.008      5.852      0.000       0.031       0.063
mean_pooled                 -0.2336      0.004    -52.992      0.000      -0.242      -0.225
kim_violence_gore            0.0124      0.003      4.870      0.000       0.007       0.017
kim_sex_nudity               0.0108      0.002      5.329      0.000       0.007       0.015
kim_language                -0.0147      0.002     -7.857      0.000      -0.018      -0.011
major                       -0.0394      0.008     -4.905      0.000      -0.055      -0.024
log_bom_opening_theaters     0.0055      0.002      3.096      0.002       0.002       0.009
genres_count                -0.0100      0.007     -1.470      0.142      -0.023       0.003
yr_1993                     -0.0065      0.034     -0.188      0.851      -0.074       0.061
yr_1994                     -0.0032      0.035     -0.090      0.928      -0.072       0.066
yr_1995                      0.0435      0.035      1.254      0.210      -0.025       0.112
yr_1996                      0.0078      0.034      0.229      0.819      -0.059       0.075
yr_1997                      0.0124      0.035      0.357      0.721      -0.056       0.080
yr_1998                      0.0589      0.033      1.759      0.079      -0.007       0.124
yr_1999                      0.0599      0.033      1.838      0.066      -0.004       0.124
yr_2000                     -0.0085      0.034     -0.254      0.800      -0.074       0.057
yr_2001                      0.0564      0.033      1.707      0.088      -0.008       0.121
yr_2002                      0.0159      0.032      0.489      0.625      -0.048       0.080
yr_2003                      0.0002      0.033      0.005      0.996      -0.064       0.064
yr_2004                      0.0616      0.032      1.897      0.058      -0.002       0.125
yr_2005                      0.0486      0.032      1.510      0.131      -0.015       0.112
yr_2006                      0.0971      0.032      3.034      0.002       0.034       0.160
yr_2007                      0.1108      0.032      3.479      0.001       0.048       0.173
yr_2008                      0.0526      0.032      1.640      0.101      -0.010       0.115
yr_2009                      0.0320      0.032      0.984      0.325      -0.032       0.096
yr_2010                      0.0275      0.032      0.850      0.395      -0.036       0.091
yr_2011                      0.0300      0.032      0.943      0.346      -0.032       0.092
yr_2012                      0.0157      0.032      0.496      0.620      -0.046       0.078
yr_2013                      0.0075      0.032      0.235      0.814      -0.055       0.070
yr_2014                      0.0399      0.032      1.237      0.216      -0.023       0.103
yr_2015                     -0.0309      0.032     -0.965      0.335      -0.094       0.032
yr_2016                     -0.0356      0.032     -1.103      0.270      -0.099       0.028
yr_2017                      0.0206      0.033      0.632      0.527      -0.043       0.084
yr_2018                      0.0153      0.033      0.468      0.640      -0.049       0.079
mo_2                         0.0083      0.019      0.426      0.670      -0.030       0.046
mo_3                        -0.0035      0.019     -0.190      0.849      -0.040       0.033
mo_4                         0.0010      0.019      0.053      0.957      -0.036       0.038
mo_5                        -0.0117      0.020     -0.592      0.554      -0.050       0.027
mo_6                        -0.0249      0.019     -1.280      0.201      -0.063       0.013
mo_7                        -0.0227      0.019     -1.202      0.230      -0.060       0.014
mo_8                        -0.0249      0.018     -1.366      0.172      -0.061       0.011
mo_9                        -0.0270      0.019     -1.454      0.146      -0.063       0.009
mo_10                       -0.0065      0.018     -0.357      0.721      -0.042       0.029
mo_11                       -0.0236      0.019     -1.258      0.209      -0.060       0.013
mo_12                       -0.0257      0.018     -1.420      0.156      -0.061       0.010
genre_Action                -0.0552      0.011     -5.198      0.000      -0.076      -0.034
genre_Adventure             -0.0060      0.011     -0.537      0.591      -0.028       0.016
genre_Animation             -0.0281      0.018     -1.564      0.118      -0.063       0.007
genre_Biography             -0.0916      0.014     -6.439      0.000      -0.120      -0.064
genre_Comedy                -0.0023      0.010     -0.243      0.808      -0.021       0.016
genre_Crime                 -0.0888      0.010     -8.670      0.000      -0.109      -0.069
genre_Drama                  0.0138      0.010      1.453      0.146      -0.005       0.032
genre_Family                 0.0708      0.015      4.860      0.000       0.042       0.099
genre_Fantasy                0.0044      0.013      0.345      0.730      -0.020       0.029
genre_History                0.0188      0.020      0.923      0.356      -0.021       0.059
genre_Horror                -0.0347      0.015     -2.377      0.018      -0.063      -0.006
genre_Music                  0.1128      0.019      5.898      0.000       0.075       0.150
genre_Musical                0.3191      0.043      7.387      0.000       0.234       0.404
genre_Mystery               -0.0579      0.013     -4.603      0.000      -0.083      -0.033
genre_News                5.023e-18   5.68e-18      0.885      0.376   -6.11e-18    1.62e-17
genre_Romance               -0.0176      0.010     -1.707      0.088      -0.038       0.003
genre_Sci_Fi                -0.0131      0.014     -0.964      0.335      -0.040       0.014
genre_Short              -7.418e-19   7.02e-19     -1.056      0.291   -2.12e-18    6.35e-19
genre_Sport                 -0.0375      0.021     -1.811      0.070      -0.078       0.003
genre_Thriller              -0.0741      0.011     -6.957      0.000      -0.095      -0.053
genre_War                    0.0097      0.029      0.333      0.739      -0.047       0.067
genre_Western               -0.0524      0.051     -1.017      0.309      -0.153       0.049
==============================================================================
Omnibus:                     1646.950   Durbin-Watson:                   2.006
Prob(Omnibus):                  0.000   Jarque-Bera (JB):            13304.228
Skew:                           1.749   Prob(JB):                         0.00
Kurtosis:                      11.206   Cond. No.                     1.02e+16
==============================================================================

Notes:
[1] Standard Errors assume that the covariance matrix of the errors is correctly specified.
[2] The smallest eigenvalue is 6.38e-27. This might indicate that there are
strong multicollinearity problems or that the design matrix is singular.