                            OLS Regression Results                            
==============================================================================
Dep. Variable:              sd_pooled   R-squared:                       0.562
Model:                            OLS   Adj. R-squared:                  0.555
Method:                 Least Squares   F-statistic:                     79.10
Date:                Sun, 29 Mar 2026   Prob (F-statistic):               0.00
Time:                        10:17:17   Log-Likelihood:                 533.05
No. Observations:                4012   AIC:                            -936.1
Df Residuals:                    3947   BIC:                            -526.8
Df Model:                          64                                         
Covariance Type:            nonrobust                                         
============================================================================================
                               coef    std err          t      P>|t|      [0.025      0.975]
--------------------------------------------------------------------------------------------
const                        3.3793      0.048     69.821      0.000       3.284       3.474
FLead                        0.0469      0.008      5.830      0.000       0.031       0.063
mean_pooled                 -0.2335      0.004    -52.970      0.000      -0.242      -0.225
kim_violence_gore            0.0122      0.003      4.793      0.000       0.007       0.017
kim_sex_nudity               0.0113      0.002      5.593      0.000       0.007       0.015
kim_language                -0.0149      0.002     -7.950      0.000      -0.019      -0.011
major                       -0.0394      0.008     -4.903      0.000      -0.055      -0.024
log_bom_opening_theaters     0.0055      0.002      3.127      0.002       0.002       0.009
genres_count                -0.0096      0.007     -1.420      0.156      -0.023       0.004
yr_1993                     -0.0068      0.034     -0.197      0.843      -0.074       0.061
yr_1994                     -0.0035      0.035     -0.100      0.921      -0.072       0.065
yr_1995                      0.0435      0.035      1.255      0.209      -0.024       0.112
yr_1996                      0.0086      0.034      0.254      0.800      -0.058       0.075
yr_1997                      0.0127      0.035      0.367      0.714      -0.055       0.081
yr_1998                      0.0591      0.033      1.765      0.078      -0.007       0.125
yr_1999                      0.0603      0.033      1.851      0.064      -0.004       0.124
yr_2000                     -0.0087      0.034     -0.258      0.796      -0.074       0.057
yr_2001                      0.0558      0.033      1.692      0.091      -0.009       0.121
yr_2002                      0.0161      0.032      0.497      0.619      -0.047       0.080
yr_2003                     -0.0003      0.033     -0.010      0.992      -0.064       0.064
yr_2004                      0.0615      0.032      1.897      0.058      -0.002       0.125
yr_2005                      0.0477      0.032      1.481      0.139      -0.015       0.111
yr_2006                      0.0970      0.032      3.036      0.002       0.034       0.160
yr_2007                      0.1105      0.032      3.471      0.001       0.048       0.173
yr_2008                      0.0521      0.032      1.625      0.104      -0.011       0.115
yr_2009                      0.0315      0.032      0.970      0.332      -0.032       0.095
yr_2010                      0.0265      0.032      0.820      0.412      -0.037       0.090
yr_2011                      0.0300      0.032      0.943      0.346      -0.032       0.092
yr_2012                      0.0147      0.032      0.464      0.642      -0.047       0.077
yr_2013                      0.0073      0.032      0.230      0.818      -0.055       0.070
yr_2014                      0.0394      0.032      1.223      0.221      -0.024       0.103
yr_2015                     -0.0313      0.032     -0.979      0.328      -0.094       0.031
yr_2016                     -0.0356      0.032     -1.105      0.269      -0.099       0.028
yr_2017                      0.0209      0.033      0.643      0.520      -0.043       0.085
yr_2018                      0.0151      0.033      0.461      0.644      -0.049       0.079
mo_2                         0.0080      0.019      0.411      0.681      -0.030       0.046
mo_3                        -0.0040      0.019     -0.214      0.830      -0.040       0.032
mo_4                         0.0005      0.019      0.025      0.980      -0.036       0.037
mo_5                        -0.0124      0.020     -0.627      0.531      -0.051       0.026
mo_6                        -0.0252      0.019     -1.293      0.196      -0.063       0.013
mo_7                        -0.0231      0.019     -1.222      0.222      -0.060       0.014
mo_8                        -0.0250      0.018     -1.374      0.170      -0.061       0.011
mo_9                        -0.0276      0.019     -1.489      0.137      -0.064       0.009
mo_10                       -0.0069      0.018     -0.379      0.705      -0.043       0.029
mo_11                       -0.0241      0.019     -1.283      0.200      -0.061       0.013
mo_12                       -0.0263      0.018     -1.450      0.147      -0.062       0.009
genre_Action                -0.0557      0.011     -5.249      0.000      -0.076      -0.035
genre_Adventure             -0.0059      0.011     -0.527      0.598      -0.028       0.016
genre_Animation             -0.0280      0.018     -1.561      0.119      -0.063       0.007
genre_Biography             -0.0923      0.014     -6.486      0.000      -0.120      -0.064
genre_Comedy                -0.0029      0.010     -0.302      0.762      -0.022       0.016
genre_Crime                 -0.0889      0.010     -8.683      0.000      -0.109      -0.069
genre_Drama                  0.0138      0.010      1.446      0.148      -0.005       0.032
genre_Family                 0.0709      0.015      4.870      0.000       0.042       0.099
genre_Fantasy                0.0042      0.013      0.329      0.742      -0.021       0.029
genre_History                0.0180      0.020      0.881      0.378      -0.022       0.058
genre_Horror                -0.0342      0.015     -2.343      0.019      -0.063      -0.006
genre_Music                  0.1118      0.019      5.848      0.000       0.074       0.149
genre_Musical                0.3187      0.043      7.379      0.000       0.234       0.403
genre_Mystery               -0.0584      0.013     -4.647      0.000      -0.083      -0.034
genre_News                3.666e-19   9.09e-18      0.040      0.968   -1.75e-17    1.82e-17
genre_Romance               -0.0184      0.010     -1.784      0.074      -0.039       0.002
genre_Sci_Fi                -0.0127      0.014     -0.934      0.351      -0.039       0.014
genre_Short               7.528e-20   3.33e-18      0.023      0.982   -6.45e-18     6.6e-18
genre_Sport                 -0.0376      0.021     -1.814      0.070      -0.078       0.003
genre_Thriller              -0.0745      0.011     -6.995      0.000      -0.095      -0.054
genre_War                    0.0102      0.029      0.351      0.726      -0.047       0.067
genre_Western               -0.0476      0.051     -0.925      0.355      -0.149       0.053
==============================================================================
Omnibus:                     1647.090   Durbin-Watson:                   2.005
Prob(Omnibus):                  0.000   Jarque-Bera (JB):            13335.664
Skew:                           1.749   Prob(JB):                         0.00
Kurtosis:                      11.218   Cond. No.                     1.02e+16
==============================================================================

Notes:
[1] Standard Errors assume that the covariance matrix of the errors is correctly specified.
[2] The smallest eigenvalue is 6.39e-27. This might indicate that there are
strong multicollinearity problems or that the design matrix is singular.