                            OLS Regression Results                            
==============================================================================
Dep. Variable:              sd_pooled   R-squared:                       0.561
Model:                            OLS   Adj. R-squared:                  0.554
Method:                 Least Squares   F-statistic:                     78.93
Date:                Sun, 29 Mar 2026   Prob (F-statistic):               0.00
Time:                        15:14:07   Log-Likelihood:                 530.64
No. Observations:                4012   AIC:                            -931.3
Df Residuals:                    3947   BIC:                            -522.0
Df Model:                          64                                         
Covariance Type:            nonrobust                                         
============================================================================================
                               coef    std err          t      P>|t|      [0.025      0.975]
--------------------------------------------------------------------------------------------
const                        3.3818      0.048     69.810      0.000       3.287       3.477
FLead                        0.0480      0.008      5.976      0.000       0.032       0.064
mean_pooled                 -0.2345      0.004    -53.362      0.000      -0.243      -0.226
kim_violence_gore            0.0133      0.003      5.297      0.000       0.008       0.018
kim_sex_nudity               0.0100      0.002      5.149      0.000       0.006       0.014
kim_language                -0.0146      0.002     -7.795      0.000      -0.018      -0.011
major                       -0.0393      0.008     -4.885      0.000      -0.055      -0.024
log_bom_opening_theaters     0.0055      0.002      3.097      0.002       0.002       0.009
genres_count                -0.0108      0.007     -1.592      0.112      -0.024       0.002
yr_1993                     -0.0040      0.034     -0.115      0.909      -0.072       0.064
yr_1994                     -0.0022      0.035     -0.063      0.950      -0.071       0.067
yr_1995                      0.0437      0.035      1.259      0.208      -0.024       0.112
yr_1996                      0.0108      0.034      0.317      0.751      -0.056       0.078
yr_1997                      0.0123      0.035      0.355      0.722      -0.056       0.080
yr_1998                      0.0615      0.033      1.836      0.066      -0.004       0.127
yr_1999                      0.0642      0.033      1.969      0.049       0.000       0.128
yr_2000                     -0.0036      0.034     -0.106      0.915      -0.069       0.062
yr_2001                      0.0599      0.033      1.815      0.070      -0.005       0.125
yr_2002                      0.0197      0.032      0.609      0.543      -0.044       0.083
yr_2003                      0.0053      0.033      0.163      0.871      -0.059       0.069
yr_2004                      0.0665      0.032      2.050      0.040       0.003       0.130
yr_2005                      0.0529      0.032      1.643      0.100      -0.010       0.116
yr_2006                      0.1020      0.032      3.193      0.001       0.039       0.165
yr_2007                      0.1177      0.032      3.701      0.000       0.055       0.180
yr_2008                      0.0578      0.032      1.803      0.072      -0.005       0.121
yr_2009                      0.0385      0.032      1.186      0.236      -0.025       0.102
yr_2010                      0.0324      0.032      1.003      0.316      -0.031       0.096
yr_2011                      0.0343      0.032      1.078      0.281      -0.028       0.097
yr_2012                      0.0192      0.032      0.608      0.543      -0.043       0.081
yr_2013                      0.0121      0.032      0.379      0.704      -0.050       0.075
yr_2014                      0.0437      0.032      1.355      0.175      -0.020       0.107
yr_2015                     -0.0269      0.032     -0.840      0.401      -0.090       0.036
yr_2016                     -0.0329      0.032     -1.019      0.308      -0.096       0.030
yr_2017                      0.0242      0.033      0.743      0.458      -0.040       0.088
yr_2018                      0.0175      0.033      0.535      0.592      -0.047       0.082
mo_2                         0.0081      0.019      0.418      0.676      -0.030       0.046
mo_3                        -0.0052      0.019     -0.278      0.781      -0.041       0.031
mo_4                         0.0011      0.019      0.060      0.952      -0.036       0.038
mo_5                        -0.0129      0.020     -0.651      0.515      -0.052       0.026
mo_6                        -0.0245      0.019     -1.259      0.208      -0.063       0.014
mo_7                        -0.0228      0.019     -1.203      0.229      -0.060       0.014
mo_8                        -0.0260      0.018     -1.424      0.154      -0.062       0.010
mo_9                        -0.0272      0.019     -1.463      0.144      -0.064       0.009
mo_10                       -0.0073      0.018     -0.397      0.691      -0.043       0.029
mo_11                       -0.0223      0.019     -1.187      0.235      -0.059       0.015
mo_12                       -0.0265      0.018     -1.459      0.145      -0.062       0.009
genre_Action                -0.0567      0.011     -5.353      0.000      -0.078      -0.036
genre_Adventure             -0.0068      0.011     -0.608      0.543      -0.029       0.015
genre_Animation             -0.0281      0.018     -1.563      0.118      -0.063       0.007
genre_Biography             -0.0910      0.014     -6.395      0.000      -0.119      -0.063
genre_Comedy                -0.0005      0.009     -0.050      0.960      -0.019       0.018
genre_Crime                 -0.0894      0.010     -8.720      0.000      -0.110      -0.069
genre_Drama                  0.0149      0.010      1.567      0.117      -0.004       0.034
genre_Family                 0.0689      0.015      4.739      0.000       0.040       0.097
genre_Fantasy                0.0051      0.013      0.403      0.687      -0.020       0.030
genre_History                0.0173      0.020      0.848      0.396      -0.023       0.057
genre_Horror                -0.0383      0.015     -2.630      0.009      -0.067      -0.010
genre_Music                  0.1139      0.019      5.958      0.000       0.076       0.151
genre_Musical                0.3233      0.043      7.487      0.000       0.239       0.408
genre_Mystery               -0.0582      0.013     -4.625      0.000      -0.083      -0.034
genre_News                2.547e-18   3.64e-18      0.699      0.485    -4.6e-18    9.69e-18
genre_Romance               -0.0143      0.010     -1.406      0.160      -0.034       0.006
genre_Sci_Fi                -0.0123      0.014     -0.908      0.364      -0.039       0.014
genre_Short               4.396e-19   4.59e-18      0.096      0.924   -8.55e-18    9.43e-18
genre_Sport                 -0.0385      0.021     -1.856      0.064      -0.079       0.002
genre_Thriller              -0.0743      0.011     -6.978      0.000      -0.095      -0.053
genre_War                    0.0089      0.029      0.305      0.761      -0.048       0.066
genre_Western               -0.0546      0.051     -1.061      0.289      -0.156       0.046
==============================================================================
Omnibus:                     1652.588   Durbin-Watson:                   2.007
Prob(Omnibus):                  0.000   Jarque-Bera (JB):            13355.876
Skew:                           1.757   Prob(JB):                         0.00
Kurtosis:                      11.219   Cond. No.                     1.02e+16
==============================================================================

Notes:
[1] Standard Errors assume that the covariance matrix of the errors is correctly specified.
[2] The smallest eigenvalue is 6.39e-27. This might indicate that there are
strong multicollinearity problems or that the design matrix is singular.