                            OLS Regression Results                            
==============================================================================
Dep. Variable:              sd_pooled   R-squared:                       0.558
Model:                            OLS   Adj. R-squared:                  0.551
Method:                 Least Squares   F-statistic:                     78.00
Date:                Tue, 31 Mar 2026   Prob (F-statistic):               0.00
Time:                        22:57:13   Log-Likelihood:                 517.27
No. Observations:                4012   AIC:                            -904.5
Df Residuals:                    3947   BIC:                            -495.2
Df Model:                          64                                         
Covariance Type:            nonrobust                                         
============================================================================================
                               coef    std err          t      P>|t|      [0.025      0.975]
--------------------------------------------------------------------------------------------
const                        3.4193      0.048     70.538      0.000       3.324       3.514
FLead                        0.0501      0.008      6.215      0.000       0.034       0.066
mean_pooled                 -0.2364      0.004    -53.722      0.000      -0.245      -0.228
kim_violence_gore            0.0153      0.003      6.121      0.000       0.010       0.020
kim_sex_nudity              -0.0008      0.002     -0.348      0.728      -0.005       0.004
kim_language                -0.0109      0.002     -6.015      0.000      -0.014      -0.007
major                       -0.0399      0.008     -4.946      0.000      -0.056      -0.024
log_bom_opening_theaters     0.0047      0.002      2.651      0.008       0.001       0.008
genres_count                -0.0153      0.007     -2.257      0.024      -0.029      -0.002
yr_1993                     -0.0092      0.035     -0.267      0.790      -0.077       0.059
yr_1994                     -0.0032      0.035     -0.091      0.928      -0.072       0.066
yr_1995                      0.0403      0.035      1.156      0.248      -0.028       0.109
yr_1996                      0.0023      0.034      0.066      0.947      -0.065       0.069
yr_1997                      0.0038      0.035      0.109      0.913      -0.064       0.072
yr_1998                      0.0564      0.034      1.678      0.093      -0.009       0.122
yr_1999                      0.0642      0.033      1.963      0.050    6.44e-05       0.128
yr_2000                     -0.0019      0.034     -0.057      0.955      -0.068       0.064
yr_2001                      0.0643      0.033      1.942      0.052      -0.001       0.129
yr_2002                      0.0218      0.033      0.668      0.504      -0.042       0.086
yr_2003                      0.0096      0.033      0.291      0.771      -0.055       0.074
yr_2004                      0.0743      0.033      2.282      0.023       0.010       0.138
yr_2005                      0.0574      0.032      1.779      0.075      -0.006       0.121
yr_2006                      0.1091      0.032      3.405      0.001       0.046       0.172
yr_2007                      0.1215      0.032      3.803      0.000       0.059       0.184
yr_2008                      0.0623      0.032      1.936      0.053      -0.001       0.125
yr_2009                      0.0464      0.033      1.428      0.153      -0.017       0.110
yr_2010                      0.0377      0.032      1.162      0.245      -0.026       0.101
yr_2011                      0.0402      0.032      1.260      0.208      -0.022       0.103
yr_2012                      0.0225      0.032      0.707      0.480      -0.040       0.085
yr_2013                      0.0149      0.032      0.465      0.642      -0.048       0.078
yr_2014                      0.0439      0.032      1.357      0.175      -0.020       0.107
yr_2015                     -0.0251      0.032     -0.781      0.435      -0.088       0.038
yr_2016                     -0.0334      0.032     -1.033      0.302      -0.097       0.030
yr_2017                      0.0262      0.033      0.803      0.422      -0.038       0.090
yr_2018                      0.0159      0.033      0.483      0.629      -0.048       0.080
mo_2                         0.0106      0.020      0.542      0.588      -0.028       0.049
mo_3                        -0.0027      0.019     -0.143      0.886      -0.039       0.034
mo_4                         0.0024      0.019      0.130      0.897      -0.034       0.039
mo_5                        -0.0090      0.020     -0.454      0.650      -0.048       0.030
mo_6                        -0.0228      0.020     -1.167      0.243      -0.061       0.016
mo_7                        -0.0208      0.019     -1.096      0.273      -0.058       0.016
mo_8                        -0.0235      0.018     -1.283      0.199      -0.059       0.012
mo_9                        -0.0253      0.019     -1.357      0.175      -0.062       0.011
mo_10                       -0.0060      0.018     -0.327      0.744      -0.042       0.030
mo_11                       -0.0195      0.019     -1.035      0.301      -0.056       0.017
mo_12                       -0.0252      0.018     -1.382      0.167      -0.061       0.011
genre_Action                -0.0620      0.011     -5.849      0.000      -0.083      -0.041
genre_Adventure             -0.0070      0.011     -0.620      0.536      -0.029       0.015
genre_Animation             -0.0329      0.018     -1.818      0.069      -0.068       0.003
genre_Biography             -0.0893      0.014     -6.254      0.000      -0.117      -0.061
genre_Comedy                 0.0041      0.010      0.436      0.663      -0.015       0.023
genre_Crime                 -0.0877      0.010     -8.516      0.000      -0.108      -0.067
genre_Drama                  0.0155      0.010      1.628      0.104      -0.003       0.034
genre_Family                 0.0619      0.015      4.227      0.000       0.033       0.091
genre_Fantasy                0.0071      0.013      0.558      0.577      -0.018       0.032
genre_History                0.0188      0.020      0.919      0.358      -0.021       0.059
genre_Horror                -0.0434      0.015     -2.976      0.003      -0.072      -0.015
genre_Music                  0.1181      0.019      6.157      0.000       0.081       0.156
genre_Musical                0.3291      0.043      7.587      0.000       0.244       0.414
genre_Mystery               -0.0565      0.013     -4.476      0.000      -0.081      -0.032
genre_News                6.553e-18   3.65e-18      1.796      0.073   -5.99e-19    1.37e-17
genre_Romance               -0.0045      0.010     -0.445      0.656      -0.025       0.015
genre_Sci_Fi                -0.0129      0.014     -0.948      0.343      -0.040       0.014
genre_Short              -1.014e-17   4.59e-18     -2.208      0.027   -1.91e-17   -1.14e-18
genre_Sport                 -0.0384      0.021     -1.846      0.065      -0.079       0.002
genre_Thriller              -0.0760      0.011     -7.111      0.000      -0.097      -0.055
genre_War                   -0.0015      0.029     -0.050      0.960      -0.059       0.056
genre_Western               -0.0578      0.052     -1.120      0.263      -0.159       0.043
==============================================================================
Omnibus:                     1634.111   Durbin-Watson:                   2.006
Prob(Omnibus):                  0.000   Jarque-Bera (JB):            12881.500
Skew:                           1.741   Prob(JB):                         0.00
Kurtosis:                      11.058   Cond. No.                     1.02e+16
==============================================================================

Notes:
[1] Standard Errors assume that the covariance matrix of the errors is correctly specified.
[2] The smallest eigenvalue is 6.16e-27. This might indicate that there are
strong multicollinearity problems or that the design matrix is singular.