                            OLS Regression Results                            
==============================================================================
Dep. Variable:              sd_pooled   R-squared:                       0.562
Model:                            OLS   Adj. R-squared:                  0.555
Method:                 Least Squares   F-statistic:                     79.11
Date:                Tue, 31 Mar 2026   Prob (F-statistic):               0.00
Time:                        18:52:54   Log-Likelihood:                 533.13
No. Observations:                4012   AIC:                            -936.3
Df Residuals:                    3947   BIC:                            -526.9
Df Model:                          64                                         
Covariance Type:            nonrobust                                         
============================================================================================
                               coef    std err          t      P>|t|      [0.025      0.975]
--------------------------------------------------------------------------------------------
const                        3.3813      0.048     69.897      0.000       3.287       3.476
FLead                        0.0466      0.008      5.800      0.000       0.031       0.062
mean_pooled                 -0.2336      0.004    -52.997      0.000      -0.242      -0.225
kim_violence_gore            0.0121      0.003      4.759      0.000       0.007       0.017
kim_sex_nudity               0.0114      0.002      5.637      0.000       0.007       0.015
kim_language                -0.0149      0.002     -7.974      0.000      -0.019      -0.011
major                       -0.0392      0.008     -4.877      0.000      -0.055      -0.023
log_bom_opening_theaters     0.0053      0.002      3.023      0.003       0.002       0.009
genres_count                -0.0095      0.007     -1.397      0.162      -0.023       0.004
yr_1993                     -0.0057      0.034     -0.166      0.868      -0.073       0.062
yr_1994                     -0.0024      0.035     -0.069      0.945      -0.071       0.067
yr_1995                      0.0444      0.035      1.279      0.201      -0.024       0.112
yr_1996                      0.0095      0.034      0.279      0.781      -0.057       0.076
yr_1997                      0.0136      0.035      0.393      0.695      -0.054       0.082
yr_1998                      0.0595      0.033      1.779      0.075      -0.006       0.125
yr_1999                      0.0605      0.033      1.858      0.063      -0.003       0.124
yr_2000                     -0.0082      0.034     -0.244      0.807      -0.074       0.058
yr_2001                      0.0568      0.033      1.721      0.085      -0.008       0.122
yr_2002                      0.0168      0.032      0.517      0.605      -0.047       0.080
yr_2003                      0.0006      0.033      0.017      0.986      -0.063       0.065
yr_2004                      0.0614      0.032      1.894      0.058      -0.002       0.125
yr_2005                      0.0482      0.032      1.499      0.134      -0.015       0.111
yr_2006                      0.0973      0.032      3.042      0.002       0.035       0.160
yr_2007                      0.1109      0.032      3.482      0.001       0.048       0.173
yr_2008                      0.0531      0.032      1.656      0.098      -0.010       0.116
yr_2009                      0.0327      0.032      1.008      0.313      -0.031       0.096
yr_2010                      0.0275      0.032      0.848      0.397      -0.036       0.091
yr_2011                      0.0299      0.032      0.939      0.348      -0.032       0.092
yr_2012                      0.0150      0.032      0.474      0.635      -0.047       0.077
yr_2013                      0.0078      0.032      0.243      0.808      -0.055       0.070
yr_2014                      0.0399      0.032      1.239      0.216      -0.023       0.103
yr_2015                     -0.0310      0.032     -0.970      0.332      -0.094       0.032
yr_2016                     -0.0345      0.032     -1.070      0.284      -0.098       0.029
yr_2017                      0.0218      0.033      0.670      0.503      -0.042       0.086
yr_2018                      0.0158      0.033      0.484      0.628      -0.048       0.080
mo_2                         0.0080      0.019      0.413      0.680      -0.030       0.046
mo_3                        -0.0043      0.019     -0.232      0.816      -0.041       0.032
mo_4                         0.0007      0.019      0.039      0.969      -0.036       0.037
mo_5                        -0.0127      0.020     -0.643      0.520      -0.051       0.026
mo_6                        -0.0255      0.019     -1.313      0.189      -0.064       0.013
mo_7                        -0.0235      0.019     -1.243      0.214      -0.061       0.014
mo_8                        -0.0251      0.018     -1.378      0.168      -0.061       0.011
mo_9                        -0.0277      0.019     -1.493      0.135      -0.064       0.009
mo_10                       -0.0071      0.018     -0.388      0.698      -0.043       0.029
mo_11                       -0.0245      0.019     -1.305      0.192      -0.061       0.012
mo_12                       -0.0269      0.018     -1.488      0.137      -0.062       0.009
genre_Action                -0.0553      0.011     -5.216      0.000      -0.076      -0.035
genre_Adventure             -0.0057      0.011     -0.504      0.614      -0.028       0.016
genre_Animation             -0.0285      0.018     -1.589      0.112      -0.064       0.007
genre_Biography             -0.0923      0.014     -6.485      0.000      -0.120      -0.064
genre_Comedy                -0.0033      0.010     -0.342      0.732      -0.022       0.015
genre_Crime                 -0.0891      0.010     -8.697      0.000      -0.109      -0.069
genre_Drama                  0.0131      0.009      1.378      0.168      -0.006       0.032
genre_Family                 0.0713      0.015      4.896      0.000       0.043       0.100
genre_Fantasy                0.0041      0.013      0.325      0.745      -0.021       0.029
genre_History                0.0180      0.020      0.881      0.378      -0.022       0.058
genre_Horror                -0.0336      0.015     -2.305      0.021      -0.062      -0.005
genre_Music                  0.1115      0.019      5.834      0.000       0.074       0.149
genre_Musical                0.3187      0.043      7.381      0.000       0.234       0.403
genre_Mystery               -0.0588      0.013     -4.673      0.000      -0.083      -0.034
genre_News                 1.47e-18   4.38e-18      0.336      0.737   -7.12e-18    1.01e-17
genre_Romance               -0.0183      0.010     -1.778      0.075      -0.039       0.002
genre_Sci_Fi                -0.0129      0.014     -0.948      0.343      -0.039       0.014
genre_Short               7.932e-18   1.19e-17      0.666      0.506   -1.54e-17    3.13e-17
genre_Sport                 -0.0375      0.021     -1.811      0.070      -0.078       0.003
genre_Thriller              -0.0739      0.011     -6.942      0.000      -0.095      -0.053
genre_War                    0.0104      0.029      0.358      0.720      -0.047       0.068
genre_Western               -0.0475      0.051     -0.922      0.357      -0.148       0.053
==============================================================================
Omnibus:                     1651.390   Durbin-Watson:                   2.005
Prob(Omnibus):                  0.000   Jarque-Bera (JB):            13422.601
Skew:                           1.753   Prob(JB):                         0.00
Kurtosis:                      11.246   Cond. No.                     1.02e+16
==============================================================================

Notes:
[1] Standard Errors assume that the covariance matrix of the errors is correctly specified.
[2] The smallest eigenvalue is 6.39e-27. This might indicate that there are
strong multicollinearity problems or that the design matrix is singular.