                            OLS Regression Results                            
==============================================================================
Dep. Variable:              sd_pooled   R-squared:                       0.566
Model:                            OLS   Adj. R-squared:                  0.556
Method:                 Least Squares   F-statistic:                     55.92
Date:                Tue, 31 Mar 2026   Prob (F-statistic):               0.00
Time:                        15:03:54   Log-Likelihood:                 367.86
No. Observations:                2809   AIC:                            -605.7
Df Residuals:                    2744   BIC:                            -219.6
Df Model:                          64                                         
Covariance Type:            nonrobust                                         
============================================================================================
                               coef    std err          t      P>|t|      [0.025      0.975]
--------------------------------------------------------------------------------------------
const                        3.4091      0.058     58.576      0.000       3.295       3.523
FLead                        0.0512      0.010      5.296      0.000       0.032       0.070
mean_pooled                 -0.2378      0.005    -44.705      0.000      -0.248      -0.227
kim_violence_gore            0.0132      0.003      4.300      0.000       0.007       0.019
kim_sex_nudity               0.0115      0.002      4.612      0.000       0.007       0.016
kim_language                -0.0148      0.002     -6.537      0.000      -0.019      -0.010
major                       -0.0380      0.010     -3.957      0.000      -0.057      -0.019
log_bom_opening_theaters     0.0061      0.002      2.866      0.004       0.002       0.010
genres_count                -0.0147      0.008     -1.783      0.075      -0.031       0.001
yr_1993                      0.0012      0.041      0.030      0.976      -0.080       0.082
yr_1994                     -0.0104      0.043     -0.244      0.807      -0.094       0.073
yr_1995                      0.0382      0.042      0.915      0.360      -0.044       0.120
yr_1996                      0.0087      0.041      0.215      0.830      -0.071       0.088
yr_1997                      0.0121      0.041      0.296      0.767      -0.068       0.092
yr_1998                      0.0473      0.040      1.193      0.233      -0.030       0.125
yr_1999                      0.0504      0.039      1.304      0.192      -0.025       0.126
yr_2000                     -0.0080      0.039     -0.204      0.839      -0.085       0.069
yr_2001                      0.0565      0.039      1.457      0.145      -0.020       0.132
yr_2002                      0.0186      0.038      0.488      0.626      -0.056       0.093
yr_2003                      0.0018      0.038      0.048      0.962      -0.073       0.076
yr_2004                      0.0449      0.038      1.179      0.239      -0.030       0.120
yr_2005                      0.0476      0.038      1.240      0.215      -0.028       0.123
yr_2006                      0.0836      0.038      2.204      0.028       0.009       0.158
yr_2007                      0.1372      0.038      3.649      0.000       0.063       0.211
yr_2008                      0.0429      0.039      1.113      0.266      -0.033       0.118
yr_2009                      0.0541      0.038      1.417      0.157      -0.021       0.129
yr_2010                      0.0280      0.038      0.736      0.462      -0.046       0.102
yr_2011                      0.0007      0.037      0.019      0.984      -0.073       0.074
yr_2012                      0.0259      0.038      0.684      0.494      -0.048       0.100
yr_2013                      0.0180      0.037      0.484      0.629      -0.055       0.091
yr_2014                      0.0620      0.038      1.644      0.100      -0.012       0.136
yr_2015                     -0.0237      0.037     -0.634      0.526      -0.097       0.050
yr_2016                     -0.0493      0.038     -1.304      0.192      -0.124       0.025
yr_2017                      0.0490      0.039      1.273      0.203      -0.026       0.125
yr_2018                      0.0264      0.039      0.685      0.493      -0.049       0.102
mo_2                         0.0073      0.023      0.315      0.753      -0.038       0.053
mo_3                        -0.0184      0.022     -0.822      0.411      -0.062       0.025
mo_4                         0.0173      0.022      0.778      0.437      -0.026       0.061
mo_5                        -0.0112      0.023     -0.481      0.630      -0.057       0.034
mo_6                        -0.0316      0.023     -1.353      0.176      -0.077       0.014
mo_7                        -0.0161      0.022     -0.719      0.472      -0.060       0.028
mo_8                        -0.0261      0.022     -1.193      0.233      -0.069       0.017
mo_9                        -0.0300      0.022     -1.373      0.170      -0.073       0.013
mo_10                       -0.0105      0.022     -0.484      0.628      -0.053       0.032
mo_11                       -0.0287      0.022     -1.296      0.195      -0.072       0.015
mo_12                       -0.0134      0.022     -0.625      0.532      -0.056       0.029
genre_Action                -0.0503      0.013     -3.959      0.000      -0.075      -0.025
genre_Adventure             -0.0032      0.014     -0.236      0.813      -0.030       0.023
genre_Animation             -0.0245      0.021     -1.151      0.250      -0.066       0.017
genre_Biography             -0.0937      0.017     -5.413      0.000      -0.128      -0.060
genre_Comedy                -0.0041      0.011     -0.359      0.720      -0.026       0.018
genre_Crime                 -0.0891      0.012     -7.275      0.000      -0.113      -0.065
genre_Drama                  0.0157      0.011      1.379      0.168      -0.007       0.038
genre_Family                 0.0757      0.017      4.346      0.000       0.042       0.110
genre_Fantasy               -0.0088      0.015     -0.576      0.564      -0.039       0.021
genre_History                0.0245      0.024      1.023      0.306      -0.022       0.072
genre_Horror                -0.0368      0.017     -2.124      0.034      -0.071      -0.003
genre_Music                  0.1249      0.023      5.331      0.000       0.079       0.171
genre_Musical                0.3459      0.056      6.207      0.000       0.237       0.455
genre_Mystery               -0.0632      0.015     -4.214      0.000      -0.093      -0.034
genre_News                -7.95e-18   4.96e-18     -1.601      0.109   -1.77e-17    1.78e-18
genre_Romance               -0.0208      0.012     -1.700      0.089      -0.045       0.003
genre_Sci_Fi                -0.0179      0.016     -1.091      0.275      -0.050       0.014
genre_Short               3.721e-19   3.04e-18      0.123      0.902   -5.58e-18    6.32e-18
genre_Sport                 -0.0240      0.025     -0.964      0.335      -0.073       0.025
genre_Thriller              -0.0692      0.013     -5.450      0.000      -0.094      -0.044
genre_War                   -0.0207      0.036     -0.580      0.562      -0.091       0.049
genre_Western               -0.0750      0.060     -1.251      0.211      -0.193       0.043
==============================================================================
Omnibus:                     1168.931   Durbin-Watson:                   1.995
Prob(Omnibus):                  0.000   Jarque-Bera (JB):             9955.705
Skew:                           1.749   Prob(JB):                         0.00
Kurtosis:                      11.534   Cond. No.                     1.02e+16
==============================================================================

Notes:
[1] Standard Errors assume that the covariance matrix of the errors is correctly specified.
[2] The smallest eigenvalue is 4.48e-27. This might indicate that there are
strong multicollinearity problems or that the design matrix is singular.