                            OLS Regression Results                            
==============================================================================
Dep. Variable:              sd_pooled   R-squared:                       0.559
Model:                            OLS   Adj. R-squared:                  0.551
Method:                 Least Squares   F-statistic:                     70.13
Date:                Tue, 31 Mar 2026   Prob (F-statistic):               0.00
Time:                        19:09:02   Log-Likelihood:                 430.43
No. Observations:                3611   AIC:                            -730.9
Df Residuals:                    3546   BIC:                            -328.4
Df Model:                          64                                         
Covariance Type:            nonrobust                                         
============================================================================================
                               coef    std err          t      P>|t|      [0.025      0.975]
--------------------------------------------------------------------------------------------
const                        3.3830      0.051     65.943      0.000       3.282       3.484
FLead                        0.0487      0.009      5.695      0.000       0.032       0.066
mean_pooled                 -0.2339      0.005    -49.422      0.000      -0.243      -0.225
kim_violence_gore            0.0121      0.003      4.493      0.000       0.007       0.017
kim_sex_nudity               0.0113      0.002      5.234      0.000       0.007       0.016
kim_language                -0.0157      0.002     -7.899      0.000      -0.020      -0.012
major                       -0.0422      0.009     -4.917      0.000      -0.059      -0.025
log_bom_opening_theaters     0.0064      0.002      3.393      0.001       0.003       0.010
genres_count                -0.0102      0.007     -1.433      0.152      -0.024       0.004
yr_1993                      0.0046      0.036      0.128      0.898      -0.066       0.076
yr_1994                     -0.0046      0.037     -0.125      0.901      -0.077       0.068
yr_1995                      0.0557      0.036      1.535      0.125      -0.015       0.127
yr_1996                      0.0124      0.035      0.351      0.725      -0.057       0.082
yr_1997                      0.0179      0.036      0.490      0.624      -0.054       0.089
yr_1998                      0.0701      0.035      2.001      0.045       0.001       0.139
yr_1999                      0.0606      0.034      1.773      0.076      -0.006       0.128
yr_2000                     -0.0056      0.036     -0.158      0.875      -0.076       0.064
yr_2001                      0.0664      0.035      1.920      0.055      -0.001       0.134
yr_2002                      0.0195      0.034      0.570      0.569      -0.048       0.087
yr_2003                      0.0027      0.034      0.077      0.938      -0.065       0.070
yr_2004                      0.0741      0.034      2.177      0.030       0.007       0.141
yr_2005                      0.0526      0.034      1.553      0.121      -0.014       0.119
yr_2006                      0.1019      0.034      3.038      0.002       0.036       0.168
yr_2007                      0.1036      0.034      3.091      0.002       0.038       0.169
yr_2008                      0.0524      0.033      1.566      0.118      -0.013       0.118
yr_2009                      0.0427      0.034      1.250      0.211      -0.024       0.110
yr_2010                      0.0311      0.034      0.912      0.362      -0.036       0.098
yr_2011                      0.0370      0.033      1.106      0.269      -0.029       0.103
yr_2012                      0.0212      0.033      0.638      0.523      -0.044       0.086
yr_2013                      0.0164      0.034      0.488      0.626      -0.050       0.082
yr_2014                      0.0471      0.034      1.377      0.169      -0.020       0.114
yr_2015                     -0.0206      0.033     -0.616      0.538      -0.086       0.045
yr_2016                     -0.0369      0.034     -1.087      0.277      -0.103       0.030
yr_2017                      0.0288      0.034      0.842      0.400      -0.038       0.096
yr_2018                      0.0184      0.034      0.533      0.594      -0.049       0.086
mo_2                         0.0019      0.021      0.092      0.927      -0.039       0.043
mo_3                        -0.0092      0.020     -0.465      0.642      -0.048       0.030
mo_4                        -0.0067      0.020     -0.332      0.740      -0.046       0.033
mo_5                        -0.0108      0.021     -0.512      0.609      -0.052       0.031
mo_6                        -0.0292      0.021     -1.392      0.164      -0.070       0.012
mo_7                        -0.0326      0.020     -1.605      0.109      -0.072       0.007
mo_8                        -0.0305      0.019     -1.564      0.118      -0.069       0.008
mo_9                        -0.0308      0.020     -1.555      0.120      -0.070       0.008
mo_10                       -0.0131      0.020     -0.672      0.502      -0.051       0.025
mo_11                       -0.0317      0.020     -1.578      0.115      -0.071       0.008
mo_12                       -0.0318      0.019     -1.644      0.100      -0.070       0.006
genre_Action                -0.0572      0.011     -5.049      0.000      -0.079      -0.035
genre_Adventure             -0.0047      0.012     -0.386      0.699      -0.028       0.019
genre_Animation             -0.0375      0.020     -1.908      0.057      -0.076       0.001
genre_Biography             -0.0883      0.015     -5.804      0.000      -0.118      -0.058
genre_Comedy                -0.0027      0.010     -0.265      0.791      -0.023       0.017
genre_Crime                 -0.0856      0.011     -7.823      0.000      -0.107      -0.064
genre_Drama                  0.0168      0.010      1.662      0.097      -0.003       0.037
genre_Family                 0.0726      0.016      4.644      0.000       0.042       0.103
genre_Fantasy                0.0085      0.014      0.620      0.535      -0.018       0.035
genre_History                0.0130      0.022      0.600      0.549      -0.030       0.056
genre_Horror                -0.0372      0.016     -2.372      0.018      -0.068      -0.006
genre_Music                  0.1154      0.021      5.599      0.000       0.075       0.156
genre_Musical                0.3161      0.044      7.201      0.000       0.230       0.402
genre_Mystery               -0.0524      0.014     -3.851      0.000      -0.079      -0.026
genre_News                2.665e-18   8.23e-18      0.324      0.746   -1.35e-17    1.88e-17
genre_Romance               -0.0175      0.011     -1.586      0.113      -0.039       0.004
genre_Sci_Fi                -0.0146      0.015     -0.989      0.323      -0.043       0.014
genre_Short               -4.73e-19   1.83e-18     -0.258      0.796   -4.06e-18    3.11e-18
genre_Sport                 -0.0521      0.022     -2.339      0.019      -0.096      -0.008
genre_Thriller              -0.0762      0.011     -6.709      0.000      -0.099      -0.054
genre_War                    0.0227      0.032      0.700      0.484      -0.041       0.086
genre_Western               -0.0493      0.054     -0.914      0.361      -0.155       0.056
==============================================================================
Omnibus:                     1500.759   Durbin-Watson:                   2.003
Prob(Omnibus):                  0.000   Jarque-Bera (JB):            12252.332
Skew:                           1.769   Prob(JB):                         0.00
Kurtosis:                      11.301   Cond. No.                     1.02e+16
==============================================================================

Notes:
[1] Standard Errors assume that the covariance matrix of the errors is correctly specified.
[2] The smallest eigenvalue is 5.76e-27. This might indicate that there are
strong multicollinearity problems or that the design matrix is singular.