                            OLS Regression Results                            
==============================================================================
Dep. Variable:              sd_pooled   R-squared:                       0.563
Model:                            OLS   Adj. R-squared:                  0.554
Method:                 Least Squares   F-statistic:                     63.19
Date:                Tue, 31 Mar 2026   Prob (F-statistic):               0.00
Time:                        22:18:22   Log-Likelihood:                 439.83
No. Observations:                3210   AIC:                            -749.7
Df Residuals:                    3145   BIC:                            -354.8
Df Model:                          64                                         
Covariance Type:            nonrobust                                         
============================================================================================
                               coef    std err          t      P>|t|      [0.025      0.975]
--------------------------------------------------------------------------------------------
const                        3.3927      0.053     63.859      0.000       3.289       3.497
FLead                        0.0544      0.009      6.036      0.000       0.037       0.072
mean_pooled                 -0.2315      0.005    -47.358      0.000      -0.241      -0.222
kim_violence_gore            0.0109      0.003      3.777      0.000       0.005       0.017
kim_sex_nudity               0.0081      0.003      3.160      0.002       0.003       0.013
kim_language                -0.0160      0.002     -7.464      0.000      -0.020      -0.012
major                       -0.0393      0.009     -4.399      0.000      -0.057      -0.022
log_bom_opening_theaters     0.0039      0.002      1.916      0.055   -9.16e-05       0.008
genres_count                -0.0056      0.008     -0.731      0.465      -0.021       0.009
yr_1993                      0.0020      0.036      0.055      0.956      -0.070       0.074
yr_1994                     -0.0128      0.037     -0.345      0.730      -0.086       0.060
yr_1995                      0.0408      0.036      1.126      0.260      -0.030       0.112
yr_1996                      0.0054      0.036      0.151      0.880      -0.065       0.076
yr_1997                     -0.0023      0.037     -0.064      0.949      -0.074       0.069
yr_1998                      0.0502      0.035      1.429      0.153      -0.019       0.119
yr_1999                      0.0557      0.035      1.601      0.109      -0.013       0.124
yr_2000                     -0.0089      0.036     -0.247      0.805      -0.079       0.062
yr_2001                      0.0431      0.036      1.211      0.226      -0.027       0.113
yr_2002                     -0.0041      0.034     -0.119      0.906      -0.072       0.063
yr_2003                      0.0026      0.035      0.074      0.941      -0.066       0.071
yr_2004                      0.0497      0.035      1.422      0.155      -0.019       0.118
yr_2005                      0.0224      0.035      0.646      0.519      -0.046       0.091
yr_2006                      0.0907      0.035      2.614      0.009       0.023       0.159
yr_2007                      0.1153      0.034      3.353      0.001       0.048       0.183
yr_2008                      0.0478      0.034      1.388      0.165      -0.020       0.115
yr_2009                      0.0247      0.036      0.695      0.487      -0.045       0.094
yr_2010                      0.0215      0.035      0.606      0.545      -0.048       0.091
yr_2011                      0.0216      0.034      0.631      0.528      -0.046       0.089
yr_2012                      0.0209      0.035      0.606      0.544      -0.047       0.089
yr_2013                     -0.0031      0.034     -0.090      0.928      -0.070       0.064
yr_2014                      0.0373      0.035      1.077      0.282      -0.031       0.105
yr_2015                     -0.0412      0.034     -1.198      0.231      -0.109       0.026
yr_2016                     -0.0451      0.034     -1.314      0.189      -0.112       0.022
yr_2017                      0.0264      0.035      0.760      0.447      -0.042       0.095
yr_2018                      0.0023      0.035      0.067      0.947      -0.066       0.070
mo_2                         0.0071      0.022      0.330      0.741      -0.035       0.049
mo_3                         0.0070      0.020      0.343      0.732      -0.033       0.047
mo_4                        -0.0038      0.021     -0.184      0.854      -0.044       0.037
mo_5                        -0.0106      0.022     -0.494      0.622      -0.053       0.032
mo_6                        -0.0172      0.021     -0.801      0.423      -0.059       0.025
mo_7                        -0.0198      0.021     -0.957      0.339      -0.060       0.021
mo_8                        -0.0178      0.020     -0.882      0.378      -0.057       0.022
mo_9                        -0.0337      0.021     -1.621      0.105      -0.075       0.007
mo_10                       -0.0157      0.020     -0.778      0.437      -0.055       0.024
mo_11                       -0.0193      0.021     -0.930      0.352      -0.060       0.021
mo_12                       -0.0302      0.020     -1.523      0.128      -0.069       0.009
genre_Action                -0.0642      0.012     -5.525      0.000      -0.087      -0.041
genre_Adventure              0.0002      0.012      0.017      0.987      -0.023       0.024
genre_Animation             -0.0425      0.019     -2.231      0.026      -0.080      -0.005
genre_Biography             -0.0902      0.016     -5.588      0.000      -0.122      -0.059
genre_Comedy                -0.0099      0.011     -0.930      0.352      -0.031       0.011
genre_Crime                 -0.0770      0.012     -6.629      0.000      -0.100      -0.054
genre_Drama                  0.0135      0.011      1.278      0.201      -0.007       0.034
genre_Family                 0.0639      0.015      4.218      0.000       0.034       0.094
genre_Fantasy                0.0009      0.014      0.065      0.948      -0.026       0.028
genre_History                0.0205      0.022      0.928      0.354      -0.023       0.064
genre_Horror                -0.0382      0.016     -2.328      0.020      -0.070      -0.006
genre_Music                  0.1189      0.022      5.410      0.000       0.076       0.162
genre_Musical                0.3300      0.048      6.938      0.000       0.237       0.423
genre_Mystery               -0.0591      0.014     -4.171      0.000      -0.087      -0.031
genre_News               -2.189e-17   5.94e-18     -3.687      0.000   -3.35e-17   -1.02e-17
genre_Romance               -0.0120      0.012     -1.012      0.311      -0.035       0.011
genre_Sci_Fi                -0.0113      0.015     -0.775      0.438      -0.040       0.017
genre_Short               2.639e-18   5.61e-18      0.470      0.638   -8.36e-18    1.36e-17
genre_Sport                 -0.0361      0.023     -1.570      0.117      -0.081       0.009
genre_Thriller              -0.0742      0.012     -6.246      0.000      -0.097      -0.051
genre_War                    0.0122      0.031      0.388      0.698      -0.049       0.074
genre_Western               -0.0511      0.055     -0.929      0.353      -0.159       0.057
==============================================================================
Omnibus:                     1421.886   Durbin-Watson:                   1.967
Prob(Omnibus):                  0.000   Jarque-Bera (JB):            13413.537
Skew:                           1.859   Prob(JB):                         0.00
Kurtosis:                      12.299   Cond. No.                     1.02e+16
==============================================================================

Notes:
[1] Standard Errors assume that the covariance matrix of the errors is correctly specified.
[2] The smallest eigenvalue is 4.87e-27. This might indicate that there are
strong multicollinearity problems or that the design matrix is singular.