                            OLS Regression Results                            
==============================================================================
Dep. Variable:              sd_pooled   R-squared:                       0.560
Model:                            OLS   Adj. R-squared:                  0.553
Method:                 Least Squares   F-statistic:                     78.41
Date:                Tue, 31 Mar 2026   Prob (F-statistic):               0.00
Time:                        16:51:46   Log-Likelihood:                 523.17
No. Observations:                4012   AIC:                            -916.3
Df Residuals:                    3947   BIC:                            -507.0
Df Model:                          64                                         
Covariance Type:            nonrobust                                         
============================================================================================
                               coef    std err          t      P>|t|      [0.025      0.975]
--------------------------------------------------------------------------------------------
const                        3.3898      0.048     69.950      0.000       3.295       3.485
FLead                        0.0445      0.008      5.528      0.000       0.029       0.060
mean_pooled                 -0.2321      0.004    -52.683      0.000      -0.241      -0.223
kim_violence_gore            0.0030      0.002      1.541      0.123      -0.001       0.007
kim_sex_nudity               0.0132      0.002      6.630      0.000       0.009       0.017
kim_language                -0.0137      0.002     -7.227      0.000      -0.017      -0.010
major                       -0.0406      0.008     -5.035      0.000      -0.056      -0.025
log_bom_opening_theaters     0.0060      0.002      3.400      0.001       0.003       0.010
genres_count                -0.0059      0.007     -0.870      0.384      -0.019       0.007
yr_1993                      0.0010      0.034      0.028      0.978      -0.067       0.069
yr_1994                      0.0021      0.035      0.060      0.952      -0.067       0.071
yr_1995                      0.0504      0.035      1.450      0.147      -0.018       0.118
yr_1996                      0.0148      0.034      0.433      0.665      -0.052       0.082
yr_1997                      0.0206      0.035      0.595      0.552      -0.047       0.089
yr_1998                      0.0631      0.034      1.883      0.060      -0.003       0.129
yr_1999                      0.0688      0.033      2.108      0.035       0.005       0.133
yr_2000                     -0.0034      0.034     -0.102      0.918      -0.069       0.062
yr_2001                      0.0675      0.033      2.045      0.041       0.003       0.132
yr_2002                      0.0236      0.032      0.728      0.467      -0.040       0.087
yr_2003                      0.0071      0.033      0.218      0.827      -0.057       0.071
yr_2004                      0.0706      0.032      2.176      0.030       0.007       0.134
yr_2005                      0.0580      0.032      1.803      0.071      -0.005       0.121
yr_2006                      0.1091      0.032      3.418      0.001       0.047       0.172
yr_2007                      0.1219      0.032      3.833      0.000       0.060       0.184
yr_2008                      0.0629      0.032      1.962      0.050    3.37e-05       0.126
yr_2009                      0.0422      0.032      1.301      0.193      -0.021       0.106
yr_2010                      0.0382      0.032      1.180      0.238      -0.025       0.102
yr_2011                      0.0394      0.032      1.240      0.215      -0.023       0.102
yr_2012                      0.0246      0.032      0.777      0.437      -0.037       0.087
yr_2013                      0.0170      0.032      0.535      0.593      -0.045       0.079
yr_2014                      0.0457      0.032      1.416      0.157      -0.018       0.109
yr_2015                     -0.0270      0.032     -0.842      0.400      -0.090       0.036
yr_2016                     -0.0280      0.032     -0.867      0.386      -0.091       0.035
yr_2017                      0.0262      0.033      0.805      0.421      -0.038       0.090
yr_2018                      0.0216      0.033      0.662      0.508      -0.042       0.086
mo_2                         0.0073      0.020      0.373      0.709      -0.031       0.046
mo_3                        -0.0044      0.019     -0.236      0.813      -0.041       0.032
mo_4                         0.0013      0.019      0.068      0.946      -0.036       0.038
mo_5                        -0.0132      0.020     -0.667      0.505      -0.052       0.026
mo_6                        -0.0262      0.020     -1.344      0.179      -0.064       0.012
mo_7                        -0.0248      0.019     -1.307      0.191      -0.062       0.012
mo_8                        -0.0266      0.018     -1.456      0.145      -0.062       0.009
mo_9                        -0.0286      0.019     -1.537      0.124      -0.065       0.008
mo_10                       -0.0061      0.018     -0.336      0.737      -0.042       0.030
mo_11                       -0.0244      0.019     -1.299      0.194      -0.061       0.012
mo_12                       -0.0255      0.018     -1.402      0.161      -0.061       0.010
genre_Action                -0.0461      0.010     -4.414      0.000      -0.067      -0.026
genre_Adventure             -0.0047      0.011     -0.416      0.678      -0.027       0.017
genre_Animation             -0.0355      0.018     -1.980      0.048      -0.071      -0.000
genre_Biography             -0.0962      0.014     -6.760      0.000      -0.124      -0.068
genre_Comedy                -0.0177      0.009     -1.970      0.049      -0.035   -8.14e-05
genre_Crime                 -0.0836      0.010     -8.199      0.000      -0.104      -0.064
genre_Drama                  0.0086      0.009      0.905      0.366      -0.010       0.027
genre_Family                 0.0645      0.015      4.437      0.000       0.036       0.093
genre_Fantasy                0.0061      0.013      0.484      0.629      -0.019       0.031
genre_History                0.0242      0.020      1.185      0.236      -0.016       0.064
genre_Horror                -0.0124      0.014     -0.900      0.368      -0.040       0.015
genre_Music                  0.0998      0.019      5.253      0.000       0.063       0.137
genre_Musical                0.3098      0.043      7.161      0.000       0.225       0.395
genre_Mystery               -0.0594      0.013     -4.711      0.000      -0.084      -0.035
genre_News                1.148e-18    8.9e-18      0.129      0.897   -1.63e-17    1.86e-17
genre_Romance               -0.0306      0.010     -3.064      0.002      -0.050      -0.011
genre_Sci_Fi                -0.0114      0.014     -0.838      0.402      -0.038       0.015
genre_Short                -5.8e-18   4.72e-18     -1.228      0.220   -1.51e-17    3.46e-18
genre_Sport                 -0.0427      0.021     -2.060      0.039      -0.083      -0.002
genre_Thriller              -0.0727      0.011     -6.812      0.000      -0.094      -0.052
genre_War                    0.0278      0.029      0.961      0.337      -0.029       0.085
genre_Western               -0.0336      0.052     -0.652      0.515      -0.135       0.067
==============================================================================
Omnibus:                     1662.244   Durbin-Watson:                   2.004
Prob(Omnibus):                  0.000   Jarque-Bera (JB):            13693.858
Skew:                           1.763   Prob(JB):                         0.00
Kurtosis:                      11.336   Cond. No.                     1.02e+16
==============================================================================

Notes:
[1] Standard Errors assume that the covariance matrix of the errors is correctly specified.
[2] The smallest eigenvalue is 6.38e-27. This might indicate that there are
strong multicollinearity problems or that the design matrix is singular.