                            OLS Regression Results                            
==============================================================================
Dep. Variable:              sd_pooled   R-squared:                       0.560
Model:                            OLS   Adj. R-squared:                  0.552
Method:                 Least Squares   F-statistic:                     78.35
Date:                Sun, 29 Mar 2026   Prob (F-statistic):               0.00
Time:                        16:05:03   Log-Likelihood:                 522.25
No. Observations:                4012   AIC:                            -914.5
Df Residuals:                    3947   BIC:                            -505.2
Df Model:                          64                                         
Covariance Type:            nonrobust                                         
============================================================================================
                               coef    std err          t      P>|t|      [0.025      0.975]
--------------------------------------------------------------------------------------------
const                        3.3961      0.049     70.000      0.000       3.301       3.491
FLead                        0.0490      0.008      6.090      0.000       0.033       0.065
mean_pooled                 -0.2352      0.004    -53.414      0.000      -0.244      -0.227
kim_violence_gore            0.0143      0.003      5.703      0.000       0.009       0.019
kim_sex_nudity               0.0072      0.002      3.152      0.002       0.003       0.012
kim_language                -0.0126      0.002     -6.951      0.000      -0.016      -0.009
major                       -0.0394      0.008     -4.892      0.000      -0.055      -0.024
log_bom_opening_theaters     0.0050      0.002      2.830      0.005       0.002       0.008
genres_count                -0.0131      0.007     -1.946      0.052      -0.026       0.000
yr_1993                     -0.0073      0.035     -0.212      0.832      -0.075       0.060
yr_1994                     -0.0021      0.035     -0.059      0.953      -0.071       0.067
yr_1995                      0.0396      0.035      1.139      0.255      -0.029       0.108
yr_1996                      0.0031      0.034      0.091      0.928      -0.064       0.070
yr_1997                      0.0062      0.035      0.179      0.858      -0.062       0.074
yr_1998                      0.0565      0.034      1.686      0.092      -0.009       0.122
yr_1999                      0.0602      0.033      1.841      0.066      -0.004       0.124
yr_2000                     -0.0071      0.034     -0.210      0.834      -0.073       0.059
yr_2001                      0.0598      0.033      1.806      0.071      -0.005       0.125
yr_2002                      0.0174      0.033      0.535      0.593      -0.046       0.081
yr_2003                      0.0038      0.033      0.115      0.908      -0.060       0.068
yr_2004                      0.0680      0.033      2.091      0.037       0.004       0.132
yr_2005                      0.0519      0.032      1.609      0.108      -0.011       0.115
yr_2006                      0.1050      0.032      3.281      0.001       0.042       0.168
yr_2007                      0.1154      0.032      3.616      0.000       0.053       0.178
yr_2008                      0.0571      0.032      1.775      0.076      -0.006       0.120
yr_2009                      0.0415      0.032      1.276      0.202      -0.022       0.105
yr_2010                      0.0338      0.032      1.042      0.298      -0.030       0.097
yr_2011                      0.0348      0.032      1.092      0.275      -0.028       0.097
yr_2012                      0.0189      0.032      0.595      0.552      -0.043       0.081
yr_2013                      0.0098      0.032      0.308      0.758      -0.053       0.072
yr_2014                      0.0409      0.032      1.267      0.205      -0.022       0.104
yr_2015                     -0.0298      0.032     -0.929      0.353      -0.093       0.033
yr_2016                     -0.0354      0.032     -1.094      0.274      -0.099       0.028
yr_2017                      0.0220      0.033      0.676      0.499      -0.042       0.086
yr_2018                      0.0153      0.033      0.466      0.641      -0.049       0.079
mo_2                         0.0092      0.020      0.470      0.638      -0.029       0.047
mo_3                        -0.0035      0.019     -0.188      0.851      -0.040       0.033
mo_4                         0.0017      0.019      0.092      0.927      -0.035       0.038
mo_5                        -0.0103      0.020     -0.523      0.601      -0.049       0.028
mo_6                        -0.0225      0.020     -1.151      0.250      -0.061       0.016
mo_7                        -0.0215      0.019     -1.132      0.258      -0.059       0.016
mo_8                        -0.0230      0.018     -1.257      0.209      -0.059       0.013
mo_9                        -0.0255      0.019     -1.371      0.170      -0.062       0.011
mo_10                       -0.0060      0.018     -0.330      0.742      -0.042       0.030
mo_11                       -0.0213      0.019     -1.134      0.257      -0.058       0.016
mo_12                       -0.0262      0.018     -1.442      0.149      -0.062       0.009
genre_Action                -0.0598      0.011     -5.648      0.000      -0.081      -0.039
genre_Adventure             -0.0059      0.011     -0.526      0.599      -0.028       0.016
genre_Animation             -0.0293      0.018     -1.624      0.105      -0.065       0.006
genre_Biography             -0.0897      0.014     -6.293      0.000      -0.118      -0.062
genre_Comedy                 0.0013      0.010      0.137      0.891      -0.017       0.020
genre_Crime                 -0.0886      0.010     -8.621      0.000      -0.109      -0.068
genre_Drama                  0.0156      0.010      1.632      0.103      -0.003       0.034
genre_Family                 0.0668      0.015      4.579      0.000       0.038       0.095
genre_Fantasy                0.0064      0.013      0.504      0.615      -0.018       0.031
genre_History                0.0197      0.020      0.963      0.336      -0.020       0.060
genre_Horror                -0.0414      0.015     -2.841      0.005      -0.070      -0.013
genre_Music                  0.1160      0.019      6.057      0.000       0.078       0.154
genre_Musical                0.3225      0.043      7.447      0.000       0.238       0.407
genre_Mystery               -0.0568      0.013     -4.507      0.000      -0.082      -0.032
genre_News                5.097e-18   4.48e-18      1.138      0.255   -3.68e-18    1.39e-17
genre_Romance               -0.0097      0.010     -0.959      0.338      -0.030       0.010
genre_Sci_Fi                -0.0130      0.014     -0.954      0.340      -0.040       0.014
genre_Short              -1.367e-17   6.12e-18     -2.233      0.026   -2.57e-17   -1.67e-18
genre_Sport                 -0.0390      0.021     -1.877      0.061      -0.080       0.002
genre_Thriller              -0.0748      0.011     -7.008      0.000      -0.096      -0.054
genre_War                    0.0026      0.029      0.088      0.930      -0.055       0.060
genre_Western               -0.0559      0.052     -1.084      0.278      -0.157       0.045
==============================================================================
Omnibus:                     1633.848   Durbin-Watson:                   2.005
Prob(Omnibus):                  0.000   Jarque-Bera (JB):            12879.105
Skew:                           1.741   Prob(JB):                         0.00
Kurtosis:                      11.057   Cond. No.                     1.02e+16
==============================================================================

Notes:
[1] Standard Errors assume that the covariance matrix of the errors is correctly specified.
[2] The smallest eigenvalue is 6.17e-27. This might indicate that there are
strong multicollinearity problems or that the design matrix is singular.