                            OLS Regression Results                            
==============================================================================
Dep. Variable:              sd_pooled   R-squared:                       0.559
Model:                            OLS   Adj. R-squared:                  0.552
Method:                 Least Squares   F-statistic:                     78.26
Date:                Tue, 31 Mar 2026   Prob (F-statistic):               0.00
Time:                        22:53:21   Log-Likelihood:                 520.97
No. Observations:                4012   AIC:                            -911.9
Df Residuals:                    3947   BIC:                            -502.6
Df Model:                          64                                         
Covariance Type:            nonrobust                                         
============================================================================================
                               coef    std err          t      P>|t|      [0.025      0.975]
--------------------------------------------------------------------------------------------
const                        3.3975      0.049     69.897      0.000       3.302       3.493
FLead                        0.0483      0.008      5.990      0.000       0.032       0.064
mean_pooled                 -0.2352      0.004    -53.316      0.000      -0.244      -0.227
kim_violence_gore            0.0146      0.003      5.839      0.000       0.010       0.020
kim_sex_nudity               0.0062      0.002      2.723      0.007       0.002       0.011
kim_language                -0.0124      0.002     -6.821      0.000      -0.016      -0.009
major                       -0.0395      0.008     -4.893      0.000      -0.055      -0.024
log_bom_opening_theaters     0.0049      0.002      2.776      0.006       0.001       0.008
genres_count                -0.0133      0.007     -1.968      0.049      -0.027   -5.14e-05
yr_1993                     -0.0091      0.035     -0.265      0.791      -0.077       0.059
yr_1994                     -0.0037      0.035     -0.106      0.915      -0.073       0.065
yr_1995                      0.0391      0.035      1.125      0.261      -0.029       0.107
yr_1996                      0.0034      0.034      0.100      0.921      -0.063       0.070
yr_1997                      0.0054      0.035      0.155      0.877      -0.063       0.074
yr_1998                      0.0561      0.034      1.673      0.094      -0.010       0.122
yr_1999                      0.0601      0.033      1.837      0.066      -0.004       0.124
yr_2000                     -0.0071      0.034     -0.210      0.833      -0.073       0.059
yr_2001                      0.0595      0.033      1.798      0.072      -0.005       0.124
yr_2002                      0.0167      0.033      0.512      0.609      -0.047       0.081
yr_2003                      0.0033      0.033      0.101      0.920      -0.061       0.068
yr_2004                      0.0675      0.033      2.073      0.038       0.004       0.131
yr_2005                      0.0515      0.032      1.596      0.111      -0.012       0.115
yr_2006                      0.1040      0.032      3.244      0.001       0.041       0.167
yr_2007                      0.1163      0.032      3.642      0.000       0.054       0.179
yr_2008                      0.0577      0.032      1.793      0.073      -0.005       0.121
yr_2009                      0.0402      0.033      1.235      0.217      -0.024       0.104
yr_2010                      0.0329      0.032      1.013      0.311      -0.031       0.096
yr_2011                      0.0347      0.032      1.088      0.277      -0.028       0.097
yr_2012                      0.0173      0.032      0.543      0.587      -0.045       0.080
yr_2013                      0.0094      0.032      0.294      0.769      -0.053       0.072
yr_2014                      0.0398      0.032      1.232      0.218      -0.024       0.103
yr_2015                     -0.0291      0.032     -0.906      0.365      -0.092       0.034
yr_2016                     -0.0355      0.032     -1.099      0.272      -0.099       0.028
yr_2017                      0.0211      0.033      0.647      0.517      -0.043       0.085
yr_2018                      0.0138      0.033      0.422      0.673      -0.050       0.078
mo_2                         0.0104      0.020      0.536      0.592      -0.028       0.049
mo_3                        -0.0024      0.019     -0.127      0.899      -0.039       0.034
mo_4                         0.0021      0.019      0.109      0.913      -0.035       0.039
mo_5                        -0.0101      0.020     -0.510      0.610      -0.049       0.029
mo_6                        -0.0236      0.020     -1.211      0.226      -0.062       0.015
mo_7                        -0.0206      0.019     -1.087      0.277      -0.058       0.017
mo_8                        -0.0229      0.018     -1.254      0.210      -0.059       0.013
mo_9                        -0.0255      0.019     -1.371      0.170      -0.062       0.011
mo_10                       -0.0062      0.018     -0.341      0.733      -0.042       0.030
mo_11                       -0.0196      0.019     -1.045      0.296      -0.057       0.017
mo_12                       -0.0253      0.018     -1.390      0.165      -0.061       0.010
genre_Action                -0.0597      0.011     -5.634      0.000      -0.081      -0.039
genre_Adventure             -0.0064      0.011     -0.570      0.568      -0.029       0.016
genre_Animation             -0.0291      0.018     -1.614      0.107      -0.064       0.006
genre_Biography             -0.0898      0.014     -6.294      0.000      -0.118      -0.062
genre_Comedy                 0.0018      0.010      0.185      0.854      -0.017       0.020
genre_Crime                 -0.0885      0.010     -8.612      0.000      -0.109      -0.068
genre_Drama                  0.0155      0.010      1.623      0.105      -0.003       0.034
genre_Family                 0.0671      0.015      4.588      0.000       0.038       0.096
genre_Fantasy                0.0067      0.013      0.526      0.599      -0.018       0.031
genre_History                0.0204      0.020      0.994      0.320      -0.020       0.061
genre_Horror                -0.0409      0.015     -2.803      0.005      -0.069      -0.012
genre_Music                  0.1166      0.019      6.087      0.000       0.079       0.154
genre_Musical                0.3217      0.043      7.422      0.000       0.237       0.407
genre_Mystery               -0.0561      0.013     -4.446      0.000      -0.081      -0.031
genre_News                 1.18e-17   3.95e-18      2.985      0.003    4.05e-18    1.95e-17
genre_Romance               -0.0084      0.010     -0.826      0.409      -0.028       0.011
genre_Sci_Fi                -0.0138      0.014     -1.016      0.310      -0.040       0.013
genre_Short                2.93e-18   4.58e-18      0.640      0.522   -6.04e-18    1.19e-17
genre_Sport                 -0.0396      0.021     -1.908      0.057      -0.080       0.001
genre_Thriller              -0.0754      0.011     -7.057      0.000      -0.096      -0.054
genre_War                    0.0016      0.029      0.056      0.955      -0.056       0.059
genre_Western               -0.0569      0.052     -1.103      0.270      -0.158       0.044
==============================================================================
Omnibus:                     1632.260   Durbin-Watson:                   2.006
Prob(Omnibus):                  0.000   Jarque-Bera (JB):            12851.887
Skew:                           1.739   Prob(JB):                         0.00
Kurtosis:                      11.049   Cond. No.                     1.02e+16
==============================================================================

Notes:
[1] Standard Errors assume that the covariance matrix of the errors is correctly specified.
[2] The smallest eigenvalue is 6.16e-27. This might indicate that there are
strong multicollinearity problems or that the design matrix is singular.