                            OLS Regression Results                            
==============================================================================
Dep. Variable:              sd_pooled   R-squared:                       0.559
Model:                            OLS   Adj. R-squared:                  0.552
Method:                 Least Squares   F-statistic:                     78.11
Date:                Sun, 29 Mar 2026   Prob (F-statistic):               0.00
Time:                        16:04:21   Log-Likelihood:                 518.88
No. Observations:                4012   AIC:                            -907.8
Df Residuals:                    3947   BIC:                            -498.5
Df Model:                          64                                         
Covariance Type:            nonrobust                                         
============================================================================================
                               coef    std err          t      P>|t|      [0.025      0.975]
--------------------------------------------------------------------------------------------
const                        3.4053      0.049     70.161      0.000       3.310       3.501
FLead                        0.0484      0.008      5.977      0.000       0.033       0.064
mean_pooled                 -0.2358      0.004    -53.544      0.000      -0.244      -0.227
kim_violence_gore            0.0147      0.003      5.827      0.000       0.010       0.020
kim_sex_nudity               0.0041      0.002      1.814      0.070      -0.000       0.009
kim_language                -0.0120      0.002     -6.567      0.000      -0.016      -0.008
major                       -0.0397      0.008     -4.919      0.000      -0.056      -0.024
log_bom_opening_theaters     0.0049      0.002      2.748      0.006       0.001       0.008
genres_count                -0.0138      0.007     -2.037      0.042      -0.027      -0.001
yr_1993                     -0.0087      0.035     -0.252      0.801      -0.076       0.059
yr_1994                     -0.0031      0.035     -0.088      0.930      -0.072       0.066
yr_1995                      0.0402      0.035      1.154      0.248      -0.028       0.108
yr_1996                      0.0027      0.034      0.080      0.936      -0.064       0.070
yr_1997                      0.0055      0.035      0.158      0.874      -0.063       0.074
yr_1998                      0.0566      0.034      1.687      0.092      -0.009       0.122
yr_1999                      0.0617      0.033      1.888      0.059      -0.002       0.126
yr_2000                     -0.0040      0.034     -0.119      0.905      -0.070       0.062
yr_2001                      0.0615      0.033      1.856      0.063      -0.003       0.126
yr_2002                      0.0192      0.033      0.591      0.555      -0.045       0.083
yr_2003                      0.0054      0.033      0.163      0.870      -0.059       0.070
yr_2004                      0.0693      0.033      2.129      0.033       0.005       0.133
yr_2005                      0.0537      0.032      1.663      0.096      -0.010       0.117
yr_2006                      0.1055      0.032      3.292      0.001       0.043       0.168
yr_2007                      0.1184      0.032      3.708      0.000       0.056       0.181
yr_2008                      0.0595      0.032      1.850      0.064      -0.004       0.123
yr_2009                      0.0427      0.033      1.311      0.190      -0.021       0.106
yr_2010                      0.0349      0.032      1.074      0.283      -0.029       0.099
yr_2011                      0.0366      0.032      1.148      0.251      -0.026       0.099
yr_2012                      0.0203      0.032      0.640      0.522      -0.042       0.083
yr_2013                      0.0115      0.032      0.359      0.720      -0.051       0.074
yr_2014                      0.0416      0.032      1.285      0.199      -0.022       0.105
yr_2015                     -0.0278      0.032     -0.865      0.387      -0.091       0.035
yr_2016                     -0.0344      0.032     -1.063      0.288      -0.098       0.029
yr_2017                      0.0235      0.033      0.720      0.472      -0.041       0.088
yr_2018                      0.0149      0.033      0.453      0.650      -0.049       0.079
mo_2                         0.0106      0.020      0.546      0.585      -0.028       0.049
mo_3                        -0.0020      0.019     -0.107      0.915      -0.038       0.034
mo_4                         0.0021      0.019      0.111      0.912      -0.035       0.039
mo_5                        -0.0088      0.020     -0.447      0.655      -0.048       0.030
mo_6                        -0.0226      0.020     -1.159      0.246      -0.061       0.016
mo_7                        -0.0200      0.019     -1.054      0.292      -0.057       0.017
mo_8                        -0.0228      0.018     -1.248      0.212      -0.059       0.013
mo_9                        -0.0249      0.019     -1.335      0.182      -0.061       0.012
mo_10                       -0.0051      0.018     -0.280      0.780      -0.041       0.031
mo_11                       -0.0194      0.019     -1.034      0.301      -0.056       0.017
mo_12                       -0.0244      0.018     -1.343      0.179      -0.060       0.011
genre_Action                -0.0607      0.011     -5.724      0.000      -0.081      -0.040
genre_Adventure             -0.0066      0.011     -0.583      0.560      -0.029       0.016
genre_Animation             -0.0302      0.018     -1.676      0.094      -0.066       0.005
genre_Biography             -0.0894      0.014     -6.262      0.000      -0.117      -0.061
genre_Comedy                 0.0020      0.010      0.208      0.835      -0.017       0.021
genre_Crime                 -0.0883      0.010     -8.589      0.000      -0.108      -0.068
genre_Drama                  0.0154      0.010      1.614      0.107      -0.003       0.034
genre_Family                 0.0654      0.015      4.471      0.000       0.037       0.094
genre_Fantasy                0.0060      0.013      0.473      0.636      -0.019       0.031
genre_History                0.0191      0.020      0.931      0.352      -0.021       0.059
genre_Horror                -0.0412      0.015     -2.819      0.005      -0.070      -0.013
genre_Music                  0.1165      0.019      6.079      0.000       0.079       0.154
genre_Musical                0.3246      0.043      7.487      0.000       0.240       0.410
genre_Mystery               -0.0566      0.013     -4.483      0.000      -0.081      -0.032
genre_News               -2.075e-17   4.86e-18     -4.271      0.000   -3.03e-17   -1.12e-17
genre_Romance               -0.0070      0.010     -0.691      0.489      -0.027       0.013
genre_Sci_Fi                -0.0131      0.014     -0.961      0.336      -0.040       0.014
genre_Short               3.844e-20   1.09e-18      0.035      0.972    -2.1e-18    2.18e-18
genre_Sport                 -0.0390      0.021     -1.875      0.061      -0.080       0.002
genre_Thriller              -0.0757      0.011     -7.090      0.000      -0.097      -0.055
genre_War                    0.0003      0.029      0.011      0.991      -0.057       0.058
genre_Western               -0.0553      0.052     -1.071      0.284      -0.157       0.046
==============================================================================
Omnibus:                     1639.073   Durbin-Watson:                   2.005
Prob(Omnibus):                  0.000   Jarque-Bera (JB):            12993.039
Skew:                           1.746   Prob(JB):                         0.00
Kurtosis:                      11.095   Cond. No.                     1.02e+16
==============================================================================

Notes:
[1] Standard Errors assume that the covariance matrix of the errors is correctly specified.
[2] The smallest eigenvalue is 6.17e-27. This might indicate that there are
strong multicollinearity problems or that the design matrix is singular.