                            OLS Regression Results                            
==============================================================================
Dep. Variable:              sd_pooled   R-squared:                       0.561
Model:                            OLS   Adj. R-squared:                  0.554
Method:                 Least Squares   F-statistic:                     78.69
Date:                Tue, 31 Mar 2026   Prob (F-statistic):               0.00
Time:                        19:15:30   Log-Likelihood:                 527.18
No. Observations:                4012   AIC:                            -924.4
Df Residuals:                    3947   BIC:                            -515.0
Df Model:                          64                                         
Covariance Type:            nonrobust                                         
============================================================================================
                               coef    std err          t      P>|t|      [0.025      0.975]
--------------------------------------------------------------------------------------------
const                        3.3879      0.048     70.001      0.000       3.293       3.483
FLead                        0.0458      0.008      5.695      0.000       0.030       0.062
mean_pooled                 -0.2328      0.004    -52.811      0.000      -0.241      -0.224
kim_violence_gore            0.0070      0.002      3.203      0.001       0.003       0.011
kim_sex_nudity               0.0125      0.002      6.195      0.000       0.009       0.016
kim_language                -0.0143      0.002     -7.614      0.000      -0.018      -0.011
major                       -0.0401      0.008     -4.976      0.000      -0.056      -0.024
log_bom_opening_theaters     0.0056      0.002      3.177      0.001       0.002       0.009
genres_count                -0.0078      0.007     -1.151      0.250      -0.021       0.005
yr_1993                     -0.0008      0.034     -0.024      0.981      -0.068       0.067
yr_1994                   9.031e-05      0.035      0.003      0.998      -0.069       0.069
yr_1995                      0.0453      0.035      1.305      0.192      -0.023       0.113
yr_1996                      0.0111      0.034      0.327      0.744      -0.056       0.078
yr_1997                      0.0167      0.035      0.481      0.631      -0.051       0.085
yr_1998                      0.0595      0.034      1.774      0.076      -0.006       0.125
yr_1999                      0.0665      0.033      2.039      0.041       0.003       0.130
yr_2000                     -0.0061      0.034     -0.182      0.856      -0.072       0.060
yr_2001                      0.0625      0.033      1.893      0.058      -0.002       0.127
yr_2002                      0.0202      0.032      0.623      0.534      -0.043       0.084
yr_2003                      0.0043      0.033      0.132      0.895      -0.060       0.068
yr_2004                      0.0665      0.032      2.049      0.041       0.003       0.130
yr_2005                      0.0537      0.032      1.670      0.095      -0.009       0.117
yr_2006                      0.1041      0.032      3.257      0.001       0.041       0.167
yr_2007                      0.1178      0.032      3.703      0.000       0.055       0.180
yr_2008                      0.0584      0.032      1.822      0.068      -0.004       0.121
yr_2009                      0.0380      0.032      1.169      0.242      -0.026       0.102
yr_2010                      0.0335      0.032      1.035      0.301      -0.030       0.097
yr_2011                      0.0352      0.032      1.108      0.268      -0.027       0.098
yr_2012                      0.0206      0.032      0.652      0.515      -0.041       0.083
yr_2013                      0.0129      0.032      0.406      0.685      -0.050       0.075
yr_2014                      0.0434      0.032      1.347      0.178      -0.020       0.107
yr_2015                     -0.0292      0.032     -0.913      0.361      -0.092       0.034
yr_2016                     -0.0303      0.032     -0.940      0.347      -0.094       0.033
yr_2017                      0.0248      0.033      0.761      0.447      -0.039       0.089
yr_2018                      0.0188      0.033      0.574      0.566      -0.045       0.083
mo_2                         0.0081      0.019      0.414      0.679      -0.030       0.046
mo_3                        -0.0033      0.019     -0.178      0.858      -0.040       0.033
mo_4                         0.0017      0.019      0.088      0.930      -0.035       0.038
mo_5                        -0.0125      0.020     -0.634      0.526      -0.051       0.026
mo_6                        -0.0249      0.019     -1.276      0.202      -0.063       0.013
mo_7                        -0.0234      0.019     -1.238      0.216      -0.061       0.014
mo_8                        -0.0261      0.018     -1.432      0.152      -0.062       0.010
mo_9                        -0.0278      0.019     -1.497      0.134      -0.064       0.009
mo_10                       -0.0061      0.018     -0.333      0.739      -0.042       0.030
mo_11                       -0.0243      0.019     -1.293      0.196      -0.061       0.013
mo_12                       -0.0259      0.018     -1.425      0.154      -0.061       0.010
genre_Action                -0.0493      0.010     -4.705      0.000      -0.070      -0.029
genre_Adventure             -0.0053      0.011     -0.473      0.637      -0.027       0.017
genre_Animation             -0.0326      0.018     -1.818      0.069      -0.068       0.003
genre_Biography             -0.0958      0.014     -6.734      0.000      -0.124      -0.068
genre_Comedy                -0.0119      0.009     -1.295      0.195      -0.030       0.006
genre_Crime                 -0.0854      0.010     -8.366      0.000      -0.105      -0.065
genre_Drama                  0.0104      0.009      1.100      0.272      -0.008       0.029
genre_Family                 0.0679      0.015      4.661      0.000       0.039       0.096
genre_Fantasy                0.0052      0.013      0.408      0.684      -0.020       0.030
genre_History                0.0213      0.020      1.043      0.297      -0.019       0.061
genre_Horror                -0.0216      0.014     -1.523      0.128      -0.049       0.006
genre_Music                  0.1030      0.019      5.424      0.000       0.066       0.140
genre_Musical                0.3128      0.043      7.238      0.000       0.228       0.398
genre_Mystery               -0.0593      0.013     -4.706      0.000      -0.084      -0.035
genre_News               -5.639e-18   7.38e-18     -0.764      0.445   -2.01e-17    8.83e-18
genre_Romance               -0.0261      0.010     -2.579      0.010      -0.046      -0.006
genre_Sci_Fi                -0.0122      0.014     -0.900      0.368      -0.039       0.014
genre_Short              -5.524e-18   5.36e-18     -1.031      0.302    -1.6e-17    4.98e-18
genre_Sport                 -0.0409      0.021     -1.971      0.049      -0.081      -0.000
genre_Thriller              -0.0732      0.011     -6.870      0.000      -0.094      -0.052
genre_War                    0.0210      0.029      0.722      0.470      -0.036       0.078
genre_Western               -0.0358      0.051     -0.696      0.487      -0.137       0.065
==============================================================================
Omnibus:                     1663.090   Durbin-Watson:                   2.006
Prob(Omnibus):                  0.000   Jarque-Bera (JB):            13709.540
Skew:                           1.763   Prob(JB):                         0.00
Kurtosis:                      11.341   Cond. No.                     1.02e+16
==============================================================================

Notes:
[1] Standard Errors assume that the covariance matrix of the errors is correctly specified.
[2] The smallest eigenvalue is 6.36e-27. This might indicate that there are
strong multicollinearity problems or that the design matrix is singular.