                            OLS Regression Results                            
==============================================================================
Dep. Variable:              sd_pooled   R-squared:                       0.561
Model:                            OLS   Adj. R-squared:                  0.554
Method:                 Least Squares   F-statistic:                     78.81
Date:                Tue, 31 Mar 2026   Prob (F-statistic):               0.00
Time:                        19:18:07   Log-Likelihood:                 528.88
No. Observations:                4012   AIC:                            -927.8
Df Residuals:                    3947   BIC:                            -518.5
Df Model:                          64                                         
Covariance Type:            nonrobust                                         
============================================================================================
                               coef    std err          t      P>|t|      [0.025      0.975]
--------------------------------------------------------------------------------------------
const                        3.3896      0.048     70.088      0.000       3.295       3.484
FLead                        0.0454      0.008      5.657      0.000       0.030       0.061
mean_pooled                 -0.2330      0.004    -52.865      0.000      -0.242      -0.224
kim_violence_gore            0.0078      0.002      3.691      0.000       0.004       0.012
kim_sex_nudity               0.0123      0.002      6.134      0.000       0.008       0.016
kim_language                -0.0145      0.002     -7.741      0.000      -0.018      -0.011
major                       -0.0396      0.008     -4.922      0.000      -0.055      -0.024
log_bom_opening_theaters     0.0056      0.002      3.174      0.002       0.002       0.009
genres_count                -0.0083      0.007     -1.221      0.222      -0.022       0.005
yr_1993                     -0.0029      0.034     -0.083      0.934      -0.070       0.065
yr_1994                     -0.0003      0.035     -0.009      0.993      -0.069       0.069
yr_1995                      0.0476      0.035      1.371      0.171      -0.020       0.116
yr_1996                      0.0104      0.034      0.305      0.760      -0.056       0.077
yr_1997                      0.0158      0.035      0.456      0.648      -0.052       0.084
yr_1998                      0.0601      0.033      1.794      0.073      -0.006       0.126
yr_1999                      0.0633      0.033      1.942      0.052      -0.001       0.127
yr_2000                     -0.0069      0.034     -0.206      0.837      -0.073       0.059
yr_2001                      0.0609      0.033      1.846      0.065      -0.004       0.126
yr_2002                      0.0196      0.032      0.604      0.546      -0.044       0.083
yr_2003                      0.0031      0.033      0.094      0.925      -0.061       0.067
yr_2004                      0.0651      0.032      2.007      0.045       0.002       0.129
yr_2005                      0.0526      0.032      1.634      0.102      -0.010       0.116
yr_2006                      0.1018      0.032      3.184      0.001       0.039       0.164
yr_2007                      0.1161      0.032      3.648      0.000       0.054       0.178
yr_2008                      0.0578      0.032      1.803      0.072      -0.005       0.121
yr_2009                      0.0373      0.032      1.148      0.251      -0.026       0.101
yr_2010                      0.0324      0.032      1.000      0.317      -0.031       0.096
yr_2011                      0.0347      0.032      1.092      0.275      -0.028       0.097
yr_2012                      0.0198      0.032      0.624      0.533      -0.042       0.082
yr_2013                      0.0122      0.032      0.382      0.702      -0.050       0.075
yr_2014                      0.0429      0.032      1.332      0.183      -0.020       0.106
yr_2015                     -0.0293      0.032     -0.915      0.360      -0.092       0.033
yr_2016                     -0.0313      0.032     -0.971      0.332      -0.094       0.032
yr_2017                      0.0223      0.033      0.686      0.493      -0.042       0.086
yr_2018                      0.0179      0.033      0.549      0.583      -0.046       0.082
mo_2                         0.0053      0.019      0.273      0.785      -0.033       0.044
mo_3                        -0.0053      0.019     -0.284      0.776      -0.042       0.031
mo_4                      9.501e-05      0.019      0.005      0.996      -0.037       0.037
mo_5                        -0.0132      0.020     -0.669      0.503      -0.052       0.026
mo_6                        -0.0278      0.019     -1.426      0.154      -0.066       0.010
mo_7                        -0.0243      0.019     -1.283      0.200      -0.061       0.013
mo_8                        -0.0271      0.018     -1.486      0.137      -0.063       0.009
mo_9                        -0.0293      0.019     -1.580      0.114      -0.066       0.007
mo_10                       -0.0076      0.018     -0.419      0.676      -0.043       0.028
mo_11                       -0.0255      0.019     -1.357      0.175      -0.062       0.011
mo_12                       -0.0270      0.018     -1.489      0.137      -0.063       0.009
genre_Action                -0.0501      0.010     -4.778      0.000      -0.071      -0.030
genre_Adventure             -0.0048      0.011     -0.424      0.671      -0.027       0.017
genre_Animation             -0.0316      0.018     -1.763      0.078      -0.067       0.004
genre_Biography             -0.0952      0.014     -6.698      0.000      -0.123      -0.067
genre_Comedy                -0.0110      0.009     -1.193      0.233      -0.029       0.007
genre_Crime                 -0.0855      0.010     -8.381      0.000      -0.105      -0.065
genre_Drama                  0.0108      0.009      1.136      0.256      -0.008       0.029
genre_Family                 0.0683      0.015      4.696      0.000       0.040       0.097
genre_Fantasy                0.0045      0.013      0.356      0.722      -0.020       0.029
genre_History                0.0211      0.020      1.033      0.302      -0.019       0.061
genre_Horror                -0.0226      0.014     -1.600      0.110      -0.050       0.005
genre_Music                  0.1051      0.019      5.524      0.000       0.068       0.142
genre_Musical                0.3146      0.043      7.280      0.000       0.230       0.399
genre_Mystery               -0.0591      0.013     -4.696      0.000      -0.084      -0.034
genre_News               -3.776e-18   6.39e-18     -0.591      0.555   -1.63e-17    8.76e-18
genre_Romance               -0.0252      0.010     -2.503      0.012      -0.045      -0.005
genre_Sci_Fi                -0.0127      0.014     -0.934      0.350      -0.039       0.014
genre_Short              -1.614e-18   4.42e-18     -0.365      0.715   -1.03e-17    7.06e-18
genre_Sport                 -0.0392      0.021     -1.890      0.059      -0.080       0.001
genre_Thriller              -0.0733      0.011     -6.883      0.000      -0.094      -0.052
genre_War                    0.0196      0.029      0.676      0.499      -0.037       0.077
genre_Western               -0.0419      0.051     -0.813      0.416      -0.143       0.059
==============================================================================
Omnibus:                     1655.056   Durbin-Watson:                   2.003
Prob(Omnibus):                  0.000   Jarque-Bera (JB):            13530.722
Skew:                           1.756   Prob(JB):                         0.00
Kurtosis:                      11.283   Cond. No.                     1.02e+16
==============================================================================

Notes:
[1] Standard Errors assume that the covariance matrix of the errors is correctly specified.
[2] The smallest eigenvalue is 6.41e-27. This might indicate that there are
strong multicollinearity problems or that the design matrix is singular.