                            OLS Regression Results                            
==============================================================================
Dep. Variable:              sd_pooled   R-squared:                       0.562
Model:                            OLS   Adj. R-squared:                  0.554
Method:                 Least Squares   F-statistic:                     78.98
Date:                Tue, 31 Mar 2026   Prob (F-statistic):               0.00
Time:                        20:37:21   Log-Likelihood:                 531.33
No. Observations:                4012   AIC:                            -932.7
Df Residuals:                    3947   BIC:                            -523.3
Df Model:                          64                                         
Covariance Type:            nonrobust                                         
============================================================================================
                               coef    std err          t      P>|t|      [0.025      0.975]
--------------------------------------------------------------------------------------------
const                        3.3917      0.048     70.083      0.000       3.297       3.487
FLead                        0.0465      0.008      5.787      0.000       0.031       0.062
mean_pooled                 -0.2336      0.004    -52.331      0.000      -0.242      -0.225
kim_violence_gore            0.0122      0.003      4.790      0.000       0.007       0.017
kim_sex_nudity               0.0115      0.002      5.667      0.000       0.008       0.016
kim_language                -0.0151      0.002     -8.044      0.000      -0.019      -0.011
major                       -0.0375      0.008     -4.634      0.000      -0.053      -0.022
log_bom_opening_theaters     0.0040      0.002      2.365      0.018       0.001       0.007
genres_count                -0.0090      0.007     -1.328      0.184      -0.022       0.004
yr_1993                     -0.0066      0.034     -0.192      0.848      -0.074       0.061
yr_1994                     -0.0032      0.035     -0.091      0.928      -0.072       0.066
yr_1995                      0.0427      0.035      1.231      0.218      -0.025       0.111
yr_1996                      0.0073      0.034      0.216      0.829      -0.059       0.074
yr_1997                      0.0125      0.035      0.361      0.718      -0.055       0.081
yr_1998                      0.0585      0.033      1.747      0.081      -0.007       0.124
yr_1999                      0.0595      0.033      1.825      0.068      -0.004       0.123
yr_2000                     -0.0090      0.034     -0.269      0.788      -0.075       0.057
yr_2001                      0.0538      0.033      1.631      0.103      -0.011       0.119
yr_2002                      0.0148      0.032      0.456      0.648      -0.049       0.078
yr_2003                     -0.0009      0.033     -0.028      0.977      -0.065       0.063
yr_2004                      0.0608      0.032      1.873      0.061      -0.003       0.124
yr_2005                      0.0471      0.032      1.463      0.144      -0.016       0.110
yr_2006                      0.0960      0.032      3.002      0.003       0.033       0.159
yr_2007                      0.1095      0.032      3.438      0.001       0.047       0.172
yr_2008                      0.0526      0.032      1.638      0.101      -0.010       0.115
yr_2009                      0.0317      0.032      0.974      0.330      -0.032       0.095
yr_2010                      0.0263      0.032      0.812      0.417      -0.037       0.090
yr_2011                      0.0281      0.032      0.884      0.377      -0.034       0.091
yr_2012                      0.0140      0.032      0.441      0.659      -0.048       0.076
yr_2013                      0.0043      0.032      0.135      0.893      -0.058       0.067
yr_2014                      0.0383      0.032      1.189      0.234      -0.025       0.101
yr_2015                     -0.0328      0.032     -1.025      0.306      -0.096       0.030
yr_2016                     -0.0359      0.032     -1.113      0.266      -0.099       0.027
yr_2017                      0.0211      0.033      0.649      0.517      -0.043       0.085
yr_2018                      0.0158      0.033      0.484      0.628      -0.048       0.080
mo_2                         0.0087      0.019      0.447      0.655      -0.029       0.047
mo_3                        -0.0052      0.019     -0.281      0.779      -0.042       0.031
mo_4                     -9.476e-06      0.019     -0.001      1.000      -0.037       0.037
mo_5                        -0.0146      0.020     -0.740      0.459      -0.053       0.024
mo_6                        -0.0268      0.019     -1.380      0.168      -0.065       0.011
mo_7                        -0.0256      0.019     -1.356      0.175      -0.063       0.011
mo_8                        -0.0264      0.018     -1.449      0.147      -0.062       0.009
mo_9                        -0.0290      0.019     -1.563      0.118      -0.065       0.007
mo_10                       -0.0089      0.018     -0.491      0.624      -0.045       0.027
mo_11                       -0.0260      0.019     -1.385      0.166      -0.063       0.011
mo_12                       -0.0316      0.018     -1.757      0.079      -0.067       0.004
genre_Action                -0.0541      0.011     -5.108      0.000      -0.075      -0.033
genre_Adventure             -0.0054      0.011     -0.477      0.634      -0.027       0.017
genre_Animation             -0.0272      0.018     -1.511      0.131      -0.062       0.008
genre_Biography             -0.0948      0.014     -6.678      0.000      -0.123      -0.067
genre_Comedy                -0.0036      0.010     -0.377      0.706      -0.022       0.015
genre_Crime                 -0.0884      0.010     -8.631      0.000      -0.109      -0.068
genre_Drama                  0.0105      0.009      1.111      0.266      -0.008       0.029
genre_Family                 0.0719      0.015      4.939      0.000       0.043       0.101
genre_Fantasy                0.0043      0.013      0.337      0.736      -0.021       0.029
genre_History                0.0166      0.020      0.813      0.416      -0.023       0.057
genre_Horror                -0.0337      0.015     -2.310      0.021      -0.062      -0.005
genre_Music                  0.1103      0.019      5.762      0.000       0.073       0.148
genre_Musical                0.3186      0.043      7.373      0.000       0.234       0.403
genre_Mystery               -0.0585      0.013     -4.649      0.000      -0.083      -0.034
genre_News               -2.353e-18   2.66e-18     -0.884      0.377   -7.57e-18    2.87e-18
genre_Romance               -0.0188      0.010     -1.825      0.068      -0.039       0.001
genre_Sci_Fi                -0.0120      0.014     -0.888      0.375      -0.039       0.015
genre_Short              -4.453e-18   1.67e-17     -0.266      0.790   -3.72e-17    2.83e-17
genre_Sport                 -0.0342      0.021     -1.652      0.099      -0.075       0.006
genre_Thriller              -0.0740      0.011     -6.946      0.000      -0.095      -0.053
genre_War                    0.0087      0.029      0.297      0.766      -0.048       0.066
genre_Western               -0.0451      0.051     -0.875      0.382      -0.146       0.056
==============================================================================
Omnibus:                     1664.023   Durbin-Watson:                   2.009
Prob(Omnibus):                  0.000   Jarque-Bera (JB):            13733.126
Skew:                           1.764   Prob(JB):                         0.00
Kurtosis:                      11.349   Cond. No.                     1.02e+16
==============================================================================

Notes:
[1] Standard Errors assume that the covariance matrix of the errors is correctly specified.
[2] The smallest eigenvalue is 6.4e-27. This might indicate that there are
strong multicollinearity problems or that the design matrix is singular.