                            OLS Regression Results                            
==============================================================================
Dep. Variable:              sd_pooled   R-squared:                       0.560
Model:                            OLS   Adj. R-squared:                  0.553
Method:                 Least Squares   F-statistic:                     78.43
Date:                Sun, 29 Mar 2026   Prob (F-statistic):               0.00
Time:                        15:17:30   Log-Likelihood:                 523.39
No. Observations:                4012   AIC:                            -916.8
Df Residuals:                    3947   BIC:                            -507.5
Df Model:                          64                                         
Covariance Type:            nonrobust                                         
============================================================================================
                               coef    std err          t      P>|t|      [0.025      0.975]
--------------------------------------------------------------------------------------------
const                        3.3905      0.049     69.701      0.000       3.295       3.486
FLead                        0.0483      0.008      5.996      0.000       0.032       0.064
mean_pooled                 -0.2346      0.004    -53.102      0.000      -0.243      -0.226
kim_violence_gore            0.0140      0.003      5.549      0.000       0.009       0.019
kim_sex_nudity               0.0066      0.002      3.489      0.000       0.003       0.010
kim_language                -0.0134      0.002     -7.155      0.000      -0.017      -0.010
major                       -0.0393      0.008     -4.879      0.000      -0.055      -0.024
log_bom_opening_theaters     0.0053      0.002      2.982      0.003       0.002       0.009
genres_count                -0.0116      0.007     -1.707      0.088      -0.025       0.002
yr_1993                     -0.0081      0.035     -0.235      0.814      -0.076       0.060
yr_1994                     -0.0021      0.035     -0.060      0.952      -0.071       0.067
yr_1995                      0.0426      0.035      1.224      0.221      -0.026       0.111
yr_1996                      0.0061      0.034      0.179      0.858      -0.061       0.073
yr_1997                      0.0071      0.035      0.204      0.839      -0.061       0.075
yr_1998                      0.0587      0.034      1.752      0.080      -0.007       0.124
yr_1999                      0.0638      0.033      1.953      0.051      -0.000       0.128
yr_2000                     -0.0030      0.034     -0.089      0.929      -0.069       0.063
yr_2001                      0.0624      0.033      1.888      0.059      -0.002       0.127
yr_2002                      0.0200      0.033      0.615      0.538      -0.044       0.084
yr_2003                      0.0052      0.033      0.158      0.875      -0.059       0.069
yr_2004                      0.0691      0.032      2.129      0.033       0.005       0.133
yr_2005                      0.0536      0.032      1.663      0.096      -0.010       0.117
yr_2006                      0.1052      0.032      3.288      0.001       0.042       0.168
yr_2007                      0.1178      0.032      3.697      0.000       0.055       0.180
yr_2008                      0.0568      0.032      1.769      0.077      -0.006       0.120
yr_2009                      0.0407      0.032      1.252      0.211      -0.023       0.104
yr_2010                      0.0326      0.032      1.006      0.314      -0.031       0.096
yr_2011                      0.0356      0.032      1.117      0.264      -0.027       0.098
yr_2012                      0.0188      0.032      0.593      0.553      -0.043       0.081
yr_2013                      0.0118      0.032      0.368      0.713      -0.051       0.074
yr_2014                      0.0418      0.032      1.294      0.196      -0.022       0.105
yr_2015                     -0.0287      0.032     -0.897      0.370      -0.092       0.034
yr_2016                     -0.0335      0.032     -1.036      0.300      -0.097       0.030
yr_2017                      0.0243      0.033      0.746      0.456      -0.040       0.088
yr_2018                      0.0154      0.033      0.469      0.639      -0.049       0.080
mo_2                         0.0087      0.019      0.445      0.657      -0.030       0.047
mo_3                        -0.0045      0.019     -0.242      0.809      -0.041       0.032
mo_4                         0.0006      0.019      0.031      0.975      -0.036       0.037
mo_5                        -0.0113      0.020     -0.573      0.567      -0.050       0.027
mo_6                        -0.0252      0.020     -1.293      0.196      -0.063       0.013
mo_7                        -0.0234      0.019     -1.237      0.216      -0.061       0.014
mo_8                        -0.0255      0.018     -1.394      0.163      -0.061       0.010
mo_9                        -0.0277      0.019     -1.489      0.137      -0.064       0.009
mo_10                       -0.0081      0.018     -0.443      0.658      -0.044       0.028
mo_11                       -0.0230      0.019     -1.224      0.221      -0.060       0.014
mo_12                       -0.0265      0.018     -1.457      0.145      -0.062       0.009
genre_Action                -0.0591      0.011     -5.575      0.000      -0.080      -0.038
genre_Adventure             -0.0064      0.011     -0.572      0.567      -0.029       0.016
genre_Animation             -0.0304      0.018     -1.691      0.091      -0.066       0.005
genre_Biography             -0.0903      0.014     -6.332      0.000      -0.118      -0.062
genre_Comedy                 0.0010      0.009      0.110      0.913      -0.018       0.020
genre_Crime                 -0.0886      0.010     -8.628      0.000      -0.109      -0.068
genre_Drama                  0.0147      0.010      1.545      0.122      -0.004       0.033
genre_Family                 0.0659      0.015      4.531      0.000       0.037       0.094
genre_Fantasy                0.0057      0.013      0.446      0.655      -0.019       0.030
genre_History                0.0181      0.020      0.885      0.376      -0.022       0.058
genre_Horror                -0.0395      0.015     -2.706      0.007      -0.068      -0.011
genre_Music                  0.1148      0.019      5.993      0.000       0.077       0.152
genre_Musical                0.3282      0.043      7.588      0.000       0.243       0.413
genre_Mystery               -0.0580      0.013     -4.601      0.000      -0.083      -0.033
genre_News               -1.388e-17   8.05e-18     -1.724      0.085   -2.97e-17    1.91e-18
genre_Romance               -0.0114      0.010     -1.112      0.266      -0.031       0.009
genre_Sci_Fi                -0.0131      0.014     -0.964      0.335      -0.040       0.014
genre_Short               -2.16e-18   1.96e-18     -1.100      0.271   -6.01e-18    1.69e-18
genre_Sport                 -0.0380      0.021     -1.829      0.068      -0.079       0.003
genre_Thriller              -0.0759      0.011     -7.110      0.000      -0.097      -0.055
genre_War                    0.0041      0.029      0.139      0.890      -0.053       0.061
genre_Western               -0.0535      0.052     -1.037      0.300      -0.155       0.048
==============================================================================
Omnibus:                     1655.733   Durbin-Watson:                   2.009
Prob(Omnibus):                  0.000   Jarque-Bera (JB):            13472.527
Skew:                           1.758   Prob(JB):                         0.00
Kurtosis:                      11.260   Cond. No.                     1.02e+16
==============================================================================

Notes:
[1] Standard Errors assume that the covariance matrix of the errors is correctly specified.
[2] The smallest eigenvalue is 6.37e-27. This might indicate that there are
strong multicollinearity problems or that the design matrix is singular.