                            OLS Regression Results                            
==============================================================================
Dep. Variable:              sd_pooled   R-squared:                       0.559
Model:                            OLS   Adj. R-squared:                  0.552
Method:                 Least Squares   F-statistic:                     78.22
Date:                Tue, 31 Mar 2026   Prob (F-statistic):               0.00
Time:                        14:44:32   Log-Likelihood:                 520.36
No. Observations:                4012   AIC:                            -910.7
Df Residuals:                    3947   BIC:                            -501.4
Df Model:                          64                                         
Covariance Type:            nonrobust                                         
============================================================================================
                               coef    std err          t      P>|t|      [0.025      0.975]
--------------------------------------------------------------------------------------------
const                        3.3815      0.049     69.651      0.000       3.286       3.477
FLead                        0.0493      0.008      6.119      0.000       0.033       0.065
mean_pooled                 -0.2346      0.004    -53.123      0.000      -0.243      -0.226
kim_violence_gore            0.0113      0.003      4.423      0.000       0.006       0.016
kim_sex_nudity               0.0102      0.002      5.017      0.000       0.006       0.014
kim_language                -0.0112      0.002     -6.125      0.000      -0.015      -0.008
major                       -0.0393      0.008     -4.877      0.000      -0.055      -0.024
log_bom_opening_theaters     0.0056      0.002      3.183      0.001       0.002       0.009
genres_count                -0.0085      0.007     -1.249      0.212      -0.022       0.005
yr_1993                     -0.0108      0.035     -0.312      0.755      -0.079       0.057
yr_1994                     -0.0060      0.035     -0.170      0.865      -0.075       0.063
yr_1995                      0.0368      0.035      1.058      0.290      -0.031       0.105
yr_1996                     -0.0011      0.034     -0.032      0.975      -0.068       0.066
yr_1997                      0.0042      0.035      0.122      0.903      -0.064       0.072
yr_1998                      0.0482      0.034      1.440      0.150      -0.017       0.114
yr_1999                      0.0513      0.033      1.571      0.116      -0.013       0.115
yr_2000                     -0.0166      0.034     -0.492      0.623      -0.083       0.049
yr_2001                      0.0481      0.033      1.453      0.146      -0.017       0.113
yr_2002                      0.0090      0.033      0.278      0.781      -0.055       0.073
yr_2003                     -0.0066      0.033     -0.201      0.841      -0.071       0.058
yr_2004                      0.0570      0.033      1.752      0.080      -0.007       0.121
yr_2005                      0.0439      0.032      1.359      0.174      -0.019       0.107
yr_2006                      0.0920      0.032      2.869      0.004       0.029       0.155
yr_2007                      0.1053      0.032      3.295      0.001       0.043       0.168
yr_2008                      0.0471      0.032      1.464      0.143      -0.016       0.110
yr_2009                      0.0244      0.033      0.750      0.453      -0.039       0.088
yr_2010                      0.0194      0.032      0.598      0.550      -0.044       0.083
yr_2011                      0.0233      0.032      0.731      0.465      -0.039       0.086
yr_2012                      0.0080      0.032      0.252      0.801      -0.054       0.070
yr_2013                     -0.0024      0.032     -0.074      0.941      -0.065       0.060
yr_2014                      0.0294      0.032      0.911      0.362      -0.034       0.093
yr_2015                     -0.0423      0.032     -1.322      0.186      -0.105       0.020
yr_2016                     -0.0441      0.032     -1.365      0.172      -0.107       0.019
yr_2017                      0.0100      0.033      0.308      0.758      -0.054       0.074
yr_2018                      0.0049      0.033      0.149      0.882      -0.059       0.069
mo_2                         0.0102      0.020      0.525      0.600      -0.028       0.048
mo_3                        -0.0029      0.019     -0.155      0.877      -0.039       0.034
mo_4                         0.0030      0.019      0.158      0.875      -0.034       0.040
mo_5                        -0.0085      0.020     -0.430      0.667      -0.047       0.030
mo_6                        -0.0244      0.020     -1.248      0.212      -0.063       0.014
mo_7                        -0.0212      0.019     -1.120      0.263      -0.058       0.016
mo_8                        -0.0243      0.018     -1.330      0.184      -0.060       0.012
mo_9                        -0.0279      0.019     -1.499      0.134      -0.064       0.009
mo_10                       -0.0065      0.018     -0.355      0.723      -0.042       0.029
mo_11                       -0.0211      0.019     -1.123      0.262      -0.058       0.016
mo_12                       -0.0252      0.018     -1.384      0.166      -0.061       0.010
genre_Action                -0.0549      0.011     -5.152      0.000      -0.076      -0.034
genre_Adventure             -0.0039      0.011     -0.350      0.726      -0.026       0.018
genre_Animation             -0.0184      0.018     -1.027      0.304      -0.054       0.017
genre_Biography             -0.0930      0.014     -6.518      0.000      -0.121      -0.065
genre_Comedy                -0.0082      0.010     -0.859      0.391      -0.027       0.010
genre_Crime                 -0.0952      0.010     -9.327      0.000      -0.115      -0.075
genre_Drama                  0.0121      0.010      1.273      0.203      -0.007       0.031
genre_Family                 0.0759      0.015      5.207      0.000       0.047       0.105
genre_Fantasy                0.0076      0.013      0.596      0.551      -0.017       0.032
genre_History                0.0255      0.020      1.247      0.213      -0.015       0.066
genre_Horror                -0.0351      0.015     -2.395      0.017      -0.064      -0.006
genre_Music                  0.1072      0.019      5.596      0.000       0.070       0.145
genre_Musical                0.3211      0.043      7.410      0.000       0.236       0.406
genre_Mystery               -0.0595      0.013     -4.714      0.000      -0.084      -0.035
genre_News                3.643e-18   1.26e-17      0.289      0.773   -2.11e-17    2.84e-17
genre_Romance               -0.0168      0.010     -1.624      0.104      -0.037       0.003
genre_Sci_Fi                -0.0138      0.014     -1.018      0.309      -0.041       0.013
genre_Short               6.845e-18   1.31e-17      0.522      0.601   -1.88e-17    3.25e-17
genre_Sport                 -0.0387      0.021     -1.863      0.063      -0.079       0.002
genre_Thriller              -0.0782      0.011     -7.342      0.000      -0.099      -0.057
genre_War                    0.0086      0.029      0.293      0.769      -0.049       0.066
genre_Western               -0.0507      0.052     -0.982      0.326      -0.152       0.051
==============================================================================
Omnibus:                     1673.209   Durbin-Watson:                   2.008
Prob(Omnibus):                  0.000   Jarque-Bera (JB):            13867.820
Skew:                           1.775   Prob(JB):                         0.00
Kurtosis:                      11.388   Cond. No.                     1.02e+16
==============================================================================

Notes:
[1] Standard Errors assume that the covariance matrix of the errors is correctly specified.
[2] The smallest eigenvalue is 6.39e-27. This might indicate that there are
strong multicollinearity problems or that the design matrix is singular.