                            OLS Regression Results                            
==============================================================================
Dep. Variable:              sd_pooled   R-squared:                       0.562
Model:                            OLS   Adj. R-squared:                  0.555
Method:                 Least Squares   F-statistic:                     79.07
Date:                Tue, 31 Mar 2026   Prob (F-statistic):               0.00
Time:                        13:04:01   Log-Likelihood:                 532.62
No. Observations:                4012   AIC:                            -935.2
Df Residuals:                    3947   BIC:                            -525.9
Df Model:                          64                                         
Covariance Type:            nonrobust                                         
============================================================================================
                               coef    std err          t      P>|t|      [0.025      0.975]
--------------------------------------------------------------------------------------------
const                        3.3843      0.048     69.994      0.000       3.289       3.479
FLead                        0.0465      0.008      5.792      0.000       0.031       0.062
mean_pooled                 -0.2339      0.004    -53.144      0.000      -0.242      -0.225
kim_violence_gore            0.0122      0.003      4.791      0.000       0.007       0.017
kim_sex_nudity               0.0114      0.002      5.639      0.000       0.007       0.015
kim_language                -0.0149      0.002     -7.970      0.000      -0.019      -0.011
major                       -0.0383      0.008     -4.794      0.000      -0.054      -0.023
log_bom_opening_theaters     0.0051      0.002      2.854      0.004       0.002       0.009
genres_count                -0.0092      0.007     -1.365      0.172      -0.023       0.004
yr_1993                     -0.0065      0.034     -0.188      0.851      -0.074       0.061
yr_1994                     -0.0036      0.035     -0.103      0.918      -0.073       0.065
yr_1995                      0.0436      0.035      1.258      0.208      -0.024       0.112
yr_1996                      0.0080      0.034      0.234      0.815      -0.059       0.075
yr_1997                      0.0129      0.035      0.371      0.710      -0.055       0.081
yr_1998                      0.0590      0.033      1.763      0.078      -0.007       0.125
yr_1999                      0.0598      0.033      1.836      0.066      -0.004       0.124
yr_2000                     -0.0091      0.034     -0.271      0.786      -0.075       0.057
yr_2001                      0.0553      0.033      1.675      0.094      -0.009       0.120
yr_2002                      0.0161      0.032      0.496      0.620      -0.048       0.080
yr_2003                     -0.0006      0.033     -0.017      0.987      -0.065       0.063
yr_2004                      0.0610      0.032      1.880      0.060      -0.003       0.125
yr_2005                      0.0473      0.032      1.469      0.142      -0.016       0.110
yr_2006                      0.0961      0.032      3.006      0.003       0.033       0.159
yr_2007                      0.1104      0.032      3.466      0.001       0.048       0.173
yr_2008                      0.0518      0.032      1.617      0.106      -0.011       0.115
yr_2009                      0.0314      0.032      0.968      0.333      -0.032       0.095
yr_2010                      0.0261      0.032      0.805      0.421      -0.037       0.090
yr_2011                      0.0291      0.032      0.915      0.360      -0.033       0.091
yr_2012                      0.0141      0.032      0.444      0.657      -0.048       0.076
yr_2013                      0.0066      0.032      0.206      0.837      -0.056       0.069
yr_2014                      0.0390      0.032      1.212      0.226      -0.024       0.102
yr_2015                     -0.0314      0.032     -0.981      0.327      -0.094       0.031
yr_2016                     -0.0358      0.032     -1.110      0.267      -0.099       0.027
yr_2017                      0.0207      0.033      0.635      0.525      -0.043       0.084
yr_2018                      0.0147      0.033      0.450      0.652      -0.049       0.079
mo_2                         0.0078      0.019      0.401      0.688      -0.030       0.046
mo_3                        -0.0045      0.019     -0.243      0.808      -0.041       0.032
mo_4                         0.0003      0.019      0.017      0.987      -0.036       0.037
mo_5                        -0.0130      0.020     -0.661      0.508      -0.052       0.026
mo_6                        -0.0257      0.019     -1.323      0.186      -0.064       0.012
mo_7                        -0.0235      0.019     -1.241      0.215      -0.061       0.014
mo_8                        -0.0251      0.018     -1.378      0.168      -0.061       0.011
mo_9                        -0.0279      0.019     -1.503      0.133      -0.064       0.008
mo_10                       -0.0070      0.018     -0.386      0.699      -0.043       0.029
mo_11                       -0.0245      0.019     -1.304      0.192      -0.061       0.012
mo_12                       -0.0274      0.018     -1.514      0.130      -0.063       0.008
genre_Action                -0.0553      0.011     -5.209      0.000      -0.076      -0.034
genre_Adventure             -0.0059      0.011     -0.522      0.602      -0.028       0.016
genre_Animation             -0.0278      0.018     -1.549      0.121      -0.063       0.007
genre_Biography             -0.0933      0.014     -6.571      0.000      -0.121      -0.065
genre_Comedy                -0.0032      0.010     -0.338      0.736      -0.022       0.015
genre_Crime                 -0.0890      0.010     -8.686      0.000      -0.109      -0.069
genre_Drama                  0.0129      0.009      1.355      0.176      -0.006       0.031
genre_Family                 0.0711      0.015      4.884      0.000       0.043       0.100
genre_Fantasy                0.0040      0.013      0.319      0.750      -0.021       0.029
genre_History                0.0181      0.020      0.889      0.374      -0.022       0.058
genre_Horror                -0.0340      0.015     -2.327      0.020      -0.063      -0.005
genre_Music                  0.1117      0.019      5.841      0.000       0.074       0.149
genre_Musical                0.3191      0.043      7.390      0.000       0.234       0.404
genre_Mystery               -0.0586      0.013     -4.657      0.000      -0.083      -0.034
genre_News                6.841e-18   5.21e-18      1.314      0.189   -3.37e-18     1.7e-17
genre_Romance               -0.0185      0.010     -1.795      0.073      -0.039       0.002
genre_Sci_Fi                -0.0127      0.014     -0.938      0.348      -0.039       0.014
genre_Short               3.491e-18   1.68e-18      2.074      0.038    1.92e-19    6.79e-18
genre_Sport                 -0.0367      0.021     -1.771      0.077      -0.077       0.004
genre_Thriller              -0.0741      0.011     -6.954      0.000      -0.095      -0.053
genre_War                    0.0097      0.029      0.333      0.739      -0.047       0.067
genre_Western               -0.0470      0.051     -0.913      0.361      -0.148       0.054
==============================================================================
Omnibus:                     1653.570   Durbin-Watson:                   2.006
Prob(Omnibus):                  0.000   Jarque-Bera (JB):            13471.843
Skew:                           1.755   Prob(JB):                         0.00
Kurtosis:                      11.262   Cond. No.                     1.02e+16
==============================================================================

Notes:
[1] Standard Errors assume that the covariance matrix of the errors is correctly specified.
[2] The smallest eigenvalue is 6.39e-27. This might indicate that there are
strong multicollinearity problems or that the design matrix is singular.