                            OLS Regression Results                            
==============================================================================
Dep. Variable:              sd_pooled   R-squared:                       0.562
Model:                            OLS   Adj. R-squared:                  0.555
Method:                 Least Squares   F-statistic:                     79.18
Date:                Sun, 29 Mar 2026   Prob (F-statistic):               0.00
Time:                        15:09:01   Log-Likelihood:                 534.16
No. Observations:                4012   AIC:                            -938.3
Df Residuals:                    3947   BIC:                            -529.0
Df Model:                          64                                         
Covariance Type:            nonrobust                                         
============================================================================================
                               coef    std err          t      P>|t|      [0.025      0.975]
--------------------------------------------------------------------------------------------
const                        3.3768      0.048     69.887      0.000       3.282       3.472
FLead                        0.0466      0.008      5.797      0.000       0.031       0.062
mean_pooled                 -0.2334      0.004    -53.061      0.000      -0.242      -0.225
kim_violence_gore            0.0121      0.003      4.770      0.000       0.007       0.017
kim_sex_nudity               0.0115      0.002      5.684      0.000       0.008       0.015
kim_language                -0.0149      0.002     -7.983      0.000      -0.019      -0.011
major                       -0.0398      0.008     -4.975      0.000      -0.055      -0.024
log_bom_opening_theaters     0.0060      0.002      3.343      0.001       0.002       0.009
genres_count                -0.0098      0.007     -1.442      0.149      -0.023       0.004
yr_1993                     -0.0060      0.034     -0.175      0.861      -0.074       0.061
yr_1994                     -0.0030      0.035     -0.086      0.932      -0.072       0.066
yr_1995                      0.0436      0.035      1.256      0.209      -0.024       0.112
yr_1996                      0.0085      0.034      0.249      0.804      -0.058       0.075
yr_1997                      0.0123      0.035      0.354      0.723      -0.056       0.080
yr_1998                      0.0584      0.033      1.746      0.081      -0.007       0.124
yr_1999                      0.0603      0.033      1.850      0.064      -0.004       0.124
yr_2000                     -0.0088      0.034     -0.263      0.793      -0.075       0.057
yr_2001                      0.0556      0.033      1.685      0.092      -0.009       0.120
yr_2002                      0.0159      0.032      0.491      0.624      -0.048       0.080
yr_2003                     -0.0001      0.033     -0.003      0.997      -0.064       0.064
yr_2004                      0.0612      0.032      1.888      0.059      -0.002       0.125
yr_2005                      0.0475      0.032      1.476      0.140      -0.016       0.111
yr_2006                      0.0967      0.032      3.025      0.003       0.034       0.159
yr_2007                      0.1102      0.032      3.462      0.001       0.048       0.173
yr_2008                      0.0517      0.032      1.612      0.107      -0.011       0.115
yr_2009                      0.0314      0.032      0.969      0.333      -0.032       0.095
yr_2010                      0.0261      0.032      0.808      0.419      -0.037       0.090
yr_2011                      0.0299      0.032      0.941      0.347      -0.032       0.092
yr_2012                      0.0145      0.032      0.460      0.646      -0.048       0.077
yr_2013                      0.0068      0.032      0.214      0.830      -0.056       0.069
yr_2014                      0.0400      0.032      1.241      0.215      -0.023       0.103
yr_2015                     -0.0309      0.032     -0.967      0.334      -0.094       0.032
yr_2016                     -0.0357      0.032     -1.108      0.268      -0.099       0.027
yr_2017                      0.0210      0.033      0.646      0.518      -0.043       0.085
yr_2018                      0.0149      0.033      0.455      0.649      -0.049       0.079
mo_2                         0.0077      0.019      0.396      0.692      -0.030       0.046
mo_3                        -0.0040      0.019     -0.216      0.829      -0.040       0.032
mo_4                         0.0009      0.019      0.049      0.961      -0.036       0.038
mo_5                        -0.0122      0.020     -0.618      0.537      -0.051       0.026
mo_6                        -0.0252      0.019     -1.298      0.194      -0.063       0.013
mo_7                        -0.0229      0.019     -1.214      0.225      -0.060       0.014
mo_8                        -0.0252      0.018     -1.380      0.168      -0.061       0.011
mo_9                        -0.0277      0.019     -1.492      0.136      -0.064       0.009
mo_10                       -0.0070      0.018     -0.386      0.700      -0.043       0.029
mo_11                       -0.0241      0.019     -1.283      0.199      -0.061       0.013
mo_12                       -0.0260      0.018     -1.436      0.151      -0.062       0.009
genre_Action                -0.0552      0.011     -5.206      0.000      -0.076      -0.034
genre_Adventure             -0.0062      0.011     -0.550      0.583      -0.028       0.016
genre_Animation             -0.0277      0.018     -1.542      0.123      -0.063       0.008
genre_Biography             -0.0917      0.014     -6.447      0.000      -0.120      -0.064
genre_Comedy                -0.0031      0.010     -0.321      0.748      -0.022       0.016
genre_Crime                 -0.0892      0.010     -8.709      0.000      -0.109      -0.069
genre_Drama                  0.0138      0.009      1.454      0.146      -0.005       0.032
genre_Family                 0.0713      0.015      4.898      0.000       0.043       0.100
genre_Fantasy                0.0040      0.013      0.315      0.753      -0.021       0.029
genre_History                0.0180      0.020      0.884      0.377      -0.022       0.058
genre_Horror                -0.0339      0.015     -2.321      0.020      -0.062      -0.005
genre_Music                  0.1112      0.019      5.818      0.000       0.074       0.149
genre_Musical                0.3187      0.043      7.382      0.000       0.234       0.403
genre_Mystery               -0.0585      0.013     -4.652      0.000      -0.083      -0.034
genre_News               -6.358e-18    3.8e-18     -1.672      0.095   -1.38e-17     1.1e-18
genre_Romance               -0.0184      0.010     -1.785      0.074      -0.039       0.002
genre_Sci_Fi                -0.0132      0.014     -0.974      0.330      -0.040       0.013
genre_Short               3.854e-18   2.29e-18      1.682      0.093   -6.37e-19    8.35e-18
genre_Sport                 -0.0381      0.021     -1.841      0.066      -0.079       0.002
genre_Thriller              -0.0741      0.011     -6.957      0.000      -0.095      -0.053
genre_War                    0.0102      0.029      0.349      0.727      -0.047       0.067
genre_Western               -0.0478      0.051     -0.929      0.353      -0.149       0.053
==============================================================================
Omnibus:                     1646.216   Durbin-Watson:                   2.005
Prob(Omnibus):                  0.000   Jarque-Bera (JB):            13308.826
Skew:                           1.748   Prob(JB):                         0.00
Kurtosis:                      11.209   Cond. No.                     1.02e+16
==============================================================================

Notes:
[1] Standard Errors assume that the covariance matrix of the errors is correctly specified.
[2] The smallest eigenvalue is 6.38e-27. This might indicate that there are
strong multicollinearity problems or that the design matrix is singular.