                            OLS Regression Results                            
==============================================================================
Dep. Variable:              sd_pooled   R-squared:                       0.562
Model:                            OLS   Adj. R-squared:                  0.555
Method:                 Least Squares   F-statistic:                     79.08
Date:                Tue, 31 Mar 2026   Prob (F-statistic):               0.00
Time:                        13:03:10   Log-Likelihood:                 532.67
No. Observations:                4012   AIC:                            -935.3
Df Residuals:                    3947   BIC:                            -526.0
Df Model:                          64                                         
Covariance Type:            nonrobust                                         
============================================================================================
                               coef    std err          t      P>|t|      [0.025      0.975]
--------------------------------------------------------------------------------------------
const                        3.3845      0.048     70.067      0.000       3.290       3.479
FLead                        0.0466      0.008      5.798      0.000       0.031       0.062
mean_pooled                 -0.2339      0.004    -53.191      0.000      -0.243      -0.225
kim_violence_gore            0.0123      0.003      4.826      0.000       0.007       0.017
kim_sex_nudity               0.0114      0.002      5.619      0.000       0.007       0.015
kim_language                -0.0149      0.002     -7.982      0.000      -0.019      -0.011
major                       -0.0385      0.008     -4.806      0.000      -0.054      -0.023
log_bom_opening_theaters     0.0051      0.002      2.870      0.004       0.002       0.009
genres_count                -0.0093      0.007     -1.376      0.169      -0.023       0.004
yr_1993                     -0.0066      0.034     -0.193      0.847      -0.074       0.061
yr_1994                     -0.0036      0.035     -0.102      0.919      -0.073       0.065
yr_1995                      0.0435      0.035      1.254      0.210      -0.025       0.112
yr_1996                      0.0080      0.034      0.235      0.814      -0.059       0.075
yr_1997                      0.0126      0.035      0.364      0.716      -0.055       0.081
yr_1998                      0.0584      0.033      1.746      0.081      -0.007       0.124
yr_1999                      0.0599      0.033      1.838      0.066      -0.004       0.124
yr_2000                     -0.0093      0.034     -0.276      0.783      -0.075       0.057
yr_2001                      0.0557      0.033      1.688      0.092      -0.009       0.120
yr_2002                      0.0155      0.032      0.477      0.633      -0.048       0.079
yr_2003                     -0.0004      0.033     -0.013      0.990      -0.064       0.064
yr_2004                      0.0606      0.032      1.867      0.062      -0.003       0.124
yr_2005                      0.0475      0.032      1.477      0.140      -0.016       0.111
yr_2006                      0.0966      0.032      3.021      0.003       0.034       0.159
yr_2007                      0.1104      0.032      3.468      0.001       0.048       0.173
yr_2008                      0.0521      0.032      1.623      0.105      -0.011       0.115
yr_2009                      0.0313      0.032      0.963      0.336      -0.032       0.095
yr_2010                      0.0262      0.032      0.810      0.418      -0.037       0.090
yr_2011                      0.0292      0.032      0.917      0.359      -0.033       0.092
yr_2012                      0.0141      0.032      0.445      0.656      -0.048       0.076
yr_2013                      0.0066      0.032      0.208      0.835      -0.056       0.069
yr_2014                      0.0390      0.032      1.210      0.226      -0.024       0.102
yr_2015                     -0.0319      0.032     -0.997      0.319      -0.095       0.031
yr_2016                     -0.0357      0.032     -1.108      0.268      -0.099       0.027
yr_2017                      0.0207      0.033      0.637      0.524      -0.043       0.085
yr_2018                      0.0145      0.033      0.445      0.657      -0.050       0.079
mo_2                         0.0082      0.019      0.420      0.674      -0.030       0.046
mo_3                        -0.0043      0.019     -0.231      0.818      -0.041       0.032
mo_4                         0.0008      0.019      0.043      0.966      -0.036       0.037
mo_5                        -0.0129      0.020     -0.656      0.512      -0.052       0.026
mo_6                        -0.0255      0.019     -1.309      0.191      -0.064       0.013
mo_7                        -0.0235      0.019     -1.243      0.214      -0.061       0.014
mo_8                        -0.0251      0.018     -1.375      0.169      -0.061       0.011
mo_9                        -0.0277      0.019     -1.495      0.135      -0.064       0.009
mo_10                       -0.0072      0.018     -0.395      0.693      -0.043       0.029
mo_11                       -0.0244      0.019     -1.302      0.193      -0.061       0.012
mo_12                       -0.0271      0.018     -1.496      0.135      -0.063       0.008
genre_Action                -0.0553      0.011     -5.209      0.000      -0.076      -0.034
genre_Adventure             -0.0059      0.011     -0.525      0.600      -0.028       0.016
genre_Animation             -0.0282      0.018     -1.570      0.117      -0.063       0.007
genre_Biography             -0.0927      0.014     -6.514      0.000      -0.121      -0.065
genre_Comedy                -0.0029      0.010     -0.303      0.762      -0.022       0.016
genre_Crime                 -0.0891      0.010     -8.697      0.000      -0.109      -0.069
genre_Drama                  0.0130      0.009      1.366      0.172      -0.006       0.032
genre_Family                 0.0713      0.015      4.894      0.000       0.043       0.100
genre_Fantasy                0.0040      0.013      0.315      0.753      -0.021       0.029
genre_History                0.0177      0.020      0.869      0.385      -0.022       0.058
genre_Horror                -0.0341      0.015     -2.333      0.020      -0.063      -0.005
genre_Music                  0.1116      0.019      5.835      0.000       0.074       0.149
genre_Musical                0.3192      0.043      7.391      0.000       0.235       0.404
genre_Mystery               -0.0588      0.013     -4.672      0.000      -0.083      -0.034
genre_News               -1.117e-17   8.42e-18     -1.327      0.184   -2.77e-17    5.33e-18
genre_Romance               -0.0186      0.010     -1.808      0.071      -0.039       0.002
genre_Sci_Fi                -0.0126      0.014     -0.933      0.351      -0.039       0.014
genre_Short              -7.338e-18   1.58e-17     -0.463      0.643   -3.84e-17    2.37e-17
genre_Sport                 -0.0370      0.021     -1.785      0.074      -0.078       0.004
genre_Thriller              -0.0739      0.011     -6.938      0.000      -0.095      -0.053
genre_War                    0.0099      0.029      0.339      0.735      -0.047       0.067
genre_Western               -0.0469      0.051     -0.912      0.362      -0.148       0.054
==============================================================================
Omnibus:                     1649.828   Durbin-Watson:                   2.006
Prob(Omnibus):                  0.000   Jarque-Bera (JB):            13407.344
Skew:                           1.751   Prob(JB):                         0.00
Kurtosis:                      11.242   Cond. No.                     1.02e+16
==============================================================================

Notes:
[1] Standard Errors assume that the covariance matrix of the errors is correctly specified.
[2] The smallest eigenvalue is 6.38e-27. This might indicate that there are
strong multicollinearity problems or that the design matrix is singular.