                            OLS Regression Results                            
==============================================================================
Dep. Variable:              sd_pooled   R-squared:                       0.562
Model:                            OLS   Adj. R-squared:                  0.555
Method:                 Least Squares   F-statistic:                     79.19
Date:                Sun, 29 Mar 2026   Prob (F-statistic):               0.00
Time:                        15:38:42   Log-Likelihood:                 534.29
No. Observations:                4012   AIC:                            -938.6
Df Residuals:                    3947   BIC:                            -529.3
Df Model:                          64                                         
Covariance Type:            nonrobust                                         
============================================================================================
                               coef    std err          t      P>|t|      [0.025      0.975]
--------------------------------------------------------------------------------------------
const                        3.3838      0.048     69.941      0.000       3.289       3.479
FLead                        0.0470      0.008      5.854      0.000       0.031       0.063
mean_pooled                 -0.2342      0.004    -53.284      0.000      -0.243      -0.226
kim_violence_gore            0.0119      0.003      4.697      0.000       0.007       0.017
kim_sex_nudity               0.0115      0.002      5.690      0.000       0.008       0.015
kim_language                -0.0145      0.002     -8.080      0.000      -0.018      -0.011
major                       -0.0391      0.008     -4.867      0.000      -0.055      -0.023
log_bom_opening_theaters     0.0059      0.002      3.345      0.001       0.002       0.009
genres_count                -0.0094      0.007     -1.388      0.165      -0.023       0.004
yr_1993                     -0.0068      0.034     -0.197      0.844      -0.074       0.061
yr_1994                     -0.0023      0.035     -0.065      0.948      -0.071       0.067
yr_1995                      0.0425      0.035      1.226      0.220      -0.025       0.110
yr_1996                      0.0033      0.034      0.096      0.923      -0.063       0.070
yr_1997                      0.0116      0.035      0.334      0.738      -0.056       0.080
yr_1998                      0.0561      0.033      1.679      0.093      -0.009       0.122
yr_1999                      0.0558      0.033      1.714      0.087      -0.008       0.120
yr_2000                     -0.0106      0.034     -0.316      0.752      -0.076       0.055
yr_2001                      0.0522      0.033      1.582      0.114      -0.012       0.117
yr_2002                      0.0139      0.032      0.427      0.669      -0.050       0.077
yr_2003                     -0.0013      0.033     -0.041      0.968      -0.065       0.063
yr_2004                      0.0621      0.032      1.914      0.056      -0.002       0.126
yr_2005                      0.0476      0.032      1.480      0.139      -0.015       0.111
yr_2006                      0.0963      0.032      3.014      0.003       0.034       0.159
yr_2007                      0.1099      0.032      3.452      0.001       0.047       0.172
yr_2008                      0.0497      0.032      1.550      0.121      -0.013       0.113
yr_2009                      0.0311      0.032      0.957      0.338      -0.033       0.095
yr_2010                      0.0257      0.032      0.793      0.428      -0.038       0.089
yr_2011                      0.0277      0.032      0.873      0.383      -0.035       0.090
yr_2012                      0.0120      0.032      0.381      0.704      -0.050       0.074
yr_2013                      0.0048      0.032      0.150      0.881      -0.058       0.067
yr_2014                      0.0346      0.032      1.075      0.282      -0.028       0.098
yr_2015                     -0.0344      0.032     -1.078      0.281      -0.097       0.028
yr_2016                     -0.0411      0.032     -1.276      0.202      -0.104       0.022
yr_2017                      0.0189      0.033      0.580      0.562      -0.045       0.083
yr_2018                      0.0100      0.033      0.306      0.759      -0.054       0.074
mo_2                         0.0104      0.019      0.534      0.593      -0.028       0.048
mo_3                        -0.0037      0.019     -0.198      0.843      -0.040       0.033
mo_4                         0.0028      0.019      0.151      0.880      -0.034       0.039
mo_5                        -0.0097      0.020     -0.490      0.624      -0.048       0.029
mo_6                        -0.0250      0.019     -1.288      0.198      -0.063       0.013
mo_7                        -0.0228      0.019     -1.208      0.227      -0.060       0.014
mo_8                        -0.0260      0.018     -1.428      0.153      -0.062       0.010
mo_9                        -0.0262      0.019     -1.413      0.158      -0.063       0.010
mo_10                       -0.0067      0.018     -0.366      0.715      -0.042       0.029
mo_11                       -0.0228      0.019     -1.215      0.224      -0.060       0.014
mo_12                       -0.0244      0.018     -1.347      0.178      -0.060       0.011
genre_Action                -0.0561      0.011     -5.294      0.000      -0.077      -0.035
genre_Adventure             -0.0043      0.011     -0.379      0.705      -0.026       0.018
genre_Animation             -0.0259      0.018     -1.445      0.149      -0.061       0.009
genre_Biography             -0.0930      0.014     -6.538      0.000      -0.121      -0.065
genre_Comedy                -0.0068      0.009     -0.721      0.471      -0.025       0.012
genre_Crime                 -0.0941      0.010     -9.279      0.000      -0.114      -0.074
genre_Drama                  0.0127      0.009      1.334      0.182      -0.006       0.031
genre_Family                 0.0714      0.015      4.907      0.000       0.043       0.100
genre_Fantasy                0.0079      0.013      0.625      0.532      -0.017       0.033
genre_History                0.0213      0.020      1.046      0.296      -0.019       0.061
genre_Horror                -0.0337      0.015     -2.310      0.021      -0.062      -0.005
genre_Music                  0.1090      0.019      5.707      0.000       0.072       0.146
genre_Musical                0.3211      0.043      7.439      0.000       0.236       0.406
genre_Mystery               -0.0613      0.013     -4.874      0.000      -0.086      -0.037
genre_News                -5.49e-18   4.25e-18     -1.291      0.197   -1.38e-17    2.85e-18
genre_Romance               -0.0196      0.010     -1.901      0.057      -0.040       0.001
genre_Sci_Fi                -0.0143      0.014     -1.055      0.292      -0.041       0.012
genre_Short              -5.822e-18   4.57e-18     -1.273      0.203   -1.48e-17    3.14e-18
genre_Sport                 -0.0366      0.021     -1.769      0.077      -0.077       0.004
genre_Thriller              -0.0762      0.011     -7.177      0.000      -0.097      -0.055
genre_War                    0.0146      0.029      0.500      0.617      -0.043       0.072
genre_Western               -0.0454      0.051     -0.883      0.377      -0.146       0.055
==============================================================================
Omnibus:                     1649.325   Durbin-Watson:                   2.005
Prob(Omnibus):                  0.000   Jarque-Bera (JB):            13394.542
Skew:                           1.751   Prob(JB):                         0.00
Kurtosis:                      11.238   Cond. No.                     1.02e+16
==============================================================================

Notes:
[1] Standard Errors assume that the covariance matrix of the errors is correctly specified.
[2] The smallest eigenvalue is 6.38e-27. This might indicate that there are
strong multicollinearity problems or that the design matrix is singular.