                            OLS Regression Results                            
==============================================================================
Dep. Variable:              sd_pooled   R-squared:                       0.559
Model:                            OLS   Adj. R-squared:                  0.552
Method:                 Least Squares   F-statistic:                     78.18
Date:                Tue, 31 Mar 2026   Prob (F-statistic):               0.00
Time:                        17:16:20   Log-Likelihood:                 519.81
No. Observations:                4012   AIC:                            -909.6
Df Residuals:                    3947   BIC:                            -500.3
Df Model:                          64                                         
Covariance Type:            nonrobust                                         
============================================================================================
                               coef    std err          t      P>|t|      [0.025      0.975]
--------------------------------------------------------------------------------------------
const                        3.4013      0.049     69.990      0.000       3.306       3.497
FLead                        0.0491      0.008      6.094      0.000       0.033       0.065
mean_pooled                 -0.2356      0.004    -53.482      0.000      -0.244      -0.227
kim_violence_gore            0.0145      0.003      5.779      0.000       0.010       0.019
kim_sex_nudity               0.0042      0.002      2.261      0.024       0.001       0.008
kim_language                -0.0125      0.002     -6.704      0.000      -0.016      -0.009
major                       -0.0402      0.008     -4.979      0.000      -0.056      -0.024
log_bom_opening_theaters     0.0051      0.002      2.885      0.004       0.002       0.009
genres_count                -0.0136      0.007     -2.019      0.044      -0.027      -0.000
yr_1993                     -0.0080      0.035     -0.231      0.817      -0.076       0.060
yr_1994                     -0.0026      0.035     -0.075      0.940      -0.072       0.067
yr_1995                      0.0410      0.035      1.179      0.238      -0.027       0.109
yr_1996                      0.0052      0.034      0.151      0.880      -0.062       0.072
yr_1997                      0.0070      0.035      0.202      0.840      -0.061       0.075
yr_1998                      0.0572      0.034      1.704      0.089      -0.009       0.123
yr_1999                      0.0640      0.033      1.958      0.050   -7.64e-05       0.128
yr_2000                     -0.0031      0.034     -0.091      0.927      -0.069       0.063
yr_2001                      0.0628      0.033      1.897      0.058      -0.002       0.128
yr_2002                      0.0214      0.033      0.657      0.511      -0.042       0.085
yr_2003                      0.0079      0.033      0.240      0.810      -0.056       0.072
yr_2004                      0.0720      0.032      2.218      0.027       0.008       0.136
yr_2005                      0.0571      0.032      1.770      0.077      -0.006       0.120
yr_2006                      0.1062      0.032      3.317      0.001       0.043       0.169
yr_2007                      0.1191      0.032      3.733      0.000       0.057       0.182
yr_2008                      0.0608      0.032      1.891      0.059      -0.002       0.124
yr_2009                      0.0435      0.032      1.339      0.180      -0.020       0.107
yr_2010                      0.0352      0.032      1.086      0.277      -0.028       0.099
yr_2011                      0.0383      0.032      1.203      0.229      -0.024       0.101
yr_2012                      0.0218      0.032      0.687      0.492      -0.040       0.084
yr_2013                      0.0132      0.032      0.414      0.679      -0.049       0.076
yr_2014                      0.0432      0.032      1.337      0.181      -0.020       0.107
yr_2015                     -0.0266      0.032     -0.829      0.407      -0.089       0.036
yr_2016                     -0.0335      0.032     -1.036      0.300      -0.097       0.030
yr_2017                      0.0254      0.033      0.778      0.437      -0.039       0.089
yr_2018                      0.0160      0.033      0.489      0.625      -0.048       0.080
mo_2                         0.0102      0.020      0.521      0.602      -0.028       0.048
mo_3                        -0.0030      0.019     -0.163      0.870      -0.039       0.033
mo_4                         0.0025      0.019      0.132      0.895      -0.034       0.039
mo_5                        -0.0097      0.020     -0.489      0.625      -0.048       0.029
mo_6                        -0.0237      0.020     -1.214      0.225      -0.062       0.015
mo_7                        -0.0221      0.019     -1.163      0.245      -0.059       0.015
mo_8                        -0.0240      0.018     -1.310      0.190      -0.060       0.012
mo_9                        -0.0258      0.019     -1.386      0.166      -0.062       0.011
mo_10                       -0.0060      0.018     -0.328      0.743      -0.042       0.030
mo_11                       -0.0203      0.019     -1.081      0.280      -0.057       0.017
mo_12                       -0.0259      0.018     -1.425      0.154      -0.062       0.010
genre_Action                -0.0599      0.011     -5.646      0.000      -0.081      -0.039
genre_Adventure             -0.0066      0.011     -0.585      0.559      -0.029       0.016
genre_Animation             -0.0311      0.018     -1.724      0.085      -0.066       0.004
genre_Biography             -0.0907      0.014     -6.348      0.000      -0.119      -0.063
genre_Comedy                 0.0029      0.009      0.308      0.758      -0.016       0.022
genre_Crime                 -0.0877      0.010     -8.539      0.000      -0.108      -0.068
genre_Drama                  0.0150      0.010      1.577      0.115      -0.004       0.034
genre_Family                 0.0656      0.015      4.493      0.000       0.037       0.094
genre_Fantasy                0.0067      0.013      0.530      0.596      -0.018       0.032
genre_History                0.0189      0.020      0.925      0.355      -0.021       0.059
genre_Horror                -0.0416      0.015     -2.856      0.004      -0.070      -0.013
genre_Music                  0.1166      0.019      6.085      0.000       0.079       0.154
genre_Musical                0.3265      0.043      7.539      0.000       0.242       0.411
genre_Mystery               -0.0573      0.013     -4.544      0.000      -0.082      -0.033
genre_News                1.795e-17   5.37e-18      3.340      0.001    7.41e-18    2.85e-17
genre_Romance               -0.0074      0.010     -0.728      0.466      -0.027       0.012
genre_Sci_Fi                -0.0130      0.014     -0.954      0.340      -0.040       0.014
genre_Short              -8.816e-18   6.01e-18     -1.467      0.142   -2.06e-17    2.96e-18
genre_Sport                 -0.0378      0.021     -1.818      0.069      -0.079       0.003
genre_Thriller              -0.0754      0.011     -7.062      0.000      -0.096      -0.054
genre_War                    0.0019      0.029      0.064      0.949      -0.055       0.059
genre_Western               -0.0592      0.052     -1.148      0.251      -0.160       0.042
==============================================================================
Omnibus:                     1634.654   Durbin-Watson:                   2.007
Prob(Omnibus):                  0.000   Jarque-Bera (JB):            12938.987
Skew:                           1.741   Prob(JB):                         0.00
Kurtosis:                      11.080   Cond. No.                     1.02e+16
==============================================================================

Notes:
[1] Standard Errors assume that the covariance matrix of the errors is correctly specified.
[2] The smallest eigenvalue is 6.4e-27. This might indicate that there are
strong multicollinearity problems or that the design matrix is singular.