                            OLS Regression Results                            
==============================================================================
Dep. Variable:              sd_pooled   R-squared:                       0.561
Model:                            OLS   Adj. R-squared:                  0.554
Method:                 Least Squares   F-statistic:                     78.92
Date:                Sun, 29 Mar 2026   Prob (F-statistic):               0.00
Time:                        15:35:40   Log-Likelihood:                 530.47
No. Observations:                4012   AIC:                            -930.9
Df Residuals:                    3947   BIC:                            -521.6
Df Model:                          64                                         
Covariance Type:            nonrobust                                         
============================================================================================
                               coef    std err          t      P>|t|      [0.025      0.975]
--------------------------------------------------------------------------------------------
const                        3.3852      0.048     70.001      0.000       3.290       3.480
FLead                        0.0466      0.008      5.793      0.000       0.031       0.062
mean_pooled                 -0.2340      0.004    -53.137      0.000      -0.243      -0.225
kim_violence_gore            0.0128      0.003      5.067      0.000       0.008       0.018
kim_sex_nudity               0.0101      0.002      5.117      0.000       0.006       0.014
kim_language                -0.0146      0.002     -7.771      0.000      -0.018      -0.011
major                       -0.0399      0.008     -4.963      0.000      -0.056      -0.024
log_bom_opening_theaters     0.0055      0.002      3.085      0.002       0.002       0.009
genres_count                -0.0101      0.007     -1.497      0.135      -0.023       0.003
yr_1993                     -0.0088      0.034     -0.255      0.799      -0.076       0.059
yr_1994                     -0.0061      0.035     -0.174      0.862      -0.075       0.063
yr_1995                      0.0416      0.035      1.198      0.231      -0.026       0.110
yr_1996                      0.0046      0.034      0.136      0.892      -0.062       0.071
yr_1997                      0.0085      0.035      0.245      0.807      -0.060       0.076
yr_1998                      0.0560      0.033      1.674      0.094      -0.010       0.122
yr_1999                      0.0600      0.033      1.841      0.066      -0.004       0.124
yr_2000                     -0.0100      0.034     -0.296      0.767      -0.076       0.056
yr_2001                      0.0548      0.033      1.659      0.097      -0.010       0.120
yr_2002                      0.0141      0.032      0.433      0.665      -0.050       0.078
yr_2003                      0.0008      0.033      0.023      0.981      -0.063       0.065
yr_2004                      0.0614      0.032      1.889      0.059      -0.002       0.125
yr_2005                      0.0465      0.032      1.444      0.149      -0.017       0.110
yr_2006                      0.0974      0.032      3.045      0.002       0.035       0.160
yr_2007                      0.1101      0.032      3.455      0.001       0.048       0.173
yr_2008                      0.0511      0.032      1.592      0.111      -0.012       0.114
yr_2009                      0.0336      0.032      1.033      0.302      -0.030       0.097
yr_2010                      0.0266      0.032      0.822      0.411      -0.037       0.090
yr_2011                      0.0284      0.032      0.891      0.373      -0.034       0.091
yr_2012                      0.0131      0.032      0.413      0.680      -0.049       0.075
yr_2013                      0.0054      0.032      0.170      0.865      -0.057       0.068
yr_2014                      0.0380      0.032      1.180      0.238      -0.025       0.101
yr_2015                     -0.0336      0.032     -1.048      0.295      -0.096       0.029
yr_2016                     -0.0377      0.032     -1.169      0.242      -0.101       0.026
yr_2017                      0.0191      0.033      0.587      0.558      -0.045       0.083
yr_2018                      0.0125      0.033      0.382      0.702      -0.052       0.077
mo_2                         0.0092      0.019      0.470      0.638      -0.029       0.047
mo_3                        -0.0031      0.019     -0.169      0.865      -0.039       0.033
mo_4                         0.0015      0.019      0.081      0.935      -0.035       0.038
mo_5                        -0.0121      0.020     -0.613      0.540      -0.051       0.027
mo_6                        -0.0240      0.019     -1.233      0.218      -0.062       0.014
mo_7                        -0.0222      0.019     -1.172      0.241      -0.059       0.015
mo_8                        -0.0249      0.018     -1.367      0.172      -0.061       0.011
mo_9                        -0.0280      0.019     -1.509      0.131      -0.064       0.008
mo_10                       -0.0071      0.018     -0.388      0.698      -0.043       0.029
mo_11                       -0.0223      0.019     -1.191      0.234      -0.059       0.014
mo_12                       -0.0253      0.018     -1.393      0.164      -0.061       0.010
genre_Action                -0.0572      0.011     -5.404      0.000      -0.078      -0.036
genre_Adventure             -0.0059      0.011     -0.520      0.603      -0.028       0.016
genre_Animation             -0.0288      0.018     -1.601      0.109      -0.064       0.006
genre_Biography             -0.0906      0.014     -6.367      0.000      -0.119      -0.063
genre_Comedy                -0.0014      0.010     -0.145      0.885      -0.020       0.017
genre_Crime                 -0.0893      0.010     -8.710      0.000      -0.109      -0.069
genre_Drama                  0.0144      0.010      1.509      0.131      -0.004       0.033
genre_Family                 0.0688      0.015      4.727      0.000       0.040       0.097
genre_Fantasy                0.0039      0.013      0.311      0.756      -0.021       0.029
genre_History                0.0180      0.020      0.881      0.378      -0.022       0.058
genre_Horror                -0.0364      0.015     -2.497      0.013      -0.065      -0.008
genre_Music                  0.1123      0.019      5.869      0.000       0.075       0.150
genre_Musical                0.3230      0.043      7.479      0.000       0.238       0.408
genre_Mystery               -0.0581      0.013     -4.617      0.000      -0.083      -0.033
genre_News               -9.704e-18   4.97e-18     -1.954      0.051   -1.94e-17    3.34e-20
genre_Romance               -0.0160      0.010     -1.562      0.118      -0.036       0.004
genre_Sci_Fi                -0.0128      0.014     -0.941      0.347      -0.039       0.014
genre_Short              -5.249e-18   3.84e-18     -1.366      0.172   -1.28e-17    2.28e-18
genre_Sport                 -0.0387      0.021     -1.867      0.062      -0.079       0.002
genre_Thriller              -0.0743      0.011     -6.976      0.000      -0.095      -0.053
genre_War                    0.0080      0.029      0.274      0.784      -0.049       0.065
genre_Western               -0.0489      0.051     -0.950      0.342      -0.150       0.052
==============================================================================
Omnibus:                     1640.903   Durbin-Watson:                   2.008
Prob(Omnibus):                  0.000   Jarque-Bera (JB):            13170.140
Skew:                           1.744   Prob(JB):                         0.00
Kurtosis:                      11.162   Cond. No.                     1.02e+16
==============================================================================

Notes:
[1] Standard Errors assume that the covariance matrix of the errors is correctly specified.
[2] The smallest eigenvalue is 6.39e-27. This might indicate that there are
strong multicollinearity problems or that the design matrix is singular.