                            OLS Regression Results                            
==============================================================================
Dep. Variable:              sd_pooled   R-squared:                       0.556
Model:                            OLS   Adj. R-squared:                  0.549
Method:                 Least Squares   F-statistic:                     77.32
Date:                Tue, 31 Mar 2026   Prob (F-statistic):               0.00
Time:                        20:33:37   Log-Likelihood:                 507.43
No. Observations:                4012   AIC:                            -884.9
Df Residuals:                    3947   BIC:                            -475.5
Df Model:                          64                                         
Covariance Type:            nonrobust                                         
============================================================================================
                               coef    std err          t      P>|t|      [0.025      0.975]
--------------------------------------------------------------------------------------------
const                        3.3779      0.049     69.358      0.000       3.282       3.473
FLead                        0.0516      0.008      6.401      0.000       0.036       0.067
mean_pooled                 -0.2360      0.004    -53.362      0.000      -0.245      -0.227
kim_violence_gore            0.0095      0.003      3.725      0.000       0.005       0.015
kim_sex_nudity               0.0079      0.002      3.926      0.000       0.004       0.012
kim_language                -0.0060      0.002     -3.452      0.001      -0.009      -0.003
major                       -0.0393      0.008     -4.853      0.000      -0.055      -0.023
log_bom_opening_theaters     0.0054      0.002      3.018      0.003       0.002       0.009
genres_count                -0.0057      0.007     -0.844      0.399      -0.019       0.008
yr_1993                     -0.0034      0.035     -0.099      0.921      -0.071       0.065
yr_1994                     -0.0003      0.035     -0.007      0.994      -0.070       0.069
yr_1995                      0.0367      0.035      1.051      0.293      -0.032       0.105
yr_1996                     -0.0003      0.034     -0.010      0.992      -0.067       0.067
yr_1997                      0.0052      0.035      0.148      0.882      -0.063       0.074
yr_1998                      0.0514      0.034      1.526      0.127      -0.015       0.117
yr_1999                      0.0525      0.033      1.602      0.109      -0.012       0.117
yr_2000                     -0.0157      0.034     -0.465      0.642      -0.082       0.051
yr_2001                      0.0519      0.033      1.563      0.118      -0.013       0.117
yr_2002                      0.0114      0.033      0.350      0.726      -0.053       0.075
yr_2003                     -0.0038      0.033     -0.116      0.907      -0.068       0.061
yr_2004                      0.0662      0.033      2.027      0.043       0.002       0.130
yr_2005                      0.0494      0.032      1.524      0.128      -0.014       0.113
yr_2006                      0.1002      0.032      3.112      0.002       0.037       0.163
yr_2007                      0.1121      0.032      3.495      0.000       0.049       0.175
yr_2008                      0.0511      0.032      1.583      0.114      -0.012       0.114
yr_2009                      0.0309      0.033      0.944      0.345      -0.033       0.095
yr_2010                      0.0244      0.033      0.747      0.455      -0.040       0.088
yr_2011                      0.0283      0.032      0.882      0.378      -0.035       0.091
yr_2012                      0.0090      0.032      0.283      0.777      -0.053       0.071
yr_2013                      0.0010      0.032      0.031      0.975      -0.062       0.064
yr_2014                      0.0304      0.032      0.938      0.349      -0.033       0.094
yr_2015                     -0.0418      0.032     -1.300      0.194      -0.105       0.021
yr_2016                     -0.0436      0.032     -1.345      0.179      -0.107       0.020
yr_2017                      0.0140      0.033      0.428      0.669      -0.050       0.078
yr_2018                      0.0030      0.033      0.093      0.926      -0.061       0.067
mo_2                         0.0130      0.020      0.663      0.507      -0.025       0.051
mo_3                        -0.0032      0.019     -0.171      0.864      -0.040       0.033
mo_4                         0.0047      0.019      0.252      0.801      -0.032       0.042
mo_5                        -0.0061      0.020     -0.305      0.760      -0.045       0.033
mo_6                        -0.0229      0.020     -1.171      0.242      -0.061       0.015
mo_7                        -0.0218      0.019     -1.146      0.252      -0.059       0.016
mo_8                        -0.0237      0.018     -1.291      0.197      -0.060       0.012
mo_9                        -0.0271      0.019     -1.453      0.146      -0.064       0.009
mo_10                       -0.0077      0.018     -0.420      0.674      -0.044       0.028
mo_11                       -0.0193      0.019     -1.022      0.307      -0.056       0.018
mo_12                       -0.0232      0.018     -1.274      0.203      -0.059       0.013
genre_Action                -0.0576      0.011     -5.400      0.000      -0.079      -0.037
genre_Adventure           2.909e-05      0.011      0.003      0.998      -0.022       0.022
genre_Animation             -0.0139      0.018     -0.773      0.439      -0.049       0.021
genre_Biography             -0.0961      0.014     -6.712      0.000      -0.124      -0.068
genre_Comedy                -0.0144      0.009     -1.522      0.128      -0.033       0.004
genre_Crime                 -0.1016      0.010    -10.005      0.000      -0.122      -0.082
genre_Drama                  0.0086      0.010      0.899      0.369      -0.010       0.027
genre_Family                 0.0800      0.015      5.472      0.000       0.051       0.109
genre_Fantasy                0.0109      0.013      0.856      0.392      -0.014       0.036
genre_History                0.0314      0.020      1.535      0.125      -0.009       0.072
genre_Horror                -0.0389      0.015     -2.652      0.008      -0.068      -0.010
genre_Music                  0.1033      0.019      5.379      0.000       0.066       0.141
genre_Musical                0.3296      0.043      7.588      0.000       0.244       0.415
genre_Mystery               -0.0589      0.013     -4.656      0.000      -0.084      -0.034
genre_News               -2.488e-18   1.11e-17     -0.225      0.822   -2.42e-17    1.92e-17
genre_Romance               -0.0168      0.010     -1.622      0.105      -0.037       0.004
genre_Sci_Fi                -0.0160      0.014     -1.170      0.242      -0.043       0.011
genre_Short               1.431e-17   7.95e-17      0.180      0.857   -1.41e-16     1.7e-16
genre_Sport                 -0.0406      0.021     -1.946      0.052      -0.081       0.000
genre_Thriller              -0.0827      0.011     -7.762      0.000      -0.104      -0.062
genre_War                    0.0077      0.029      0.261      0.794      -0.050       0.065
genre_Western               -0.0397      0.052     -0.766      0.444      -0.141       0.062
==============================================================================
Omnibus:                     1691.332   Durbin-Watson:                   2.000
Prob(Omnibus):                  0.000   Jarque-Bera (JB):            14221.230
Skew:                           1.793   Prob(JB):                         0.00
Kurtosis:                      11.497   Cond. No.                     1.02e+16
==============================================================================

Notes:
[1] Standard Errors assume that the covariance matrix of the errors is correctly specified.
[2] The smallest eigenvalue is 6.33e-27. This might indicate that there are
strong multicollinearity problems or that the design matrix is singular.