                            OLS Regression Results                            
==============================================================================
Dep. Variable:              sd_pooled   R-squared:                       0.557
Model:                            OLS   Adj. R-squared:                  0.550
Method:                 Least Squares   F-statistic:                     77.50
Date:                Tue, 31 Mar 2026   Prob (F-statistic):               0.00
Time:                        20:31:04   Log-Likelihood:                 510.10
No. Observations:                4012   AIC:                            -890.2
Df Residuals:                    3947   BIC:                            -480.9
Df Model:                          64                                         
Covariance Type:            nonrobust                                         
============================================================================================
                               coef    std err          t      P>|t|      [0.025      0.975]
--------------------------------------------------------------------------------------------
const                        3.3724      0.049     69.305      0.000       3.277       3.468
FLead                        0.0505      0.008      6.248      0.000       0.035       0.066
mean_pooled                 -0.2355      0.004    -53.203      0.000      -0.244      -0.227
kim_violence_gore            0.0096      0.003      3.779      0.000       0.005       0.015
kim_sex_nudity               0.0089      0.002      4.321      0.000       0.005       0.013
kim_language                -0.0072      0.002     -4.147      0.000      -0.011      -0.004
major                       -0.0385      0.008     -4.759      0.000      -0.054      -0.023
log_bom_opening_theaters     0.0058      0.002      3.239      0.001       0.002       0.009
genres_count                -0.0060      0.007     -0.887      0.375      -0.019       0.007
yr_1993                     -0.0016      0.035     -0.047      0.962      -0.070       0.066
yr_1994                      0.0009      0.035      0.026      0.979      -0.068       0.070
yr_1995                      0.0386      0.035      1.107      0.268      -0.030       0.107
yr_1996                      0.0017      0.034      0.049      0.961      -0.065       0.069
yr_1997                      0.0052      0.035      0.149      0.882      -0.063       0.074
yr_1998                      0.0534      0.034      1.586      0.113      -0.013       0.119
yr_1999                      0.0530      0.033      1.617      0.106      -0.011       0.117
yr_2000                     -0.0139      0.034     -0.410      0.681      -0.080       0.052
yr_2001                      0.0536      0.033      1.614      0.107      -0.011       0.119
yr_2002                      0.0135      0.033      0.414      0.679      -0.050       0.078
yr_2003                     -0.0033      0.033     -0.101      0.920      -0.068       0.061
yr_2004                      0.0648      0.033      1.986      0.047       0.001       0.129
yr_2005                      0.0498      0.032      1.540      0.124      -0.014       0.113
yr_2006                      0.1010      0.032      3.140      0.002       0.038       0.164
yr_2007                      0.1130      0.032      3.527      0.000       0.050       0.176
yr_2008                      0.0549      0.032      1.700      0.089      -0.008       0.118
yr_2009                      0.0330      0.033      1.010      0.313      -0.031       0.097
yr_2010                      0.0276      0.033      0.847      0.397      -0.036       0.092
yr_2011                      0.0298      0.032      0.932      0.351      -0.033       0.093
yr_2012                      0.0122      0.032      0.381      0.703      -0.050       0.075
yr_2013                      0.0032      0.032      0.098      0.922      -0.060       0.066
yr_2014                      0.0337      0.032      1.040      0.298      -0.030       0.097
yr_2015                     -0.0398      0.032     -1.239      0.215      -0.103       0.023
yr_2016                     -0.0403      0.032     -1.243      0.214      -0.104       0.023
yr_2017                      0.0128      0.033      0.390      0.696      -0.051       0.077
yr_2018                      0.0042      0.033      0.129      0.897      -0.060       0.069
mo_2                         0.0118      0.020      0.601      0.548      -0.027       0.050
mo_3                        -0.0031      0.019     -0.168      0.867      -0.040       0.033
mo_4                         0.0037      0.019      0.197      0.844      -0.033       0.041
mo_5                        -0.0071      0.020     -0.356      0.722      -0.046       0.032
mo_6                        -0.0229      0.020     -1.168      0.243      -0.061       0.016
mo_7                        -0.0214      0.019     -1.123      0.261      -0.059       0.016
mo_8                        -0.0222      0.018     -1.211      0.226      -0.058       0.014
mo_9                        -0.0264      0.019     -1.416      0.157      -0.063       0.010
mo_10                       -0.0067      0.018     -0.366      0.714      -0.043       0.029
mo_11                       -0.0193      0.019     -1.021      0.307      -0.056       0.018
mo_12                       -0.0216      0.018     -1.182      0.237      -0.057       0.014
genre_Action                -0.0565      0.011     -5.297      0.000      -0.077      -0.036
genre_Adventure             -0.0005      0.011     -0.044      0.965      -0.023       0.022
genre_Animation             -0.0160      0.018     -0.888      0.374      -0.051       0.019
genre_Biography             -0.0947      0.014     -6.619      0.000      -0.123      -0.067
genre_Comedy                -0.0136      0.009     -1.435      0.151      -0.032       0.005
genre_Crime                 -0.1007      0.010     -9.911      0.000      -0.121      -0.081
genre_Drama                  0.0086      0.010      0.904      0.366      -0.010       0.027
genre_Family                 0.0796      0.015      5.454      0.000       0.051       0.108
genre_Fantasy                0.0112      0.013      0.882      0.378      -0.014       0.036
genre_History                0.0308      0.020      1.505      0.132      -0.009       0.071
genre_Horror                -0.0387      0.015     -2.640      0.008      -0.067      -0.010
genre_Music                  0.1050      0.019      5.466      0.000       0.067       0.143
genre_Musical                0.3301      0.043      7.606      0.000       0.245       0.415
genre_Mystery               -0.0572      0.013     -4.520      0.000      -0.082      -0.032
genre_News               -1.176e-17   2.14e-17     -0.548      0.584   -5.38e-17    3.03e-17
genre_Romance               -0.0164      0.010     -1.587      0.113      -0.037       0.004
genre_Sci_Fi                -0.0156      0.014     -1.147      0.252      -0.042       0.011
genre_Short              -2.342e-18   3.81e-18     -0.615      0.539   -9.81e-18    5.13e-18
genre_Sport                 -0.0421      0.021     -2.023      0.043      -0.083      -0.001
genre_Thriller              -0.0814      0.011     -7.638      0.000      -0.102      -0.060
genre_War                    0.0057      0.029      0.196      0.845      -0.052       0.063
genre_Western               -0.0436      0.052     -0.842      0.400      -0.145       0.058
==============================================================================
Omnibus:                     1685.195   Durbin-Watson:                   2.009
Prob(Omnibus):                  0.000   Jarque-Bera (JB):            14029.826
Skew:                           1.789   Prob(JB):                         0.00
Kurtosis:                      11.434   Cond. No.                     1.02e+16
==============================================================================

Notes:
[1] Standard Errors assume that the covariance matrix of the errors is correctly specified.
[2] The smallest eigenvalue is 6.42e-27. This might indicate that there are
strong multicollinearity problems or that the design matrix is singular.