                            OLS Regression Results                            
==============================================================================
Dep. Variable:              sd_pooled   R-squared:                       0.562
Model:                            OLS   Adj. R-squared:                  0.555
Method:                 Least Squares   F-statistic:                     79.18
Date:                Tue, 31 Mar 2026   Prob (F-statistic):               0.00
Time:                        11:10:42   Log-Likelihood:                 534.10
No. Observations:                4012   AIC:                            -938.2
Df Residuals:                    3947   BIC:                            -528.9
Df Model:                          64                                         
Covariance Type:            nonrobust                                         
============================================================================================
                               coef    std err          t      P>|t|      [0.025      0.975]
--------------------------------------------------------------------------------------------
const                        3.3778      0.048     69.797      0.000       3.283       3.473
FLead                        0.0469      0.008      5.833      0.000       0.031       0.063
mean_pooled                 -0.2335      0.004    -53.017      0.000      -0.242      -0.225
kim_violence_gore            0.0122      0.003      4.793      0.000       0.007       0.017
kim_sex_nudity               0.0117      0.002      5.776      0.000       0.008       0.016
kim_language                -0.0150      0.002     -8.024      0.000      -0.019      -0.011
major                       -0.0396      0.008     -4.930      0.000      -0.055      -0.024
log_bom_opening_theaters     0.0056      0.002      3.167      0.002       0.002       0.009
genres_count                -0.0093      0.007     -1.374      0.169      -0.023       0.004
yr_1993                     -0.0057      0.034     -0.166      0.868      -0.073       0.062
yr_1994                     -0.0027      0.035     -0.075      0.940      -0.072       0.066
yr_1995                      0.0432      0.035      1.247      0.212      -0.025       0.111
yr_1996                      0.0095      0.034      0.278      0.781      -0.057       0.076
yr_1997                      0.0134      0.035      0.386      0.700      -0.055       0.081
yr_1998                      0.0592      0.033      1.770      0.077      -0.006       0.125
yr_1999                      0.0603      0.033      1.852      0.064      -0.004       0.124
yr_2000                     -0.0086      0.034     -0.258      0.797      -0.074       0.057
yr_2001                      0.0563      0.033      1.706      0.088      -0.008       0.121
yr_2002                      0.0165      0.032      0.510      0.610      -0.047       0.080
yr_2003                   5.006e-05      0.033      0.002      0.999      -0.064       0.064
yr_2004                      0.0616      0.032      1.901      0.057      -0.002       0.125
yr_2005                      0.0482      0.032      1.500      0.134      -0.015       0.111
yr_2006                      0.0970      0.032      3.034      0.002       0.034       0.160
yr_2007                      0.1105      0.032      3.472      0.001       0.048       0.173
yr_2008                      0.0521      0.032      1.626      0.104      -0.011       0.115
yr_2009                      0.0316      0.032      0.973      0.331      -0.032       0.095
yr_2010                      0.0265      0.032      0.818      0.413      -0.037       0.090
yr_2011                      0.0300      0.032      0.945      0.345      -0.032       0.092
yr_2012                      0.0149      0.032      0.469      0.639      -0.047       0.077
yr_2013                      0.0071      0.032      0.225      0.822      -0.055       0.070
yr_2014                      0.0398      0.032      1.236      0.217      -0.023       0.103
yr_2015                     -0.0311      0.032     -0.974      0.330      -0.094       0.032
yr_2016                     -0.0354      0.032     -1.099      0.272      -0.099       0.028
yr_2017                      0.0209      0.033      0.642      0.521      -0.043       0.085
yr_2018                      0.0145      0.033      0.444      0.657      -0.050       0.079
mo_2                         0.0077      0.019      0.394      0.694      -0.030       0.046
mo_3                        -0.0044      0.019     -0.236      0.814      -0.041       0.032
mo_4                         0.0004      0.019      0.021      0.983      -0.036       0.037
mo_5                        -0.0124      0.020     -0.627      0.531      -0.051       0.026
mo_6                        -0.0252      0.019     -1.297      0.195      -0.063       0.013
mo_7                        -0.0233      0.019     -1.234      0.217      -0.060       0.014
mo_8                        -0.0251      0.018     -1.377      0.169      -0.061       0.011
mo_9                        -0.0278      0.019     -1.496      0.135      -0.064       0.009
mo_10                       -0.0070      0.018     -0.384      0.701      -0.043       0.029
mo_11                       -0.0243      0.019     -1.293      0.196      -0.061       0.013
mo_12                       -0.0261      0.018     -1.438      0.151      -0.062       0.009
genre_Action                -0.0554      0.011     -5.231      0.000      -0.076      -0.035
genre_Adventure             -0.0060      0.011     -0.538      0.590      -0.028       0.016
genre_Animation             -0.0279      0.018     -1.556      0.120      -0.063       0.007
genre_Biography             -0.0921      0.014     -6.477      0.000      -0.120      -0.064
genre_Comedy                -0.0031      0.010     -0.324      0.746      -0.022       0.016
genre_Crime                 -0.0890      0.010     -8.694      0.000      -0.109      -0.069
genre_Drama                  0.0137      0.010      1.445      0.149      -0.005       0.032
genre_Family                 0.0711      0.015      4.887      0.000       0.043       0.100
genre_Fantasy                0.0040      0.013      0.313      0.754      -0.021       0.029
genre_History                0.0182      0.020      0.893      0.372      -0.022       0.058
genre_Horror                -0.0342      0.015     -2.343      0.019      -0.063      -0.006
genre_Music                  0.1121      0.019      5.867      0.000       0.075       0.150
genre_Musical                0.3181      0.043      7.368      0.000       0.233       0.403
genre_Mystery               -0.0587      0.013     -4.672      0.000      -0.083      -0.034
genre_News               -1.128e-17   6.11e-18     -1.847      0.065   -2.32e-17    6.94e-19
genre_Romance               -0.0187      0.010     -1.816      0.069      -0.039       0.001
genre_Sci_Fi                -0.0127      0.014     -0.938      0.348      -0.039       0.014
genre_Short               6.612e-18   5.68e-18      1.164      0.245   -4.53e-18    1.78e-17
genre_Sport                 -0.0376      0.021     -1.816      0.069      -0.078       0.003
genre_Thriller              -0.0739      0.011     -6.939      0.000      -0.095      -0.053
genre_War                    0.0104      0.029      0.358      0.720      -0.047       0.068
genre_Western               -0.0475      0.051     -0.923      0.356      -0.148       0.053
==============================================================================
Omnibus:                     1648.177   Durbin-Watson:                   2.005
Prob(Omnibus):                  0.000   Jarque-Bera (JB):            13359.096
Skew:                           1.750   Prob(JB):                         0.00
Kurtosis:                      11.226   Cond. No.                     1.02e+16
==============================================================================

Notes:
[1] Standard Errors assume that the covariance matrix of the errors is correctly specified.
[2] The smallest eigenvalue is 6.39e-27. This might indicate that there are
strong multicollinearity problems or that the design matrix is singular.