                            OLS Regression Results                            
==============================================================================
Dep. Variable:              sd_pooled   R-squared:                       0.562
Model:                            OLS   Adj. R-squared:                  0.555
Method:                 Least Squares   F-statistic:                     79.11
Date:                Tue, 31 Mar 2026   Prob (F-statistic):               0.00
Time:                        11:10:17   Log-Likelihood:                 533.10
No. Observations:                4012   AIC:                            -936.2
Df Residuals:                    3947   BIC:                            -526.9
Df Model:                          64                                         
Covariance Type:            nonrobust                                         
============================================================================================
                               coef    std err          t      P>|t|      [0.025      0.975]
--------------------------------------------------------------------------------------------
const                        3.3804      0.048     69.884      0.000       3.286       3.475
FLead                        0.0468      0.008      5.828      0.000       0.031       0.063
mean_pooled                 -0.2336      0.004    -53.022      0.000      -0.242      -0.225
kim_violence_gore            0.0122      0.003      4.791      0.000       0.007       0.017
kim_sex_nudity               0.0113      0.002      5.602      0.000       0.007       0.015
kim_language                -0.0149      0.002     -7.953      0.000      -0.019      -0.011
major                       -0.0396      0.008     -4.920      0.000      -0.055      -0.024
log_bom_opening_theaters     0.0056      0.002      3.142      0.002       0.002       0.009
genres_count                -0.0096      0.007     -1.420      0.156      -0.023       0.004
yr_1993                     -0.0063      0.034     -0.183      0.855      -0.074       0.061
yr_1994                     -0.0030      0.035     -0.085      0.932      -0.072       0.066
yr_1995                      0.0437      0.035      1.258      0.208      -0.024       0.112
yr_1996                      0.0082      0.034      0.240      0.810      -0.059       0.075
yr_1997                      0.0125      0.035      0.361      0.718      -0.055       0.081
yr_1998                      0.0590      0.033      1.764      0.078      -0.007       0.125
yr_1999                      0.0601      0.033      1.843      0.065      -0.004       0.124
yr_2000                     -0.0084      0.034     -0.250      0.803      -0.074       0.057
yr_2001                      0.0558      0.033      1.692      0.091      -0.009       0.121
yr_2002                      0.0157      0.032      0.485      0.628      -0.048       0.079
yr_2003                     -0.0001      0.033     -0.004      0.997      -0.064       0.064
yr_2004                      0.0610      0.032      1.881      0.060      -0.003       0.125
yr_2005                      0.0480      0.032      1.493      0.135      -0.015       0.111
yr_2006                      0.0966      0.032      3.021      0.003       0.034       0.159
yr_2007                      0.1102      0.032      3.461      0.001       0.048       0.173
yr_2008                      0.0521      0.032      1.624      0.104      -0.011       0.115
yr_2009                      0.0316      0.032      0.974      0.330      -0.032       0.095
yr_2010                      0.0266      0.032      0.822      0.411      -0.037       0.090
yr_2011                      0.0295      0.032      0.928      0.353      -0.033       0.092
yr_2012                      0.0147      0.032      0.464      0.643      -0.047       0.077
yr_2013                      0.0071      0.032      0.222      0.825      -0.055       0.069
yr_2014                      0.0394      0.032      1.225      0.221      -0.024       0.103
yr_2015                     -0.0316      0.032     -0.988      0.323      -0.094       0.031
yr_2016                     -0.0359      0.032     -1.114      0.266      -0.099       0.027
yr_2017                      0.0206      0.033      0.632      0.527      -0.043       0.084
yr_2018                      0.0149      0.033      0.456      0.648      -0.049       0.079
mo_2                         0.0076      0.019      0.389      0.697      -0.031       0.046
mo_3                        -0.0044      0.019     -0.236      0.813      -0.041       0.032
mo_4                         0.0003      0.019      0.018      0.985      -0.036       0.037
mo_5                        -0.0127      0.020     -0.644      0.520      -0.051       0.026
mo_6                        -0.0256      0.019     -1.314      0.189      -0.064       0.013
mo_7                        -0.0234      0.019     -1.237      0.216      -0.060       0.014
mo_8                        -0.0254      0.018     -1.394      0.163      -0.061       0.010
mo_9                        -0.0278      0.019     -1.500      0.134      -0.064       0.009
mo_10                       -0.0070      0.018     -0.384      0.701      -0.043       0.029
mo_11                       -0.0244      0.019     -1.302      0.193      -0.061       0.012
mo_12                       -0.0263      0.018     -1.452      0.147      -0.062       0.009
genre_Action                -0.0556      0.011     -5.242      0.000      -0.076      -0.035
genre_Adventure             -0.0061      0.011     -0.541      0.589      -0.028       0.016
genre_Animation             -0.0281      0.018     -1.562      0.118      -0.063       0.007
genre_Biography             -0.0919      0.014     -6.457      0.000      -0.120      -0.064
genre_Comedy                -0.0030      0.010     -0.316      0.752      -0.022       0.016
genre_Crime                 -0.0891      0.010     -8.698      0.000      -0.109      -0.069
genre_Drama                  0.0136      0.010      1.429      0.153      -0.005       0.032
genre_Family                 0.0709      0.015      4.865      0.000       0.042       0.099
genre_Fantasy                0.0044      0.013      0.347      0.728      -0.020       0.029
genre_History                0.0183      0.020      0.895      0.371      -0.022       0.058
genre_Horror                -0.0345      0.015     -2.362      0.018      -0.063      -0.006
genre_Music                  0.1117      0.019      5.844      0.000       0.074       0.149
genre_Musical                0.3186      0.043      7.378      0.000       0.234       0.403
genre_Mystery               -0.0583      0.013     -4.636      0.000      -0.083      -0.034
genre_News                1.556e-17   4.45e-18      3.494      0.000    6.83e-18    2.43e-17
genre_Romance               -0.0182      0.010     -1.770      0.077      -0.038       0.002
genre_Sci_Fi                -0.0127      0.014     -0.933      0.351      -0.039       0.014
genre_Short               3.253e-18   5.73e-18      0.568      0.570   -7.97e-18    1.45e-17
genre_Sport                 -0.0375      0.021     -1.810      0.070      -0.078       0.003
genre_Thriller              -0.0741      0.011     -6.958      0.000      -0.095      -0.053
genre_War                    0.0097      0.029      0.333      0.739      -0.047       0.067
genre_Western               -0.0478      0.051     -0.928      0.354      -0.149       0.053
==============================================================================
Omnibus:                     1647.070   Durbin-Watson:                   2.006
Prob(Omnibus):                  0.000   Jarque-Bera (JB):            13333.603
Skew:                           1.749   Prob(JB):                         0.00
Kurtosis:                      11.218   Cond. No.                     1.02e+16
==============================================================================

Notes:
[1] Standard Errors assume that the covariance matrix of the errors is correctly specified.
[2] The smallest eigenvalue is 6.39e-27. This might indicate that there are
strong multicollinearity problems or that the design matrix is singular.