                            OLS Regression Results                            
==============================================================================
Dep. Variable:              sd_pooled   R-squared:                       0.561
Model:                            OLS   Adj. R-squared:                  0.554
Method:                 Least Squares   F-statistic:                     78.92
Date:                Sun, 29 Mar 2026   Prob (F-statistic):               0.00
Time:                        15:36:10   Log-Likelihood:                 530.36
No. Observations:                4012   AIC:                            -930.7
Df Residuals:                    3947   BIC:                            -521.4
Df Model:                          64                                         
Covariance Type:            nonrobust                                         
============================================================================================
                               coef    std err          t      P>|t|      [0.025      0.975]
--------------------------------------------------------------------------------------------
const                        3.3855      0.048     69.896      0.000       3.291       3.480
FLead                        0.0479      0.008      5.964      0.000       0.032       0.064
mean_pooled                 -0.2342      0.004    -53.212      0.000      -0.243      -0.226
kim_violence_gore            0.0114      0.003      4.497      0.000       0.006       0.016
kim_sex_nudity               0.0107      0.002      5.343      0.000       0.007       0.015
kim_language                -0.0141      0.002     -7.578      0.000      -0.018      -0.010
major                       -0.0392      0.008     -4.877      0.000      -0.055      -0.023
log_bom_opening_theaters     0.0057      0.002      3.224      0.001       0.002       0.009
genres_count                -0.0092      0.007     -1.351      0.177      -0.022       0.004
yr_1993                     -0.0062      0.034     -0.179      0.858      -0.074       0.061
yr_1994                     -0.0019      0.035     -0.055      0.956      -0.071       0.067
yr_1995                      0.0449      0.035      1.292      0.196      -0.023       0.113
yr_1996                      0.0075      0.034      0.222      0.825      -0.059       0.074
yr_1997                      0.0117      0.035      0.336      0.737      -0.056       0.080
yr_1998                      0.0590      0.033      1.761      0.078      -0.007       0.125
yr_1999                      0.0578      0.033      1.773      0.076      -0.006       0.122
yr_2000                     -0.0105      0.034     -0.312      0.755      -0.076       0.055
yr_2001                      0.0562      0.033      1.701      0.089      -0.009       0.121
yr_2002                      0.0141      0.032      0.433      0.665      -0.050       0.078
yr_2003                      0.0011      0.033      0.032      0.974      -0.063       0.065
yr_2004                      0.0615      0.032      1.895      0.058      -0.002       0.125
yr_2005                      0.0490      0.032      1.520      0.129      -0.014       0.112
yr_2006                      0.0969      0.032      3.029      0.002       0.034       0.160
yr_2007                      0.1111      0.032      3.487      0.000       0.049       0.174
yr_2008                      0.0523      0.032      1.630      0.103      -0.011       0.115
yr_2009                      0.0307      0.032      0.945      0.345      -0.033       0.094
yr_2010                      0.0261      0.032      0.806      0.420      -0.037       0.090
yr_2011                      0.0311      0.032      0.976      0.329      -0.031       0.093
yr_2012                      0.0164      0.032      0.516      0.606      -0.046       0.079
yr_2013                      0.0066      0.032      0.206      0.837      -0.056       0.069
yr_2014                      0.0400      0.032      1.242      0.214      -0.023       0.103
yr_2015                     -0.0327      0.032     -1.023      0.306      -0.095       0.030
yr_2016                     -0.0361      0.032     -1.119      0.263      -0.099       0.027
yr_2017                      0.0216      0.033      0.664      0.507      -0.042       0.085
yr_2018                      0.0135      0.033      0.412      0.680      -0.051       0.078
mo_2                         0.0087      0.019      0.446      0.656      -0.029       0.047
mo_3                        -0.0031      0.019     -0.166      0.868      -0.039       0.033
mo_4                         0.0016      0.019      0.087      0.931      -0.035       0.038
mo_5                        -0.0114      0.020     -0.578      0.563      -0.050       0.027
mo_6                        -0.0239      0.019     -1.226      0.220      -0.062       0.014
mo_7                        -0.0212      0.019     -1.120      0.263      -0.058       0.016
mo_8                        -0.0249      0.018     -1.366      0.172      -0.061       0.011
mo_9                        -0.0263      0.019     -1.417      0.157      -0.063       0.010
mo_10                       -0.0057      0.018     -0.312      0.755      -0.041       0.030
mo_11                       -0.0219      0.019     -1.167      0.243      -0.059       0.015
mo_12                       -0.0239      0.018     -1.318      0.187      -0.059       0.012
genre_Action                -0.0564      0.011     -5.317      0.000      -0.077      -0.036
genre_Adventure             -0.0049      0.011     -0.438      0.662      -0.027       0.017
genre_Animation             -0.0235      0.018     -1.310      0.190      -0.059       0.012
genre_Biography             -0.0932      0.014     -6.545      0.000      -0.121      -0.065
genre_Comedy                -0.0058      0.009     -0.607      0.544      -0.024       0.013
genre_Crime                 -0.0912      0.010     -8.924      0.000      -0.111      -0.071
genre_Drama                  0.0123      0.010      1.297      0.195      -0.006       0.031
genre_Family                 0.0743      0.015      5.106      0.000       0.046       0.103
genre_Fantasy                0.0055      0.013      0.434      0.665      -0.019       0.030
genre_History                0.0201      0.020      0.986      0.324      -0.020       0.060
genre_Horror                -0.0355      0.015     -2.431      0.015      -0.064      -0.007
genre_Music                  0.1099      0.019      5.746      0.000       0.072       0.147
genre_Musical                0.3210      0.043      7.429      0.000       0.236       0.406
genre_Mystery               -0.0591      0.013     -4.697      0.000      -0.084      -0.034
genre_News                -7.91e-18   1.02e-17     -0.775      0.439   -2.79e-17    1.21e-17
genre_Romance               -0.0188      0.010     -1.826      0.068      -0.039       0.001
genre_Sci_Fi                -0.0129      0.014     -0.949      0.342      -0.039       0.014
genre_Short                9.07e-19   5.58e-18      0.163      0.871      -1e-17    1.18e-17
genre_Sport                 -0.0375      0.021     -1.810      0.070      -0.078       0.003
genre_Thriller              -0.0754      0.011     -7.089      0.000      -0.096      -0.055
genre_War                    0.0099      0.029      0.339      0.735      -0.047       0.067
genre_Western               -0.0479      0.051     -0.929      0.353      -0.149       0.053
==============================================================================
Omnibus:                     1649.423   Durbin-Watson:                   2.009
Prob(Omnibus):                  0.000   Jarque-Bera (JB):            13382.185
Skew:                           1.751   Prob(JB):                         0.00
Kurtosis:                      11.233   Cond. No.                     1.02e+16
==============================================================================

Notes:
[1] Standard Errors assume that the covariance matrix of the errors is correctly specified.
[2] The smallest eigenvalue is 6.39e-27. This might indicate that there are
strong multicollinearity problems or that the design matrix is singular.