                            OLS Regression Results                            
==============================================================================
Dep. Variable:              sd_pooled   R-squared:                       0.561
Model:                            OLS   Adj. R-squared:                  0.554
Method:                 Least Squares   F-statistic:                     78.76
Date:                Tue, 31 Mar 2026   Prob (F-statistic):               0.00
Time:                        19:08:24   Log-Likelihood:                 528.11
No. Observations:                4012   AIC:                            -926.2
Df Residuals:                    3947   BIC:                            -516.9
Df Model:                          64                                         
Covariance Type:            nonrobust                                         
============================================================================================
                               coef    std err          t      P>|t|      [0.025      0.975]
--------------------------------------------------------------------------------------------
const                        3.3866      0.048     69.869      0.000       3.292       3.482
FLead                        0.0475      0.008      5.909      0.000       0.032       0.063
mean_pooled                 -0.2343      0.004    -53.176      0.000      -0.243      -0.226
kim_violence_gore            0.0115      0.003      4.509      0.000       0.006       0.016
kim_sex_nudity               0.0104      0.002      5.178      0.000       0.006       0.014
kim_language                -0.0137      0.002     -7.276      0.000      -0.017      -0.010
major                       -0.0391      0.008     -4.855      0.000      -0.055      -0.023
log_bom_opening_theaters     0.0056      0.002      3.147      0.002       0.002       0.009
genres_count                -0.0087      0.007     -1.289      0.198      -0.022       0.005
yr_1993                     -0.0078      0.034     -0.227      0.821      -0.075       0.060
yr_1994                     -0.0039      0.035     -0.112      0.911      -0.073       0.065
yr_1995                      0.0416      0.035      1.199      0.230      -0.026       0.110
yr_1996                      0.0042      0.034      0.122      0.903      -0.063       0.071
yr_1997                      0.0102      0.035      0.293      0.769      -0.058       0.078
yr_1998                      0.0554      0.033      1.654      0.098      -0.010       0.121
yr_1999                      0.0557      0.033      1.709      0.087      -0.008       0.120
yr_2000                     -0.0116      0.034     -0.346      0.729      -0.078       0.054
yr_2001                      0.0541      0.033      1.638      0.101      -0.011       0.119
yr_2002                      0.0156      0.032      0.481      0.630      -0.048       0.079
yr_2003                     -0.0010      0.033     -0.030      0.976      -0.065       0.063
yr_2004                      0.0620      0.032      1.907      0.057      -0.002       0.126
yr_2005                      0.0481      0.032      1.493      0.136      -0.015       0.111
yr_2006                      0.0957      0.032      2.990      0.003       0.033       0.158
yr_2007                      0.1100      0.032      3.451      0.001       0.048       0.173
yr_2008                      0.0510      0.032      1.588      0.112      -0.012       0.114
yr_2009                      0.0299      0.033      0.919      0.358      -0.034       0.094
yr_2010                      0.0252      0.032      0.777      0.437      -0.038       0.089
yr_2011                      0.0288      0.032      0.904      0.366      -0.034       0.091
yr_2012                      0.0116      0.032      0.366      0.715      -0.051       0.074
yr_2013                      0.0056      0.032      0.175      0.861      -0.057       0.068
yr_2014                      0.0377      0.032      1.168      0.243      -0.026       0.101
yr_2015                     -0.0347      0.032     -1.083      0.279      -0.097       0.028
yr_2016                     -0.0379      0.032     -1.176      0.240      -0.101       0.025
yr_2017                      0.0182      0.033      0.559      0.576      -0.046       0.082
yr_2018                      0.0125      0.033      0.384      0.701      -0.052       0.077
mo_2                         0.0083      0.019      0.427      0.669      -0.030       0.047
mo_3                        -0.0043      0.019     -0.231      0.817      -0.041       0.032
mo_4                         0.0008      0.019      0.041      0.967      -0.036       0.038
mo_5                        -0.0113      0.020     -0.571      0.568      -0.050       0.027
mo_6                        -0.0256      0.019     -1.315      0.189      -0.064       0.013
mo_7                        -0.0225      0.019     -1.189      0.235      -0.060       0.015
mo_8                        -0.0243      0.018     -1.332      0.183      -0.060       0.011
mo_9                        -0.0273      0.019     -1.470      0.142      -0.064       0.009
mo_10                       -0.0076      0.018     -0.414      0.679      -0.043       0.028
mo_11                       -0.0229      0.019     -1.220      0.223      -0.060       0.014
mo_12                       -0.0262      0.018     -1.445      0.149      -0.062       0.009
genre_Action                -0.0551      0.011     -5.192      0.000      -0.076      -0.034
genre_Adventure             -0.0052      0.011     -0.463      0.643      -0.027       0.017
genre_Animation             -0.0242      0.018     -1.351      0.177      -0.059       0.011
genre_Biography             -0.0913      0.014     -6.405      0.000      -0.119      -0.063
genre_Comedy                -0.0049      0.010     -0.518      0.604      -0.024       0.014
genre_Crime                 -0.0922      0.010     -9.033      0.000      -0.112      -0.072
genre_Drama                  0.0128      0.010      1.346      0.179      -0.006       0.031
genre_Family                 0.0757      0.015      5.206      0.000       0.047       0.104
genre_Fantasy                0.0056      0.013      0.444      0.657      -0.019       0.030
genre_History                0.0212      0.020      1.037      0.300      -0.019       0.061
genre_Horror                -0.0358      0.015     -2.453      0.014      -0.064      -0.007
genre_Music                  0.1110      0.019      5.800      0.000       0.074       0.149
genre_Musical                0.3212      0.043      7.430      0.000       0.236       0.406
genre_Mystery               -0.0591      0.013     -4.695      0.000      -0.084      -0.034
genre_News               -2.259e-17   7.97e-18     -2.835      0.005   -3.82e-17   -6.97e-18
genre_Romance               -0.0179      0.010     -1.731      0.084      -0.038       0.002
genre_Sci_Fi                -0.0138      0.014     -1.015      0.310      -0.040       0.013
genre_Short              -8.629e-18   3.15e-18     -2.741      0.006   -1.48e-17   -2.46e-18
genre_Sport                 -0.0411      0.021     -1.980      0.048      -0.082      -0.000
genre_Thriller              -0.0758      0.011     -7.119      0.000      -0.097      -0.055
genre_War                    0.0080      0.029      0.275      0.783      -0.049       0.065
genre_Western               -0.0478      0.052     -0.927      0.354      -0.149       0.053
==============================================================================
Omnibus:                     1650.447   Durbin-Watson:                   2.005
Prob(Omnibus):                  0.000   Jarque-Bera (JB):            13363.992
Skew:                           1.753   Prob(JB):                         0.00
Kurtosis:                      11.225   Cond. No.                     1.02e+16
==============================================================================

Notes:
[1] Standard Errors assume that the covariance matrix of the errors is correctly specified.
[2] The smallest eigenvalue is 6.4e-27. This might indicate that there are
strong multicollinearity problems or that the design matrix is singular.