                            OLS Regression Results                            
==============================================================================
Dep. Variable:              sd_pooled   R-squared:                       0.562
Model:                            OLS   Adj. R-squared:                  0.555
Method:                 Least Squares   F-statistic:                     79.13
Date:                Tue, 31 Mar 2026   Prob (F-statistic):               0.00
Time:                        11:02:00   Log-Likelihood:                 533.41
No. Observations:                4012   AIC:                            -936.8
Df Residuals:                    3947   BIC:                            -527.5
Df Model:                          64                                         
Covariance Type:            nonrobust                                         
============================================================================================
                               coef    std err          t      P>|t|      [0.025      0.975]
--------------------------------------------------------------------------------------------
const                        3.3792      0.048     69.841      0.000       3.284       3.474
FLead                        0.0467      0.008      5.808      0.000       0.031       0.062
mean_pooled                 -0.2335      0.004    -53.004      0.000      -0.242      -0.225
kim_violence_gore            0.0120      0.003      4.752      0.000       0.007       0.017
kim_sex_nudity               0.0115      0.002      5.697      0.000       0.008       0.016
kim_language                -0.0149      0.002     -7.971      0.000      -0.019      -0.011
major                       -0.0395      0.008     -4.916      0.000      -0.055      -0.024
log_bom_opening_theaters     0.0056      0.002      3.166      0.002       0.002       0.009
genres_count                -0.0095      0.007     -1.406      0.160      -0.023       0.004
yr_1993                     -0.0059      0.034     -0.171      0.864      -0.073       0.062
yr_1994                     -0.0030      0.035     -0.084      0.933      -0.072       0.066
yr_1995                      0.0437      0.035      1.259      0.208      -0.024       0.112
yr_1996                      0.0088      0.034      0.258      0.796      -0.058       0.076
yr_1997                      0.0134      0.035      0.386      0.699      -0.055       0.081
yr_1998                      0.0589      0.033      1.762      0.078      -0.007       0.125
yr_1999                      0.0605      0.033      1.856      0.064      -0.003       0.124
yr_2000                     -0.0091      0.034     -0.272      0.786      -0.075       0.057
yr_2001                      0.0561      0.033      1.701      0.089      -0.009       0.121
yr_2002                      0.0161      0.032      0.497      0.619      -0.047       0.080
yr_2003                     -0.0003      0.033     -0.011      0.992      -0.064       0.064
yr_2004                      0.0611      0.032      1.883      0.060      -0.003       0.125
yr_2005                      0.0477      0.032      1.483      0.138      -0.015       0.111
yr_2006                      0.0967      0.032      3.024      0.003       0.034       0.159
yr_2007                      0.1104      0.032      3.468      0.001       0.048       0.173
yr_2008                      0.0520      0.032      1.621      0.105      -0.011       0.115
yr_2009                      0.0327      0.032      1.007      0.314      -0.031       0.096
yr_2010                      0.0267      0.032      0.824      0.410      -0.037       0.090
yr_2011                      0.0298      0.032      0.937      0.349      -0.033       0.092
yr_2012                      0.0149      0.032      0.472      0.637      -0.047       0.077
yr_2013                      0.0074      0.032      0.234      0.815      -0.055       0.070
yr_2014                      0.0396      0.032      1.229      0.219      -0.024       0.103
yr_2015                     -0.0313      0.032     -0.980      0.327      -0.094       0.031
yr_2016                     -0.0356      0.032     -1.103      0.270      -0.099       0.028
yr_2017                      0.0211      0.033      0.648      0.517      -0.043       0.085
yr_2018                      0.0148      0.033      0.454      0.650      -0.049       0.079
mo_2                         0.0079      0.019      0.405      0.685      -0.030       0.046
mo_3                        -0.0042      0.019     -0.227      0.820      -0.041       0.032
mo_4                         0.0006      0.019      0.031      0.975      -0.036       0.037
mo_5                        -0.0125      0.020     -0.636      0.525      -0.051       0.026
mo_6                        -0.0256      0.019     -1.317      0.188      -0.064       0.013
mo_7                        -0.0232      0.019     -1.229      0.219      -0.060       0.014
mo_8                        -0.0252      0.018     -1.383      0.167      -0.061       0.011
mo_9                        -0.0276      0.019     -1.485      0.138      -0.064       0.009
mo_10                       -0.0071      0.018     -0.390      0.697      -0.043       0.029
mo_11                       -0.0241      0.019     -1.285      0.199      -0.061       0.013
mo_12                       -0.0263      0.018     -1.452      0.147      -0.062       0.009
genre_Action                -0.0550      0.011     -5.190      0.000      -0.076      -0.034
genre_Adventure             -0.0059      0.011     -0.528      0.598      -0.028       0.016
genre_Animation             -0.0284      0.018     -1.581      0.114      -0.064       0.007
genre_Biography             -0.0922      0.014     -6.482      0.000      -0.120      -0.064
genre_Comedy                -0.0034      0.010     -0.361      0.718      -0.022       0.015
genre_Crime                 -0.0888      0.010     -8.671      0.000      -0.109      -0.069
genre_Drama                  0.0138      0.010      1.450      0.147      -0.005       0.032
genre_Family                 0.0711      0.015      4.882      0.000       0.043       0.100
genre_Fantasy                0.0040      0.013      0.319      0.750      -0.021       0.029
genre_History                0.0183      0.020      0.899      0.369      -0.022       0.058
genre_Horror                -0.0335      0.015     -2.302      0.021      -0.062      -0.005
genre_Music                  0.1113      0.019      5.824      0.000       0.074       0.149
genre_Musical                0.3185      0.043      7.377      0.000       0.234       0.403
genre_Mystery               -0.0589      0.013     -4.685      0.000      -0.084      -0.034
genre_News               -4.231e-18   1.07e-17     -0.397      0.691   -2.51e-17    1.67e-17
genre_Romance               -0.0187      0.010     -1.816      0.069      -0.039       0.001
genre_Sci_Fi                -0.0128      0.014     -0.944      0.345      -0.039       0.014
genre_Short              -1.892e-18   4.94e-18     -0.383      0.702   -1.16e-17    7.79e-18
genre_Sport                 -0.0376      0.021     -1.817      0.069      -0.078       0.003
genre_Thriller              -0.0742      0.011     -6.964      0.000      -0.095      -0.053
genre_War                    0.0104      0.029      0.357      0.721      -0.047       0.068
genre_Western               -0.0475      0.051     -0.924      0.356      -0.148       0.053
==============================================================================
Omnibus:                     1646.445   Durbin-Watson:                   2.006
Prob(Omnibus):                  0.000   Jarque-Bera (JB):            13326.803
Skew:                           1.748   Prob(JB):                         0.00
Kurtosis:                      11.216   Cond. No.                     1.02e+16
==============================================================================

Notes:
[1] Standard Errors assume that the covariance matrix of the errors is correctly specified.
[2] The smallest eigenvalue is 6.38e-27. This might indicate that there are
strong multicollinearity problems or that the design matrix is singular.