                            OLS Regression Results                            
==============================================================================
Dep. Variable:              sd_pooled   R-squared:                       0.562
Model:                            OLS   Adj. R-squared:                  0.555
Method:                 Least Squares   F-statistic:                     79.11
Date:                Sun, 29 Mar 2026   Prob (F-statistic):               0.00
Time:                        15:42:54   Log-Likelihood:                 533.12
No. Observations:                4012   AIC:                            -936.2
Df Residuals:                    3947   BIC:                            -526.9
Df Model:                          64                                         
Covariance Type:            nonrobust                                         
============================================================================================
                               coef    std err          t      P>|t|      [0.025      0.975]
--------------------------------------------------------------------------------------------
const                        3.3811      0.048     69.850      0.000       3.286       3.476
FLead                        0.0466      0.008      5.802      0.000       0.031       0.062
mean_pooled                 -0.2332      0.004    -52.519      0.000      -0.242      -0.224
kim_violence_gore            0.0121      0.003      4.764      0.000       0.007       0.017
kim_sex_nudity               0.0114      0.002      5.634      0.000       0.007       0.015
kim_language                -0.0148      0.002     -7.927      0.000      -0.019      -0.011
major                       -0.0391      0.008     -4.870      0.000      -0.055      -0.023
log_bom_opening_theaters     0.0051      0.002      3.021      0.003       0.002       0.008
genres_count                -0.0091      0.007     -1.342      0.180      -0.022       0.004
yr_1993                     -0.0075      0.034     -0.218      0.828      -0.075       0.060
yr_1994                     -0.0044      0.035     -0.124      0.901      -0.073       0.065
yr_1995                      0.0428      0.035      1.233      0.218      -0.025       0.111
yr_1996                      0.0075      0.034      0.219      0.826      -0.059       0.074
yr_1997                      0.0114      0.035      0.328      0.743      -0.057       0.079
yr_1998                      0.0566      0.033      1.693      0.091      -0.009       0.122
yr_1999                      0.0578      0.033      1.776      0.076      -0.006       0.122
yr_2000                     -0.0112      0.034     -0.335      0.738      -0.077       0.055
yr_2001                      0.0537      0.033      1.628      0.104      -0.011       0.118
yr_2002                      0.0153      0.032      0.472      0.637      -0.048       0.079
yr_2003                     -0.0009      0.033     -0.028      0.978      -0.065       0.063
yr_2004                      0.0585      0.032      1.802      0.072      -0.005       0.122
yr_2005                      0.0459      0.032      1.426      0.154      -0.017       0.109
yr_2006                      0.0954      0.032      2.985      0.003       0.033       0.158
yr_2007                      0.1089      0.032      3.418      0.001       0.046       0.171
yr_2008                      0.0517      0.032      1.611      0.107      -0.011       0.115
yr_2009                      0.0311      0.032      0.959      0.338      -0.033       0.095
yr_2010                      0.0252      0.032      0.779      0.436      -0.038       0.089
yr_2011                      0.0277      0.032      0.872      0.383      -0.035       0.090
yr_2012                      0.0127      0.032      0.401      0.689      -0.049       0.075
yr_2013                      0.0051      0.032      0.159      0.874      -0.057       0.067
yr_2014                      0.0378      0.032      1.173      0.241      -0.025       0.101
yr_2015                     -0.0333      0.032     -1.043      0.297      -0.096       0.029
yr_2016                     -0.0359      0.032     -1.115      0.265      -0.099       0.027
yr_2017                      0.0199      0.033      0.611      0.541      -0.044       0.084
yr_2018                      0.0147      0.033      0.451      0.652      -0.049       0.079
mo_2                         0.0078      0.019      0.399      0.690      -0.030       0.046
mo_3                        -0.0049      0.019     -0.267      0.790      -0.041       0.031
mo_4                        -0.0002      0.019     -0.013      0.990      -0.037       0.036
mo_5                        -0.0139      0.020     -0.705      0.481      -0.053       0.025
mo_6                        -0.0266      0.019     -1.370      0.171      -0.065       0.011
mo_7                        -0.0243      0.019     -1.285      0.199      -0.061       0.013
mo_8                        -0.0258      0.018     -1.413      0.158      -0.062       0.010
mo_9                        -0.0280      0.019     -1.509      0.131      -0.064       0.008
mo_10                       -0.0079      0.018     -0.436      0.663      -0.044       0.028
mo_11                       -0.0246      0.019     -1.310      0.190      -0.061       0.012
mo_12                       -0.0290      0.018     -1.605      0.109      -0.064       0.006
genre_Action                -0.0548      0.011     -5.168      0.000      -0.076      -0.034
genre_Adventure             -0.0058      0.011     -0.515      0.607      -0.028       0.016
genre_Animation             -0.0272      0.018     -1.514      0.130      -0.062       0.008
genre_Biography             -0.0934      0.014     -6.581      0.000      -0.121      -0.066
genre_Comedy                -0.0031      0.010     -0.328      0.743      -0.022       0.016
genre_Crime                 -0.0888      0.010     -8.669      0.000      -0.109      -0.069
genre_Drama                  0.0123      0.009      1.304      0.192      -0.006       0.031
genre_Family                 0.0716      0.015      4.918      0.000       0.043       0.100
genre_Fantasy                0.0040      0.013      0.315      0.753      -0.021       0.029
genre_History                0.0139      0.020      0.682      0.496      -0.026       0.054
genre_Horror                -0.0335      0.015     -2.294      0.022      -0.062      -0.005
genre_Music                  0.1110      0.019      5.803      0.000       0.073       0.148
genre_Musical                0.3196      0.043      7.402      0.000       0.235       0.404
genre_Mystery               -0.0586      0.013     -4.658      0.000      -0.083      -0.034
genre_News                2.106e-18   2.95e-18      0.715      0.475   -3.67e-18    7.88e-18
genre_Romance               -0.0186      0.010     -1.805      0.071      -0.039       0.002
genre_Sci_Fi                -0.0123      0.014     -0.904      0.366      -0.039       0.014
genre_Short              -1.084e-17   6.18e-18     -1.754      0.079    -2.3e-17    1.28e-18
genre_Sport                 -0.0352      0.021     -1.704      0.088      -0.076       0.005
genre_Thriller              -0.0736      0.011     -6.911      0.000      -0.094      -0.053
genre_War                    0.0098      0.029      0.335      0.738      -0.047       0.067
genre_Western               -0.0464      0.051     -0.902      0.367      -0.147       0.054
==============================================================================
Omnibus:                     1660.142   Durbin-Watson:                   2.008
Prob(Omnibus):                  0.000   Jarque-Bera (JB):            13638.676
Skew:                           1.761   Prob(JB):                         0.00
Kurtosis:                      11.318   Cond. No.                     1.02e+16
==============================================================================

Notes:
[1] Standard Errors assume that the covariance matrix of the errors is correctly specified.
[2] The smallest eigenvalue is 6.38e-27. This might indicate that there are
strong multicollinearity problems or that the design matrix is singular.