                            OLS Regression Results                            
==============================================================================
Dep. Variable:              sd_pooled   R-squared:                       0.562
Model:                            OLS   Adj. R-squared:                  0.555
Method:                 Least Squares   F-statistic:                     79.13
Date:                Tue, 31 Mar 2026   Prob (F-statistic):               0.00
Time:                        21:36:47   Log-Likelihood:                 533.42
No. Observations:                4012   AIC:                            -936.8
Df Residuals:                    3947   BIC:                            -527.5
Df Model:                          64                                         
Covariance Type:            nonrobust                                         
============================================================================================
                               coef    std err          t      P>|t|      [0.025      0.975]
--------------------------------------------------------------------------------------------
const                        3.3806      0.048     69.995      0.000       3.286       3.475
FLead                        0.0467      0.008      5.815      0.000       0.031       0.062
mean_pooled                 -0.2336      0.004    -53.102      0.000      -0.242      -0.225
kim_violence_gore            0.0122      0.003      4.783      0.000       0.007       0.017
kim_sex_nudity               0.0115      0.002      5.657      0.000       0.007       0.015
kim_language                -0.0149      0.002     -7.975      0.000      -0.019      -0.011
major                       -0.0392      0.008     -4.897      0.000      -0.055      -0.024
log_bom_opening_theaters     0.0055      0.002      3.117      0.002       0.002       0.009
genres_count                -0.0095      0.007     -1.406      0.160      -0.023       0.004
yr_1993                     -0.0060      0.034     -0.174      0.862      -0.074       0.062
yr_1994                     -0.0031      0.035     -0.088      0.930      -0.072       0.066
yr_1995                      0.0438      0.035      1.263      0.207      -0.024       0.112
yr_1996                      0.0090      0.034      0.264      0.792      -0.058       0.076
yr_1997                      0.0130      0.035      0.376      0.707      -0.055       0.081
yr_1998                      0.0592      0.033      1.771      0.077      -0.006       0.125
yr_1999                      0.0604      0.033      1.855      0.064      -0.003       0.124
yr_2000                     -0.0089      0.034     -0.264      0.792      -0.075       0.057
yr_2001                      0.0564      0.033      1.710      0.087      -0.008       0.121
yr_2002                      0.0164      0.032      0.504      0.614      -0.047       0.080
yr_2003                     -0.0002      0.033     -0.006      0.995      -0.064       0.064
yr_2004                      0.0614      0.032      1.893      0.058      -0.002       0.125
yr_2005                      0.0482      0.032      1.497      0.134      -0.015       0.111
yr_2006                      0.0970      0.032      3.033      0.002       0.034       0.160
yr_2007                      0.1109      0.032      3.485      0.000       0.049       0.173
yr_2008                      0.0523      0.032      1.630      0.103      -0.011       0.115
yr_2009                      0.0319      0.032      0.982      0.326      -0.032       0.096
yr_2010                      0.0265      0.032      0.820      0.412      -0.037       0.090
yr_2011                      0.0296      0.032      0.931      0.352      -0.033       0.092
yr_2012                      0.0149      0.032      0.469      0.639      -0.047       0.077
yr_2013                      0.0072      0.032      0.227      0.820      -0.055       0.070
yr_2014                      0.0397      0.032      1.232      0.218      -0.023       0.103
yr_2015                     -0.0313      0.032     -0.979      0.328      -0.094       0.031
yr_2016                     -0.0353      0.032     -1.095      0.273      -0.098       0.028
yr_2017                      0.0210      0.033      0.644      0.520      -0.043       0.085
yr_2018                      0.0154      0.033      0.471      0.638      -0.049       0.079
mo_2                         0.0076      0.019      0.391      0.696      -0.031       0.046
mo_3                        -0.0043      0.019     -0.232      0.816      -0.041       0.032
mo_4                         0.0006      0.019      0.030      0.976      -0.036       0.037
mo_5                        -0.0127      0.020     -0.642      0.521      -0.051       0.026
mo_6                        -0.0255      0.019     -1.311      0.190      -0.064       0.013
mo_7                        -0.0233      0.019     -1.231      0.218      -0.060       0.014
mo_8                        -0.0253      0.018     -1.390      0.165      -0.061       0.010
mo_9                        -0.0278      0.019     -1.501      0.133      -0.064       0.009
mo_10                       -0.0069      0.018     -0.378      0.706      -0.043       0.029
mo_11                       -0.0241      0.019     -1.284      0.199      -0.061       0.013
mo_12                       -0.0265      0.018     -1.462      0.144      -0.062       0.009
genre_Action                -0.0554      0.011     -5.221      0.000      -0.076      -0.035
genre_Adventure             -0.0057      0.011     -0.510      0.610      -0.028       0.016
genre_Animation             -0.0279      0.018     -1.556      0.120      -0.063       0.007
genre_Biography             -0.0922      0.014     -6.479      0.000      -0.120      -0.064
genre_Comedy                -0.0031      0.010     -0.328      0.743      -0.022       0.016
genre_Crime                 -0.0891      0.010     -8.694      0.000      -0.109      -0.069
genre_Drama                  0.0135      0.010      1.422      0.155      -0.005       0.032
genre_Family                 0.0710      0.015      4.875      0.000       0.042       0.100
genre_Fantasy                0.0044      0.013      0.346      0.729      -0.020       0.029
genre_History                0.0179      0.020      0.876      0.381      -0.022       0.058
genre_Horror                -0.0341      0.015     -2.336      0.020      -0.063      -0.005
genre_Music                  0.1115      0.019      5.831      0.000       0.074       0.149
genre_Musical                0.3182      0.043      7.370      0.000       0.234       0.403
genre_Mystery               -0.0589      0.013     -4.682      0.000      -0.084      -0.034
genre_News                2.221e-18   3.73e-18      0.596      0.552   -5.09e-18    9.53e-18
genre_Romance               -0.0186      0.010     -1.807      0.071      -0.039       0.002
genre_Sci_Fi                -0.0126      0.014     -0.933      0.351      -0.039       0.014
genre_Short              -6.484e-18   6.73e-18     -0.963      0.335   -1.97e-17    6.71e-18
genre_Sport                 -0.0377      0.021     -1.821      0.069      -0.078       0.003
genre_Thriller              -0.0740      0.011     -6.953      0.000      -0.095      -0.053
genre_War                    0.0103      0.029      0.352      0.725      -0.047       0.067
genre_Western               -0.0468      0.051     -0.910      0.363      -0.148       0.054
==============================================================================
Omnibus:                     1648.863   Durbin-Watson:                   2.006
Prob(Omnibus):                  0.000   Jarque-Bera (JB):            13370.707
Skew:                           1.751   Prob(JB):                         0.00
Kurtosis:                      11.230   Cond. No.                     1.02e+16
==============================================================================

Notes:
[1] Standard Errors assume that the covariance matrix of the errors is correctly specified.
[2] The smallest eigenvalue is 6.35e-27. This might indicate that there are
strong multicollinearity problems or that the design matrix is singular.