                            OLS Regression Results                            
==============================================================================
Dep. Variable:              sd_pooled   R-squared:                       0.562
Model:                            OLS   Adj. R-squared:                  0.555
Method:                 Least Squares   F-statistic:                     79.08
Date:                Tue, 31 Mar 2026   Prob (F-statistic):               0.00
Time:                        18:31:38   Log-Likelihood:                 532.73
No. Observations:                4012   AIC:                            -935.5
Df Residuals:                    3947   BIC:                            -526.2
Df Model:                          64                                         
Covariance Type:            nonrobust                                         
============================================================================================
                               coef    std err          t      P>|t|      [0.025      0.975]
--------------------------------------------------------------------------------------------
const                        3.3794      0.048     69.837      0.000       3.284       3.474
FLead                        0.0467      0.008      5.812      0.000       0.031       0.062
mean_pooled                 -0.2336      0.004    -53.008      0.000      -0.242      -0.225
kim_violence_gore            0.0121      0.003      4.748      0.000       0.007       0.017
kim_sex_nudity               0.0114      0.002      5.642      0.000       0.007       0.015
kim_language                -0.0147      0.002     -7.885      0.000      -0.018      -0.011
major                       -0.0393      0.008     -4.895      0.000      -0.055      -0.024
log_bom_opening_theaters     0.0055      0.002      3.125      0.002       0.002       0.009
genres_count                -0.0094      0.007     -1.385      0.166      -0.023       0.004
yr_1993                     -0.0061      0.034     -0.177      0.860      -0.074       0.061
yr_1994                     -0.0031      0.035     -0.089      0.929      -0.072       0.066
yr_1995                      0.0435      0.035      1.254      0.210      -0.024       0.112
yr_1996                      0.0085      0.034      0.250      0.803      -0.058       0.075
yr_1997                      0.0126      0.035      0.363      0.716      -0.055       0.081
yr_1998                      0.0590      0.033      1.763      0.078      -0.007       0.125
yr_1999                      0.0597      0.033      1.831      0.067      -0.004       0.124
yr_2000                     -0.0092      0.034     -0.273      0.785      -0.075       0.057
yr_2001                      0.0557      0.033      1.689      0.091      -0.009       0.120
yr_2002                      0.0161      0.032      0.495      0.621      -0.048       0.080
yr_2003                      0.0003      0.033      0.009      0.993      -0.064       0.064
yr_2004                      0.0613      0.032      1.891      0.059      -0.002       0.125
yr_2005                      0.0475      0.032      1.475      0.140      -0.016       0.111
yr_2006                      0.0955      0.032      2.986      0.003       0.033       0.158
yr_2007                      0.1100      0.032      3.455      0.001       0.048       0.172
yr_2008                      0.0520      0.032      1.620      0.105      -0.011       0.115
yr_2009                      0.0314      0.032      0.966      0.334      -0.032       0.095
yr_2010                      0.0262      0.032      0.809      0.418      -0.037       0.090
yr_2011                      0.0293      0.032      0.922      0.357      -0.033       0.092
yr_2012                      0.0146      0.032      0.461      0.645      -0.047       0.077
yr_2013                      0.0075      0.032      0.237      0.813      -0.055       0.070
yr_2014                      0.0392      0.032      1.218      0.223      -0.024       0.102
yr_2015                     -0.0317      0.032     -0.990      0.322      -0.094       0.031
yr_2016                     -0.0362      0.032     -1.123      0.262      -0.099       0.027
yr_2017                      0.0211      0.033      0.648      0.517      -0.043       0.085
yr_2018                      0.0140      0.033      0.429      0.668      -0.050       0.078
mo_2                         0.0073      0.019      0.378      0.706      -0.031       0.045
mo_3                        -0.0040      0.019     -0.216      0.829      -0.040       0.032
mo_4                         0.0007      0.019      0.038      0.970      -0.036       0.037
mo_5                        -0.0119      0.020     -0.602      0.547      -0.051       0.027
mo_6                        -0.0252      0.019     -1.294      0.196      -0.063       0.013
mo_7                        -0.0234      0.019     -1.240      0.215      -0.061       0.014
mo_8                        -0.0249      0.018     -1.368      0.171      -0.061       0.011
mo_9                        -0.0280      0.019     -1.510      0.131      -0.064       0.008
mo_10                       -0.0073      0.018     -0.401      0.688      -0.043       0.028
mo_11                       -0.0240      0.019     -1.277      0.202      -0.061       0.013
mo_12                       -0.0260      0.018     -1.432      0.152      -0.061       0.010
genre_Action                -0.0558      0.011     -5.263      0.000      -0.077      -0.035
genre_Adventure             -0.0057      0.011     -0.504      0.614      -0.028       0.016
genre_Animation             -0.0273      0.018     -1.523      0.128      -0.063       0.008
genre_Biography             -0.0920      0.014     -6.462      0.000      -0.120      -0.064
genre_Comedy                -0.0035      0.010     -0.372      0.710      -0.022       0.015
genre_Crime                 -0.0891      0.010     -8.701      0.000      -0.109      -0.069
genre_Drama                  0.0131      0.010      1.379      0.168      -0.006       0.032
genre_Family                 0.0713      0.015      4.894      0.000       0.043       0.100
genre_Fantasy                0.0044      0.013      0.351      0.725      -0.020       0.029
genre_History                0.0187      0.020      0.918      0.359      -0.021       0.059
genre_Horror                -0.0342      0.015     -2.343      0.019      -0.063      -0.006
genre_Music                  0.1115      0.019      5.831      0.000       0.074       0.149
genre_Musical                0.3187      0.043      7.378      0.000       0.234       0.403
genre_Mystery               -0.0591      0.013     -4.697      0.000      -0.084      -0.034
genre_News                3.673e-18   5.44e-18      0.675      0.500   -6.99e-18    1.43e-17
genre_Romance               -0.0182      0.010     -1.769      0.077      -0.038       0.002
genre_Sci_Fi                -0.0129      0.014     -0.952      0.341      -0.039       0.014
genre_Short              -3.623e-18   4.31e-18     -0.841      0.400   -1.21e-17    4.82e-18
genre_Sport                 -0.0375      0.021     -1.809      0.070      -0.078       0.003
genre_Thriller              -0.0742      0.011     -6.966      0.000      -0.095      -0.053
genre_War                    0.0103      0.029      0.354      0.723      -0.047       0.067
genre_Western               -0.0478      0.051     -0.930      0.353      -0.149       0.053
==============================================================================
Omnibus:                     1648.523   Durbin-Watson:                   2.005
Prob(Omnibus):                  0.000   Jarque-Bera (JB):            13357.028
Skew:                           1.750   Prob(JB):                         0.00
Kurtosis:                      11.225   Cond. No.                     1.02e+16
==============================================================================

Notes:
[1] Standard Errors assume that the covariance matrix of the errors is correctly specified.
[2] The smallest eigenvalue is 6.39e-27. This might indicate that there are
strong multicollinearity problems or that the design matrix is singular.