                            OLS Regression Results                            
==============================================================================
Dep. Variable:              sd_pooled   R-squared:                       0.559
Model:                            OLS   Adj. R-squared:                  0.552
Method:                 Least Squares   F-statistic:                     78.20
Date:                Wed, 01 Apr 2026   Prob (F-statistic):               0.00
Time:                        00:26:51   Log-Likelihood:                 520.16
No. Observations:                4012   AIC:                            -910.3
Df Residuals:                    3947   BIC:                            -501.0
Df Model:                          64                                         
Covariance Type:            nonrobust                                         
============================================================================================
                               coef    std err          t      P>|t|      [0.025      0.975]
--------------------------------------------------------------------------------------------
const                        3.4286      0.049     69.472      0.000       3.332       3.525
FLead                        0.0530      0.008      6.610      0.000       0.037       0.069
mean_pooled                 -0.2370      0.004    -53.920      0.000      -0.246      -0.228
kim_violence_gore            0.0075      0.002      3.006      0.003       0.003       0.012
kim_sex_nudity               0.0068      0.002      3.561      0.000       0.003       0.011
kim_language                -0.0202      0.003     -6.093      0.000      -0.027      -0.014
major                       -0.0367      0.008     -4.555      0.000      -0.053      -0.021
log_bom_opening_theaters     0.0057      0.002      3.242      0.001       0.002       0.009
genres_count                -0.0069      0.007     -1.013      0.311      -0.020       0.006
yr_1993                     -0.0002      0.035     -0.006      0.995      -0.068       0.068
yr_1994                      0.0030      0.035      0.084      0.933      -0.066       0.072
yr_1995                      0.0412      0.035      1.183      0.237      -0.027       0.109
yr_1996                      0.0079      0.034      0.231      0.817      -0.059       0.075
yr_1997                      0.0065      0.035      0.186      0.852      -0.062       0.075
yr_1998                      0.0538      0.034      1.605      0.109      -0.012       0.120
yr_1999                      0.0593      0.033      1.813      0.070      -0.005       0.123
yr_2000                     -0.0076      0.034     -0.225      0.822      -0.074       0.059
yr_2001                      0.0653      0.033      1.967      0.049       0.000       0.130
yr_2002                      0.0198      0.033      0.607      0.544      -0.044       0.084
yr_2003                      0.0090      0.033      0.275      0.784      -0.055       0.073
yr_2004                      0.0736      0.033      2.257      0.024       0.010       0.137
yr_2005                      0.0605      0.032      1.868      0.062      -0.003       0.124
yr_2006                      0.1116      0.032      3.470      0.001       0.049       0.175
yr_2007                      0.1215      0.032      3.797      0.000       0.059       0.184
yr_2008                      0.0619      0.032      1.920      0.055      -0.001       0.125
yr_2009                      0.0407      0.033      1.245      0.213      -0.023       0.105
yr_2010                      0.0356      0.033      1.093      0.274      -0.028       0.099
yr_2011                      0.0408      0.032      1.275      0.202      -0.022       0.104
yr_2012                      0.0189      0.032      0.595      0.552      -0.043       0.081
yr_2013                      0.0118      0.032      0.368      0.713      -0.051       0.075
yr_2014                      0.0377      0.032      1.167      0.243      -0.026       0.101
yr_2015                     -0.0327      0.032     -1.019      0.308      -0.096       0.030
yr_2016                     -0.0370      0.032     -1.144      0.253      -0.100       0.026
yr_2017                      0.0193      0.033      0.591      0.555      -0.045       0.083
yr_2018                      0.0100      0.033      0.306      0.759      -0.054       0.074
mo_2                         0.0111      0.020      0.567      0.571      -0.027       0.049
mo_3                        -0.0066      0.019     -0.356      0.722      -0.043       0.030
mo_4                         0.0029      0.019      0.156      0.876      -0.034       0.040
mo_5                        -0.0104      0.020     -0.523      0.601      -0.049       0.028
mo_6                        -0.0243      0.020     -1.243      0.214      -0.063       0.014
mo_7                        -0.0244      0.019     -1.285      0.199      -0.062       0.013
mo_8                        -0.0252      0.018     -1.375      0.169      -0.061       0.011
mo_9                        -0.0264      0.019     -1.420      0.156      -0.063       0.010
mo_10                       -0.0082      0.018     -0.447      0.655      -0.044       0.028
mo_11                       -0.0201      0.019     -1.070      0.285      -0.057       0.017
mo_12                       -0.0233      0.018     -1.284      0.199      -0.059       0.012
genre_Action                -0.0536      0.011     -5.031      0.000      -0.075      -0.033
genre_Adventure             -0.0014      0.011     -0.125      0.901      -0.023       0.021
genre_Animation             -0.0328      0.018     -1.796      0.072      -0.069       0.003
genre_Biography             -0.0952      0.014     -6.669      0.000      -0.123      -0.067
genre_Comedy                -0.0137      0.009     -1.452      0.146      -0.032       0.005
genre_Crime                 -0.1010      0.010     -9.991      0.000      -0.121      -0.081
genre_Drama                  0.0105      0.010      1.107      0.269      -0.008       0.029
genre_Family                 0.0641      0.015      4.308      0.000       0.035       0.093
genre_Fantasy                0.0117      0.013      0.927      0.354      -0.013       0.036
genre_History                0.0318      0.020      1.558      0.119      -0.008       0.072
genre_Horror                -0.0352      0.015     -2.404      0.016      -0.064      -0.006
genre_Music                  0.1051      0.019      5.488      0.000       0.068       0.143
genre_Musical                0.3298      0.043      7.619      0.000       0.245       0.415
genre_Mystery               -0.0558      0.013     -4.418      0.000      -0.081      -0.031
genre_News                2.421e-18   3.58e-18      0.676      0.499    -4.6e-18    9.44e-18
genre_Romance               -0.0150      0.010     -1.453      0.146      -0.035       0.005
genre_Sci_Fi                -0.0106      0.014     -0.779      0.436      -0.037       0.016
genre_Short               8.638e-18   3.86e-18      2.238      0.025    1.07e-18    1.62e-17
genre_Sport                 -0.0379      0.021     -1.824      0.068      -0.079       0.003
genre_Thriller              -0.0784      0.011     -7.362      0.000      -0.099      -0.058
genre_War                    0.0088      0.029      0.301      0.764      -0.049       0.066
genre_Western               -0.0381      0.052     -0.738      0.460      -0.139       0.063
==============================================================================
Omnibus:                     1684.986   Durbin-Watson:                   2.002
Prob(Omnibus):                  0.000   Jarque-Bera (JB):            14101.737
Skew:                           1.787   Prob(JB):                         0.00
Kurtosis:                      11.461   Cond. No.                     1.02e+16
==============================================================================

Notes:
[1] Standard Errors assume that the covariance matrix of the errors is correctly specified.
[2] The smallest eigenvalue is 5.84e-27. This might indicate that there are
strong multicollinearity problems or that the design matrix is singular.