                            OLS Regression Results                            
==============================================================================
Dep. Variable:              sd_pooled   R-squared:                       0.559
Model:                            OLS   Adj. R-squared:                  0.552
Method:                 Least Squares   F-statistic:                     78.16
Date:                Tue, 31 Mar 2026   Prob (F-statistic):               0.00
Time:                        20:05:35   Log-Likelihood:                 519.50
No. Observations:                4012   AIC:                            -909.0
Df Residuals:                    3947   BIC:                            -499.7
Df Model:                          64                                         
Covariance Type:            nonrobust                                         
============================================================================================
                               coef    std err          t      P>|t|      [0.025      0.975]
--------------------------------------------------------------------------------------------
const                        3.4015      0.049     69.911      0.000       3.306       3.497
FLead                        0.0487      0.008      6.035      0.000       0.033       0.065
mean_pooled                 -0.2356      0.004    -53.460      0.000      -0.244      -0.227
kim_violence_gore            0.0145      0.003      5.772      0.000       0.010       0.019
kim_sex_nudity               0.0041      0.002      2.122      0.034       0.000       0.008
kim_language                -0.0124      0.002     -6.654      0.000      -0.016      -0.009
major                       -0.0390      0.008     -4.835      0.000      -0.055      -0.023
log_bom_opening_theaters     0.0050      0.002      2.815      0.005       0.002       0.008
genres_count                -0.0133      0.007     -1.960      0.050      -0.027    2.97e-06
yr_1993                     -0.0076      0.035     -0.219      0.827      -0.075       0.060
yr_1994                     -0.0033      0.035     -0.093      0.926      -0.073       0.066
yr_1995                      0.0415      0.035      1.192      0.233      -0.027       0.110
yr_1996                      0.0048      0.034      0.140      0.888      -0.062       0.072
yr_1997                      0.0065      0.035      0.186      0.852      -0.062       0.075
yr_1998                      0.0576      0.034      1.716      0.086      -0.008       0.123
yr_1999                      0.0639      0.033      1.956      0.051      -0.000       0.128
yr_2000                     -0.0037      0.034     -0.109      0.913      -0.070       0.062
yr_2001                      0.0623      0.033      1.882      0.060      -0.003       0.127
yr_2002                      0.0206      0.033      0.632      0.527      -0.043       0.084
yr_2003                      0.0071      0.033      0.218      0.827      -0.057       0.071
yr_2004                      0.0707      0.033      2.175      0.030       0.007       0.134
yr_2005                      0.0562      0.032      1.744      0.081      -0.007       0.119
yr_2006                      0.1071      0.032      3.344      0.001       0.044       0.170
yr_2007                      0.1193      0.032      3.740      0.000       0.057       0.182
yr_2008                      0.0605      0.032      1.884      0.060      -0.002       0.124
yr_2009                      0.0438      0.033      1.347      0.178      -0.020       0.107
yr_2010                      0.0360      0.032      1.109      0.267      -0.028       0.100
yr_2011                      0.0376      0.032      1.179      0.239      -0.025       0.100
yr_2012                      0.0206      0.032      0.650      0.516      -0.042       0.083
yr_2013                      0.0133      0.032      0.417      0.677      -0.049       0.076
yr_2014                      0.0442      0.032      1.368      0.171      -0.019       0.108
yr_2015                     -0.0261      0.032     -0.815      0.415      -0.089       0.037
yr_2016                     -0.0336      0.032     -1.039      0.299      -0.097       0.030
yr_2017                      0.0260      0.033      0.797      0.426      -0.038       0.090
yr_2018                      0.0160      0.033      0.489      0.625      -0.048       0.080
mo_2                         0.0099      0.020      0.507      0.612      -0.028       0.048
mo_3                        -0.0030      0.019     -0.159      0.873      -0.039       0.033
mo_4                         0.0020      0.019      0.106      0.916      -0.035       0.039
mo_5                        -0.0098      0.020     -0.494      0.621      -0.049       0.029
mo_6                        -0.0237      0.020     -1.213      0.225      -0.062       0.015
mo_7                        -0.0216      0.019     -1.139      0.255      -0.059       0.016
mo_8                        -0.0238      0.018     -1.301      0.193      -0.060       0.012
mo_9                        -0.0252      0.019     -1.355      0.176      -0.062       0.011
mo_10                       -0.0060      0.018     -0.327      0.744      -0.042       0.030
mo_11                       -0.0209      0.019     -1.109      0.268      -0.058       0.016
mo_12                       -0.0252      0.018     -1.384      0.166      -0.061       0.010
genre_Action                -0.0603      0.011     -5.681      0.000      -0.081      -0.039
genre_Adventure             -0.0065      0.011     -0.578      0.563      -0.029       0.016
genre_Animation             -0.0311      0.018     -1.725      0.085      -0.066       0.004
genre_Biography             -0.0889      0.014     -6.232      0.000      -0.117      -0.061
genre_Comedy                 0.0023      0.010      0.243      0.808      -0.016       0.021
genre_Crime                 -0.0878      0.010     -8.547      0.000      -0.108      -0.068
genre_Drama                  0.0156      0.010      1.634      0.102      -0.003       0.034
genre_Family                 0.0644      0.015      4.423      0.000       0.036       0.093
genre_Fantasy                0.0064      0.013      0.509      0.611      -0.018       0.031
genre_History                0.0180      0.020      0.879      0.379      -0.022       0.058
genre_Horror                -0.0402      0.015     -2.751      0.006      -0.069      -0.012
genre_Music                  0.1159      0.019      6.046      0.000       0.078       0.154
genre_Musical                0.3254      0.043      7.512      0.000       0.240       0.410
genre_Mystery               -0.0573      0.013     -4.543      0.000      -0.082      -0.033
genre_News                 1.86e-18   4.58e-18      0.406      0.685   -7.12e-18    1.08e-17
genre_Romance               -0.0082      0.010     -0.804      0.422      -0.028       0.012
genre_Sci_Fi                -0.0127      0.014     -0.930      0.352      -0.039       0.014
genre_Short               -8.58e-18   2.46e-18     -3.489      0.000   -1.34e-17   -3.76e-18
genre_Sport                 -0.0392      0.021     -1.887      0.059      -0.080       0.002
genre_Thriller              -0.0754      0.011     -7.057      0.000      -0.096      -0.054
genre_War                    0.0008      0.029      0.029      0.977      -0.056       0.058
genre_Western               -0.0546      0.052     -1.057      0.290      -0.156       0.047
==============================================================================
Omnibus:                     1639.589   Durbin-Watson:                   2.007
Prob(Omnibus):                  0.000   Jarque-Bera (JB):            13040.624
Skew:                           1.745   Prob(JB):                         0.00
Kurtosis:                      11.113   Cond. No.                     1.02e+16
==============================================================================

Notes:
[1] Standard Errors assume that the covariance matrix of the errors is correctly specified.
[2] The smallest eigenvalue is 6.37e-27. This might indicate that there are
strong multicollinearity problems or that the design matrix is singular.