                            OLS Regression Results                            
==============================================================================
Dep. Variable:              sd_pooled   R-squared:                       0.561
Model:                            OLS   Adj. R-squared:                  0.554
Method:                 Least Squares   F-statistic:                     78.81
Date:                Sun, 29 Mar 2026   Prob (F-statistic):               0.00
Time:                        15:09:57   Log-Likelihood:                 528.85
No. Observations:                4012   AIC:                            -927.7
Df Residuals:                    3947   BIC:                            -518.4
Df Model:                          64                                         
Covariance Type:            nonrobust                                         
============================================================================================
                               coef    std err          t      P>|t|      [0.025      0.975]
--------------------------------------------------------------------------------------------
const                        3.3786      0.049     69.654      0.000       3.284       3.474
FLead                        0.0457      0.008      5.682      0.000       0.030       0.061
mean_pooled                 -0.2332      0.004    -52.862      0.000      -0.242      -0.225
kim_violence_gore            0.0091      0.002      3.682      0.000       0.004       0.014
kim_sex_nudity               0.0122      0.002      6.058      0.000       0.008       0.016
kim_language                -0.0143      0.002     -7.664      0.000      -0.018      -0.011
major                       -0.0402      0.008     -4.992      0.000      -0.056      -0.024
log_bom_opening_theaters     0.0059      0.002      3.319      0.001       0.002       0.009
genres_count                -0.0079      0.007     -1.164      0.244      -0.021       0.005
yr_1993                     -0.0004      0.034     -0.011      0.991      -0.068       0.067
yr_1994                     -0.0007      0.035     -0.020      0.984      -0.070       0.068
yr_1995                      0.0472      0.035      1.359      0.174      -0.021       0.115
yr_1996                      0.0114      0.034      0.336      0.737      -0.055       0.078
yr_1997                      0.0168      0.035      0.483      0.629      -0.051       0.085
yr_1998                      0.0616      0.033      1.841      0.066      -0.004       0.127
yr_1999                      0.0644      0.033      1.976      0.048       0.000       0.128
yr_2000                     -0.0056      0.034     -0.166      0.868      -0.071       0.060
yr_2001                      0.0613      0.033      1.857      0.063      -0.003       0.126
yr_2002                      0.0197      0.032      0.607      0.544      -0.044       0.083
yr_2003                      0.0031      0.033      0.094      0.925      -0.061       0.067
yr_2004                      0.0647      0.032      1.995      0.046       0.001       0.128
yr_2005                      0.0517      0.032      1.605      0.109      -0.011       0.115
yr_2006                      0.1020      0.032      3.193      0.001       0.039       0.165
yr_2007                      0.1166      0.032      3.665      0.000       0.054       0.179
yr_2008                      0.0576      0.032      1.797      0.072      -0.005       0.120
yr_2009                      0.0364      0.032      1.120      0.263      -0.027       0.100
yr_2010                      0.0314      0.032      0.970      0.332      -0.032       0.095
yr_2011                      0.0345      0.032      1.085      0.278      -0.028       0.097
yr_2012                      0.0196      0.032      0.619      0.536      -0.042       0.082
yr_2013                      0.0119      0.032      0.374      0.708      -0.051       0.074
yr_2014                      0.0428      0.032      1.327      0.185      -0.020       0.106
yr_2015                     -0.0291      0.032     -0.910      0.363      -0.092       0.034
yr_2016                     -0.0318      0.032     -0.986      0.324      -0.095       0.031
yr_2017                      0.0235      0.033      0.721      0.471      -0.040       0.087
yr_2018                      0.0187      0.033      0.573      0.567      -0.045       0.083
mo_2                         0.0069      0.019      0.352      0.725      -0.031       0.045
mo_3                        -0.0031      0.019     -0.170      0.865      -0.039       0.033
mo_4                         0.0012      0.019      0.066      0.947      -0.035       0.038
mo_5                        -0.0123      0.020     -0.625      0.532      -0.051       0.026
mo_6                        -0.0260      0.019     -1.335      0.182      -0.064       0.012
mo_7                        -0.0239      0.019     -1.263      0.206      -0.061       0.013
mo_8                        -0.0259      0.018     -1.418      0.156      -0.062       0.010
mo_9                        -0.0279      0.019     -1.502      0.133      -0.064       0.009
mo_10                       -0.0059      0.018     -0.323      0.747      -0.042       0.030
mo_11                       -0.0242      0.019     -1.291      0.197      -0.061       0.013
mo_12                       -0.0255      0.018     -1.405      0.160      -0.061       0.010
genre_Action                -0.0517      0.011     -4.897      0.000      -0.072      -0.031
genre_Adventure             -0.0053      0.011     -0.474      0.635      -0.027       0.017
genre_Animation             -0.0304      0.018     -1.692      0.091      -0.066       0.005
genre_Biography             -0.0932      0.014     -6.542      0.000      -0.121      -0.065
genre_Comedy                -0.0085      0.009     -0.904      0.366      -0.027       0.010
genre_Crime                 -0.0874      0.010     -8.529      0.000      -0.107      -0.067
genre_Drama                  0.0120      0.010      1.259      0.208      -0.007       0.031
genre_Family                 0.0684      0.015      4.701      0.000       0.040       0.097
genre_Fantasy                0.0047      0.013      0.372      0.710      -0.020       0.030
genre_History                0.0204      0.020      0.997      0.319      -0.020       0.060
genre_Horror                -0.0260      0.014     -1.807      0.071      -0.054       0.002
genre_Music                  0.1063      0.019      5.577      0.000       0.069       0.144
genre_Musical                0.3144      0.043      7.276      0.000       0.230       0.399
genre_Mystery               -0.0591      0.013     -4.691      0.000      -0.084      -0.034
genre_News               -1.204e-17   6.29e-18     -1.916      0.055   -2.44e-17    2.81e-19
genre_Romance               -0.0232      0.010     -2.266      0.023      -0.043      -0.003
genre_Sci_Fi                -0.0121      0.014     -0.891      0.373      -0.039       0.015
genre_Short               1.925e-18   1.49e-18      1.295      0.196    -9.9e-19    4.84e-18
genre_Sport                 -0.0400      0.021     -1.928      0.054      -0.081       0.001
genre_Thriller              -0.0737      0.011     -6.912      0.000      -0.095      -0.053
genre_War                    0.0170      0.029      0.584      0.559      -0.040       0.074
genre_Western               -0.0406      0.051     -0.789      0.430      -0.142       0.060
==============================================================================
Omnibus:                     1650.544   Durbin-Watson:                   2.006
Prob(Omnibus):                  0.000   Jarque-Bera (JB):            13422.448
Skew:                           1.752   Prob(JB):                         0.00
Kurtosis:                      11.247   Cond. No.                     1.02e+16
==============================================================================

Notes:
[1] Standard Errors assume that the covariance matrix of the errors is correctly specified.
[2] The smallest eigenvalue is 6.39e-27. This might indicate that there are
strong multicollinearity problems or that the design matrix is singular.