                            OLS Regression Results                            
==============================================================================
Dep. Variable:              sd_pooled   R-squared:                       0.559
Model:                            OLS   Adj. R-squared:                  0.552
Method:                 Least Squares   F-statistic:                     78.21
Date:                Sun, 29 Mar 2026   Prob (F-statistic):               0.00
Time:                        15:21:25   Log-Likelihood:                 520.31
No. Observations:                4012   AIC:                            -910.6
Df Residuals:                    3947   BIC:                            -501.3
Df Model:                          64                                         
Covariance Type:            nonrobust                                         
============================================================================================
                               coef    std err          t      P>|t|      [0.025      0.975]
--------------------------------------------------------------------------------------------
const                        3.3978      0.049     69.755      0.000       3.302       3.493
FLead                        0.0483      0.008      5.981      0.000       0.032       0.064
mean_pooled                 -0.2352      0.004    -53.233      0.000      -0.244      -0.227
kim_violence_gore            0.0143      0.003      5.651      0.000       0.009       0.019
kim_sex_nudity               0.0046      0.002      2.470      0.014       0.001       0.008
kim_language                -0.0127      0.002     -6.780      0.000      -0.016      -0.009
major                       -0.0385      0.008     -4.768      0.000      -0.054      -0.023
log_bom_opening_theaters     0.0050      0.002      2.847      0.004       0.002       0.009
genres_count                -0.0132      0.007     -1.949      0.051      -0.026    7.76e-05
yr_1993                     -0.0086      0.035     -0.248      0.804      -0.076       0.059
yr_1994                     -0.0021      0.035     -0.059      0.953      -0.071       0.067
yr_1995                      0.0422      0.035      1.212      0.226      -0.026       0.110
yr_1996                      0.0044      0.034      0.130      0.896      -0.062       0.071
yr_1997                      0.0062      0.035      0.178      0.859      -0.062       0.074
yr_1998                      0.0565      0.034      1.683      0.092      -0.009       0.122
yr_1999                      0.0640      0.033      1.957      0.050      -0.000       0.128
yr_2000                     -0.0025      0.034     -0.074      0.941      -0.068       0.064
yr_2001                      0.0617      0.033      1.865      0.062      -0.003       0.127
yr_2002                      0.0208      0.033      0.639      0.523      -0.043       0.085
yr_2003                      0.0079      0.033      0.242      0.809      -0.056       0.072
yr_2004                      0.0716      0.032      2.205      0.027       0.008       0.135
yr_2005                      0.0558      0.032      1.730      0.084      -0.007       0.119
yr_2006                      0.1066      0.032      3.330      0.001       0.044       0.169
yr_2007                      0.1191      0.032      3.733      0.000       0.057       0.182
yr_2008                      0.0603      0.032      1.879      0.060      -0.003       0.123
yr_2009                      0.0431      0.032      1.325      0.185      -0.021       0.107
yr_2010                      0.0357      0.032      1.101      0.271      -0.028       0.099
yr_2011                      0.0374      0.032      1.175      0.240      -0.025       0.100
yr_2012                      0.0206      0.032      0.650      0.515      -0.042       0.083
yr_2013                      0.0140      0.032      0.438      0.661      -0.049       0.077
yr_2014                      0.0440      0.032      1.361      0.174      -0.019       0.107
yr_2015                     -0.0265      0.032     -0.828      0.408      -0.089       0.036
yr_2016                     -0.0338      0.032     -1.044      0.297      -0.097       0.030
yr_2017                      0.0266      0.033      0.814      0.416      -0.037       0.091
yr_2018                      0.0156      0.033      0.477      0.633      -0.049       0.080
mo_2                         0.0105      0.020      0.537      0.591      -0.028       0.049
mo_3                        -0.0033      0.019     -0.177      0.860      -0.040       0.033
mo_4                         0.0015      0.019      0.081      0.935      -0.035       0.038
mo_5                        -0.0094      0.020     -0.475      0.635      -0.048       0.029
mo_6                        -0.0232      0.020     -1.188      0.235      -0.061       0.015
mo_7                        -0.0205      0.019     -1.079      0.280      -0.058       0.017
mo_8                        -0.0238      0.018     -1.300      0.194      -0.060       0.012
mo_9                        -0.0259      0.019     -1.393      0.164      -0.062       0.011
mo_10                       -0.0051      0.018     -0.281      0.779      -0.041       0.031
mo_11                       -0.0204      0.019     -1.084      0.278      -0.057       0.016
mo_12                       -0.0247      0.018     -1.357      0.175      -0.060       0.011
genre_Action                -0.0601      0.011     -5.666      0.000      -0.081      -0.039
genre_Adventure             -0.0066      0.011     -0.588      0.557      -0.029       0.015
genre_Animation             -0.0305      0.018     -1.693      0.091      -0.066       0.005
genre_Biography             -0.0904      0.014     -6.332      0.000      -0.118      -0.062
genre_Comedy                 0.0025      0.009      0.259      0.796      -0.016       0.021
genre_Crime                 -0.0871      0.010     -8.473      0.000      -0.107      -0.067
genre_Drama                  0.0153      0.010      1.606      0.108      -0.003       0.034
genre_Family                 0.0644      0.015      4.422      0.000       0.036       0.093
genre_Fantasy                0.0073      0.013      0.577      0.564      -0.018       0.032
genre_History                0.0189      0.020      0.925      0.355      -0.021       0.059
genre_Horror                -0.0402      0.015     -2.754      0.006      -0.069      -0.012
genre_Music                  0.1172      0.019      6.121      0.000       0.080       0.155
genre_Musical                0.3235      0.043      7.467      0.000       0.239       0.408
genre_Mystery               -0.0576      0.013     -4.562      0.000      -0.082      -0.033
genre_News                3.206e-18   5.53e-18      0.580      0.562   -7.63e-18     1.4e-17
genre_Romance               -0.0084      0.010     -0.828      0.408      -0.028       0.011
genre_Sci_Fi                -0.0132      0.014     -0.972      0.331      -0.040       0.013
genre_Short               7.827e-19      2e-18      0.392      0.695   -3.14e-18     4.7e-18
genre_Sport                 -0.0392      0.021     -1.884      0.060      -0.080       0.002
genre_Thriller              -0.0755      0.011     -7.065      0.000      -0.096      -0.055
genre_War                    0.0013      0.029      0.045      0.964      -0.056       0.059
genre_Western               -0.0549      0.052     -1.064      0.287      -0.156       0.046
==============================================================================
Omnibus:                     1638.365   Durbin-Watson:                   2.007
Prob(Omnibus):                  0.000   Jarque-Bera (JB):            13018.506
Skew:                           1.744   Prob(JB):                         0.00
Kurtosis:                      11.106   Cond. No.                     1.02e+16
==============================================================================

Notes:
[1] Standard Errors assume that the covariance matrix of the errors is correctly specified.
[2] The smallest eigenvalue is 6.38e-27. This might indicate that there are
strong multicollinearity problems or that the design matrix is singular.