                            OLS Regression Results                            
==============================================================================
Dep. Variable:              sd_pooled   R-squared:                       0.562
Model:                            OLS   Adj. R-squared:                  0.555
Method:                 Least Squares   F-statistic:                     79.04
Date:                Sun, 29 Mar 2026   Prob (F-statistic):               0.00
Time:                        15:59:46   Log-Likelihood:                 532.11
No. Observations:                4012   AIC:                            -934.2
Df Residuals:                    3947   BIC:                            -524.9
Df Model:                          64                                         
Covariance Type:            nonrobust                                         
============================================================================================
                               coef    std err          t      P>|t|      [0.025      0.975]
--------------------------------------------------------------------------------------------
const                        3.3874      0.048     70.093      0.000       3.293       3.482
FLead                        0.0467      0.008      5.805      0.000       0.031       0.062
mean_pooled                 -0.2340      0.004    -53.178      0.000      -0.243      -0.225
kim_violence_gore            0.0123      0.003      4.822      0.000       0.007       0.017
kim_sex_nudity               0.0114      0.002      5.632      0.000       0.007       0.015
kim_language                -0.0150      0.002     -7.992      0.000      -0.019      -0.011
major                       -0.0376      0.008     -4.720      0.000      -0.053      -0.022
log_bom_opening_theaters     0.0047      0.002      2.670      0.008       0.001       0.008
genres_count                -0.0093      0.007     -1.372      0.170      -0.023       0.004
yr_1993                     -0.0061      0.034     -0.178      0.859      -0.074       0.061
yr_1994                     -0.0034      0.035     -0.097      0.923      -0.072       0.066
yr_1995                      0.0436      0.035      1.256      0.209      -0.024       0.112
yr_1996                      0.0089      0.034      0.261      0.794      -0.058       0.076
yr_1997                      0.0132      0.035      0.379      0.705      -0.055       0.081
yr_1998                      0.0597      0.033      1.783      0.075      -0.006       0.125
yr_1999                      0.0607      0.033      1.862      0.063      -0.003       0.125
yr_2000                     -0.0086      0.034     -0.255      0.799      -0.074       0.057
yr_2001                      0.0563      0.033      1.706      0.088      -0.008       0.121
yr_2002                      0.0160      0.032      0.493      0.622      -0.048       0.080
yr_2003                   1.326e-05      0.033      0.000      1.000      -0.064       0.064
yr_2004                      0.0616      0.032      1.897      0.058      -0.002       0.125
yr_2005                      0.0481      0.032      1.495      0.135      -0.015       0.111
yr_2006                      0.0972      0.032      3.040      0.002       0.035       0.160
yr_2007                      0.1109      0.032      3.481      0.001       0.048       0.173
yr_2008                      0.0525      0.032      1.637      0.102      -0.010       0.115
yr_2009                      0.0321      0.032      0.987      0.324      -0.032       0.096
yr_2010                      0.0268      0.032      0.827      0.408      -0.037       0.090
yr_2011                      0.0298      0.032      0.936      0.349      -0.033       0.092
yr_2012                      0.0147      0.032      0.463      0.643      -0.047       0.077
yr_2013                      0.0071      0.032      0.223      0.824      -0.055       0.070
yr_2014                      0.0401      0.032      1.244      0.214      -0.023       0.103
yr_2015                     -0.0313      0.032     -0.978      0.328      -0.094       0.031
yr_2016                     -0.0352      0.032     -1.092      0.275      -0.098       0.028
yr_2017                      0.0217      0.033      0.668      0.504      -0.042       0.086
yr_2018                      0.0159      0.033      0.487      0.626      -0.048       0.080
mo_2                         0.0082      0.019      0.419      0.675      -0.030       0.046
mo_3                        -0.0044      0.019     -0.235      0.814      -0.041       0.032
mo_4                         0.0004      0.019      0.022      0.982      -0.036       0.037
mo_5                        -0.0126      0.020     -0.641      0.522      -0.051       0.026
mo_6                        -0.0254      0.019     -1.306      0.192      -0.064       0.013
mo_7                        -0.0235      0.019     -1.243      0.214      -0.061       0.014
mo_8                        -0.0255      0.018     -1.396      0.163      -0.061       0.010
mo_9                        -0.0275      0.019     -1.482      0.138      -0.064       0.009
mo_10                       -0.0070      0.018     -0.386      0.700      -0.043       0.029
mo_11                       -0.0243      0.019     -1.294      0.196      -0.061       0.013
mo_12                       -0.0274      0.018     -1.510      0.131      -0.063       0.008
genre_Action                -0.0551      0.011     -5.192      0.000      -0.076      -0.034
genre_Adventure             -0.0055      0.011     -0.488      0.626      -0.028       0.017
genre_Animation             -0.0281      0.018     -1.563      0.118      -0.063       0.007
genre_Biography             -0.0930      0.014     -6.541      0.000      -0.121      -0.065
genre_Comedy                -0.0032      0.010     -0.335      0.738      -0.022       0.015
genre_Crime                 -0.0890      0.010     -8.687      0.000      -0.109      -0.069
genre_Drama                  0.0125      0.009      1.320      0.187      -0.006       0.031
genre_Family                 0.0716      0.015      4.913      0.000       0.043       0.100
genre_Fantasy                0.0040      0.013      0.316      0.752      -0.021       0.029
genre_History                0.0178      0.020      0.873      0.383      -0.022       0.058
genre_Horror                -0.0337      0.015     -2.310      0.021      -0.062      -0.005
genre_Music                  0.1119      0.019      5.851      0.000       0.074       0.149
genre_Musical                0.3192      0.043      7.390      0.000       0.235       0.404
genre_Mystery               -0.0588      0.013     -4.676      0.000      -0.083      -0.034
genre_News               -6.051e-18   8.21e-18     -0.737      0.461   -2.21e-17       1e-17
genre_Romance               -0.0187      0.010     -1.816      0.069      -0.039       0.001
genre_Sci_Fi                -0.0128      0.014     -0.942      0.346      -0.039       0.014
genre_Short              -5.134e-18   6.37e-18     -0.806      0.420   -1.76e-17    7.35e-18
genre_Sport                 -0.0368      0.021     -1.776      0.076      -0.077       0.004
genre_Thriller              -0.0741      0.011     -6.955      0.000      -0.095      -0.053
genre_War                    0.0095      0.029      0.326      0.745      -0.048       0.067
genre_Western               -0.0469      0.051     -0.912      0.362      -0.148       0.054
==============================================================================
Omnibus:                     1651.571   Durbin-Watson:                   2.006
Prob(Omnibus):                  0.000   Jarque-Bera (JB):            13431.014
Skew:                           1.753   Prob(JB):                         0.00
Kurtosis:                      11.249   Cond. No.                     1.02e+16
==============================================================================

Notes:
[1] Standard Errors assume that the covariance matrix of the errors is correctly specified.
[2] The smallest eigenvalue is 6.31e-27. This might indicate that there are
strong multicollinearity problems or that the design matrix is singular.