                            OLS Regression Results                            
==============================================================================
Dep. Variable:              sd_pooled   R-squared:                       0.558
Model:                            OLS   Adj. R-squared:                  0.551
Method:                 Least Squares   F-statistic:                     78.01
Date:                Tue, 31 Mar 2026   Prob (F-statistic):               0.00
Time:                        23:35:40   Log-Likelihood:                 517.45
No. Observations:                4012   AIC:                            -904.9
Df Residuals:                    3947   BIC:                            -495.6
Df Model:                          64                                         
Covariance Type:            nonrobust                                         
============================================================================================
                               coef    std err          t      P>|t|      [0.025      0.975]
--------------------------------------------------------------------------------------------
const                        3.4124      0.049     70.187      0.000       3.317       3.508
FLead                        0.0497      0.008      6.175      0.000       0.034       0.066
mean_pooled                 -0.2361      0.004    -53.570      0.000      -0.245      -0.227
kim_violence_gore            0.0151      0.003      6.039      0.000       0.010       0.020
kim_sex_nudity               0.0017      0.003      0.681      0.496      -0.003       0.007
kim_language                -0.0113      0.002     -6.268      0.000      -0.015      -0.008
major                       -0.0399      0.008     -4.946      0.000      -0.056      -0.024
log_bom_opening_theaters     0.0047      0.002      2.663      0.008       0.001       0.008
genres_count                -0.0146      0.007     -2.154      0.031      -0.028      -0.001
yr_1993                     -0.0090      0.035     -0.260      0.795      -0.077       0.059
yr_1994                     -0.0033      0.035     -0.093      0.926      -0.073       0.066
yr_1995                      0.0399      0.035      1.145      0.252      -0.028       0.108
yr_1996                      0.0026      0.034      0.078      0.938      -0.064       0.070
yr_1997                      0.0042      0.035      0.120      0.904      -0.064       0.072
yr_1998                      0.0562      0.034      1.673      0.094      -0.010       0.122
yr_1999                      0.0629      0.033      1.920      0.055      -0.001       0.127
yr_2000                     -0.0033      0.034     -0.099      0.921      -0.069       0.063
yr_2001                      0.0625      0.033      1.884      0.060      -0.003       0.128
yr_2002                      0.0201      0.033      0.615      0.538      -0.044       0.084
yr_2003                      0.0074      0.033      0.226      0.821      -0.057       0.072
yr_2004                      0.0718      0.033      2.201      0.028       0.008       0.136
yr_2005                      0.0554      0.032      1.713      0.087      -0.008       0.119
yr_2006                      0.1071      0.032      3.337      0.001       0.044       0.170
yr_2007                      0.1195      0.032      3.735      0.000       0.057       0.182
yr_2008                      0.0604      0.032      1.876      0.061      -0.003       0.124
yr_2009                      0.0443      0.033      1.360      0.174      -0.020       0.108
yr_2010                      0.0361      0.032      1.111      0.266      -0.028       0.100
yr_2011                      0.0383      0.032      1.198      0.231      -0.024       0.101
yr_2012                      0.0206      0.032      0.649      0.517      -0.042       0.083
yr_2013                      0.0130      0.032      0.407      0.684      -0.050       0.076
yr_2014                      0.0427      0.032      1.318      0.188      -0.021       0.106
yr_2015                     -0.0269      0.032     -0.837      0.403      -0.090       0.036
yr_2016                     -0.0345      0.032     -1.066      0.287      -0.098       0.029
yr_2017                      0.0245      0.033      0.749      0.454      -0.040       0.089
yr_2018                      0.0147      0.033      0.447      0.655      -0.050       0.079
mo_2                         0.0107      0.020      0.546      0.585      -0.028       0.049
mo_3                        -0.0026      0.019     -0.140      0.888      -0.039       0.034
mo_4                         0.0026      0.019      0.137      0.891      -0.034       0.039
mo_5                        -0.0092      0.020     -0.467      0.640      -0.048       0.030
mo_6                        -0.0227      0.020     -1.160      0.246      -0.061       0.016
mo_7                        -0.0206      0.019     -1.086      0.277      -0.058       0.017
mo_8                        -0.0234      0.018     -1.276      0.202      -0.059       0.013
mo_9                        -0.0253      0.019     -1.356      0.175      -0.062       0.011
mo_10                       -0.0055      0.018     -0.301      0.764      -0.041       0.030
mo_11                       -0.0195      0.019     -1.039      0.299      -0.056       0.017
mo_12                       -0.0251      0.018     -1.379      0.168      -0.061       0.011
genre_Action                -0.0613      0.011     -5.772      0.000      -0.082      -0.040
genre_Adventure             -0.0068      0.011     -0.598      0.550      -0.029       0.015
genre_Animation             -0.0313      0.018     -1.734      0.083      -0.067       0.004
genre_Biography             -0.0895      0.014     -6.265      0.000      -0.117      -0.061
genre_Comedy                 0.0032      0.010      0.340      0.734      -0.015       0.022
genre_Crime                 -0.0878      0.010     -8.540      0.000      -0.108      -0.068
genre_Drama                  0.0154      0.010      1.613      0.107      -0.003       0.034
genre_Family                 0.0638      0.015      4.350      0.000       0.035       0.093
genre_Fantasy                0.0068      0.013      0.533      0.594      -0.018       0.032
genre_History                0.0194      0.020      0.946      0.344      -0.021       0.060
genre_Horror                -0.0427      0.015     -2.928      0.003      -0.071      -0.014
genre_Music                  0.1171      0.019      6.103      0.000       0.079       0.155
genre_Musical                0.3270      0.043      7.542      0.000       0.242       0.412
genre_Mystery               -0.0566      0.013     -4.482      0.000      -0.081      -0.032
genre_News               -4.165e-18   4.17e-18     -1.000      0.317   -1.23e-17       4e-18
genre_Romance               -0.0061      0.010     -0.599      0.549      -0.026       0.014
genre_Sci_Fi                -0.0133      0.014     -0.975      0.330      -0.040       0.013
genre_Short              -2.939e-18   3.52e-18     -0.836      0.403   -9.83e-18    3.95e-18
genre_Sport                 -0.0386      0.021     -1.856      0.063      -0.079       0.002
genre_Thriller              -0.0757      0.011     -7.081      0.000      -0.097      -0.055
genre_War                   -0.0010      0.029     -0.034      0.973      -0.058       0.056
genre_Western               -0.0567      0.052     -1.097      0.273      -0.158       0.045
==============================================================================
Omnibus:                     1635.210   Durbin-Watson:                   2.006
Prob(Omnibus):                  0.000   Jarque-Bera (JB):            12900.483
Skew:                           1.742   Prob(JB):                         0.00
Kurtosis:                      11.064   Cond. No.                     1.02e+16
==============================================================================

Notes:
[1] Standard Errors assume that the covariance matrix of the errors is correctly specified.
[2] The smallest eigenvalue is 6.11e-27. This might indicate that there are
strong multicollinearity problems or that the design matrix is singular.