                            OLS Regression Results                            
==============================================================================
Dep. Variable:              sd_pooled   R-squared:                       0.562
Model:                            OLS   Adj. R-squared:                  0.555
Method:                 Least Squares   F-statistic:                     79.14
Date:                Tue, 31 Mar 2026   Prob (F-statistic):               0.00
Time:                        18:33:26   Log-Likelihood:                 533.54
No. Observations:                4012   AIC:                            -937.1
Df Residuals:                    3947   BIC:                            -527.8
Df Model:                          64                                         
Covariance Type:            nonrobust                                         
============================================================================================
                               coef    std err          t      P>|t|      [0.025      0.975]
--------------------------------------------------------------------------------------------
const                        3.3787      0.048     69.760      0.000       3.284       3.474
FLead                        0.0469      0.008      5.835      0.000       0.031       0.063
mean_pooled                 -0.2335      0.004    -52.977      0.000      -0.242      -0.225
kim_violence_gore            0.0122      0.003      4.778      0.000       0.007       0.017
kim_sex_nudity               0.0115      0.002      5.672      0.000       0.008       0.015
kim_language                -0.0149      0.002     -7.972      0.000      -0.019      -0.011
major                       -0.0397      0.008     -4.929      0.000      -0.055      -0.024
log_bom_opening_theaters     0.0056      0.002      3.154      0.002       0.002       0.009
genres_count                -0.0096      0.007     -1.412      0.158      -0.023       0.004
yr_1993                     -0.0058      0.034     -0.170      0.865      -0.073       0.062
yr_1994                     -0.0028      0.035     -0.080      0.936      -0.072       0.066
yr_1995                      0.0437      0.035      1.261      0.207      -0.024       0.112
yr_1996                      0.0089      0.034      0.261      0.794      -0.058       0.076
yr_1997                      0.0132      0.035      0.381      0.703      -0.055       0.081
yr_1998                      0.0593      0.033      1.773      0.076      -0.006       0.125
yr_1999                      0.0605      0.033      1.856      0.063      -0.003       0.124
yr_2000                     -0.0089      0.034     -0.264      0.791      -0.075       0.057
yr_2001                      0.0562      0.033      1.702      0.089      -0.009       0.121
yr_2002                      0.0162      0.032      0.501      0.617      -0.047       0.080
yr_2003                     -0.0002      0.033     -0.006      0.995      -0.064       0.064
yr_2004                      0.0611      0.032      1.885      0.060      -0.002       0.125
yr_2005                      0.0480      0.032      1.493      0.136      -0.015       0.111
yr_2006                      0.0970      0.032      3.033      0.002       0.034       0.160
yr_2007                      0.1101      0.032      3.457      0.001       0.048       0.172
yr_2008                      0.0521      0.032      1.624      0.104      -0.011       0.115
yr_2009                      0.0317      0.032      0.977      0.328      -0.032       0.095
yr_2010                      0.0266      0.032      0.820      0.412      -0.037       0.090
yr_2011                      0.0297      0.032      0.934      0.350      -0.033       0.092
yr_2012                      0.0149      0.032      0.470      0.638      -0.047       0.077
yr_2013                      0.0072      0.032      0.227      0.820      -0.055       0.070
yr_2014                      0.0400      0.032      1.241      0.215      -0.023       0.103
yr_2015                     -0.0314      0.032     -0.983      0.326      -0.094       0.031
yr_2016                     -0.0355      0.032     -1.103      0.270      -0.099       0.028
yr_2017                      0.0211      0.033      0.649      0.516      -0.043       0.085
yr_2018                      0.0150      0.033      0.460      0.645      -0.049       0.079
mo_2                         0.0079      0.019      0.408      0.683      -0.030       0.046
mo_3                        -0.0040      0.019     -0.214      0.831      -0.040       0.032
mo_4                         0.0009      0.019      0.047      0.962      -0.036       0.038
mo_5                        -0.0123      0.020     -0.626      0.532      -0.051       0.026
mo_6                        -0.0252      0.019     -1.293      0.196      -0.063       0.013
mo_7                        -0.0231      0.019     -1.222      0.222      -0.060       0.014
mo_8                        -0.0249      0.018     -1.366      0.172      -0.061       0.011
mo_9                        -0.0275      0.019     -1.482      0.138      -0.064       0.009
mo_10                       -0.0068      0.018     -0.372      0.710      -0.043       0.029
mo_11                       -0.0239      0.019     -1.273      0.203      -0.061       0.013
mo_12                       -0.0261      0.018     -1.438      0.150      -0.062       0.009
genre_Action                -0.0553      0.011     -5.214      0.000      -0.076      -0.035
genre_Adventure             -0.0058      0.011     -0.514      0.607      -0.028       0.016
genre_Animation             -0.0281      0.018     -1.563      0.118      -0.063       0.007
genre_Biography             -0.0925      0.014     -6.504      0.000      -0.120      -0.065
genre_Comedy                -0.0031      0.010     -0.324      0.746      -0.022       0.016
genre_Crime                 -0.0890      0.010     -8.689      0.000      -0.109      -0.069
genre_Drama                  0.0137      0.010      1.438      0.151      -0.005       0.032
genre_Family                 0.0713      0.015      4.898      0.000       0.043       0.100
genre_Fantasy                0.0041      0.013      0.323      0.746      -0.021       0.029
genre_History                0.0184      0.020      0.901      0.368      -0.022       0.058
genre_Horror                -0.0343      0.015     -2.350      0.019      -0.063      -0.006
genre_Music                  0.1116      0.019      5.837      0.000       0.074       0.149
genre_Musical                0.3186      0.043      7.379      0.000       0.234       0.403
genre_Mystery               -0.0586      0.013     -4.662      0.000      -0.083      -0.034
genre_News                5.236e-18   3.62e-18      1.447      0.148   -1.86e-18    1.23e-17
genre_Romance               -0.0185      0.010     -1.799      0.072      -0.039       0.002
genre_Sci_Fi                -0.0129      0.014     -0.953      0.341      -0.040       0.014
genre_Short               7.121e-18   4.11e-18      1.731      0.084   -9.44e-19    1.52e-17
genre_Sport                 -0.0374      0.021     -1.805      0.071      -0.078       0.003
genre_Thriller              -0.0739      0.011     -6.940      0.000      -0.095      -0.053
genre_War                    0.0097      0.029      0.333      0.739      -0.047       0.067
genre_Western               -0.0476      0.051     -0.925      0.355      -0.148       0.053
==============================================================================
Omnibus:                     1647.378   Durbin-Watson:                   2.006
Prob(Omnibus):                  0.000   Jarque-Bera (JB):            13342.514
Skew:                           1.749   Prob(JB):                         0.00
Kurtosis:                      11.221   Cond. No.                     1.02e+16
==============================================================================

Notes:
[1] Standard Errors assume that the covariance matrix of the errors is correctly specified.
[2] The smallest eigenvalue is 6.39e-27. This might indicate that there are
strong multicollinearity problems or that the design matrix is singular.