                            OLS Regression Results                            
==============================================================================
Dep. Variable:              sd_pooled   R-squared:                       0.560
Model:                            OLS   Adj. R-squared:                  0.553
Method:                 Least Squares   F-statistic:                     78.55
Date:                Tue, 31 Mar 2026   Prob (F-statistic):               0.00
Time:                        15:06:59   Log-Likelihood:                 525.20
No. Observations:                4012   AIC:                            -920.4
Df Residuals:                    3947   BIC:                            -511.1
Df Model:                          64                                         
Covariance Type:            nonrobust                                         
============================================================================================
                               coef    std err          t      P>|t|      [0.025      0.975]
--------------------------------------------------------------------------------------------
const                        3.3907      0.048     70.049      0.000       3.296       3.486
FLead                        0.0454      0.008      5.643      0.000       0.030       0.061
mean_pooled                 -0.2325      0.004    -52.745      0.000      -0.241      -0.224
kim_violence_gore            0.0050      0.002      2.524      0.012       0.001       0.009
kim_sex_nudity               0.0129      0.002      6.470      0.000       0.009       0.017
kim_language                -0.0139      0.002     -7.449      0.000      -0.018      -0.010
major                       -0.0399      0.008     -4.949      0.000      -0.056      -0.024
log_bom_opening_theaters     0.0058      0.002      3.272      0.001       0.002       0.009
genres_count                -0.0064      0.007     -0.950      0.342      -0.020       0.007
yr_1993                     -0.0033      0.035     -0.095      0.924      -0.071       0.064
yr_1994                     -0.0003      0.035     -0.008      0.993      -0.069       0.069
yr_1995                      0.0475      0.035      1.368      0.172      -0.021       0.116
yr_1996                      0.0119      0.034      0.350      0.727      -0.055       0.079
yr_1997                      0.0178      0.035      0.514      0.607      -0.050       0.086
yr_1998                      0.0604      0.034      1.802      0.072      -0.005       0.126
yr_1999                      0.0652      0.033      1.999      0.046       0.001       0.129
yr_2000                     -0.0054      0.034     -0.160      0.873      -0.071       0.061
yr_2001                      0.0631      0.033      1.910      0.056      -0.002       0.128
yr_2002                      0.0204      0.032      0.628      0.530      -0.043       0.084
yr_2003                      0.0017      0.033      0.052      0.958      -0.063       0.066
yr_2004                      0.0659      0.033      2.026      0.043       0.002       0.130
yr_2005                      0.0541      0.032      1.678      0.093      -0.009       0.117
yr_2006                      0.1042      0.032      3.255      0.001       0.041       0.167
yr_2007                      0.1182      0.032      3.711      0.000       0.056       0.181
yr_2008                      0.0592      0.032      1.846      0.065      -0.004       0.122
yr_2009                      0.0380      0.033      1.169      0.242      -0.026       0.102
yr_2010                      0.0330      0.032      1.018      0.309      -0.031       0.097
yr_2011                      0.0357      0.032      1.120      0.263      -0.027       0.098
yr_2012                      0.0205      0.032      0.647      0.518      -0.042       0.083
yr_2013                      0.0123      0.032      0.384      0.701      -0.050       0.075
yr_2014                      0.0423      0.032      1.310      0.190      -0.021       0.106
yr_2015                     -0.0296      0.032     -0.924      0.355      -0.092       0.033
yr_2016                     -0.0326      0.032     -1.008      0.313      -0.096       0.031
yr_2017                      0.0232      0.033      0.711      0.477      -0.041       0.087
yr_2018                      0.0191      0.033      0.584      0.559      -0.045       0.083
mo_2                         0.0064      0.019      0.326      0.744      -0.032       0.045
mo_3                        -0.0056      0.019     -0.301      0.764      -0.042       0.031
mo_4                         0.0009      0.019      0.048      0.962      -0.036       0.038
mo_5                        -0.0125      0.020     -0.630      0.529      -0.051       0.026
mo_6                        -0.0271      0.019     -1.392      0.164      -0.065       0.011
mo_7                        -0.0249      0.019     -1.314      0.189      -0.062       0.012
mo_8                        -0.0269      0.018     -1.475      0.140      -0.063       0.009
mo_9                        -0.0299      0.019     -1.607      0.108      -0.066       0.007
mo_10                       -0.0066      0.018     -0.359      0.719      -0.042       0.029
mo_11                       -0.0249      0.019     -1.323      0.186      -0.062       0.012
mo_12                       -0.0262      0.018     -1.441      0.150      -0.062       0.009
genre_Action                -0.0480      0.010     -4.582      0.000      -0.069      -0.027
genre_Adventure             -0.0048      0.011     -0.424      0.672      -0.027       0.017
genre_Animation             -0.0335      0.018     -1.865      0.062      -0.069       0.002
genre_Biography             -0.0945      0.014     -6.633      0.000      -0.122      -0.067
genre_Comedy                -0.0152      0.009     -1.674      0.094      -0.033       0.003
genre_Crime                 -0.0851      0.010     -8.325      0.000      -0.105      -0.065
genre_Drama                  0.0089      0.009      0.940      0.347      -0.010       0.027
genre_Family                 0.0655      0.015      4.509      0.000       0.037       0.094
genre_Fantasy                0.0048      0.013      0.380      0.704      -0.020       0.030
genre_History                0.0217      0.020      1.063      0.288      -0.018       0.062
genre_Horror                -0.0172      0.014     -1.223      0.221      -0.045       0.010
genre_Music                  0.1017      0.019      5.352      0.000       0.064       0.139
genre_Musical                0.3146      0.043      7.271      0.000       0.230       0.399
genre_Mystery               -0.0593      0.013     -4.702      0.000      -0.084      -0.035
genre_News                9.516e-18   3.97e-18      2.396      0.017    1.73e-18    1.73e-17
genre_Romance               -0.0286      0.010     -2.858      0.004      -0.048      -0.009
genre_Sci_Fi                -0.0118      0.014     -0.871      0.384      -0.038       0.015
genre_Short              -2.398e-19   5.73e-18     -0.042      0.967   -1.15e-17     1.1e-17
genre_Sport                 -0.0435      0.021     -2.098      0.036      -0.084      -0.003
genre_Thriller              -0.0730      0.011     -6.843      0.000      -0.094      -0.052
genre_War                    0.0235      0.029      0.808      0.419      -0.033       0.080
genre_Western               -0.0327      0.051     -0.636      0.525      -0.134       0.068
==============================================================================
Omnibus:                     1658.625   Durbin-Watson:                   2.006
Prob(Omnibus):                  0.000   Jarque-Bera (JB):            13661.427
Skew:                           1.758   Prob(JB):                         0.00
Kurtosis:                      11.328   Cond. No.                     1.02e+16
==============================================================================

Notes:
[1] Standard Errors assume that the covariance matrix of the errors is correctly specified.
[2] The smallest eigenvalue is 6.38e-27. This might indicate that there are
strong multicollinearity problems or that the design matrix is singular.