                            OLS Regression Results                            
==============================================================================
Dep. Variable:              sd_pooled   R-squared:                       0.560
Model:                            OLS   Adj. R-squared:                  0.553
Method:                 Least Squares   F-statistic:                     78.52
Date:                Tue, 31 Mar 2026   Prob (F-statistic):               0.00
Time:                        15:05:49   Log-Likelihood:                 524.65
No. Observations:                4012   AIC:                            -919.3
Df Residuals:                    3947   BIC:                            -510.0
Df Model:                          64                                         
Covariance Type:            nonrobust                                         
============================================================================================
                               coef    std err          t      P>|t|      [0.025      0.975]
--------------------------------------------------------------------------------------------
const                        3.3891      0.048     69.979      0.000       3.294       3.484
FLead                        0.0457      0.008      5.661      0.000       0.030       0.061
mean_pooled                 -0.2325      0.004    -52.727      0.000      -0.241      -0.224
kim_violence_gore            0.0046      0.002      2.297      0.022       0.001       0.009
kim_sex_nudity               0.0130      0.002      6.468      0.000       0.009       0.017
kim_language                -0.0138      0.002     -7.388      0.000      -0.017      -0.010
major                       -0.0410      0.008     -5.088      0.000      -0.057      -0.025
log_bom_opening_theaters     0.0060      0.002      3.378      0.001       0.003       0.009
genres_count                -0.0065      0.007     -0.967      0.334      -0.020       0.007
yr_1993                     -0.0005      0.034     -0.015      0.988      -0.068       0.067
yr_1994                      0.0003      0.035      0.009      0.993      -0.069       0.069
yr_1995                      0.0482      0.035      1.386      0.166      -0.020       0.116
yr_1996                      0.0130      0.034      0.381      0.703      -0.054       0.080
yr_1997                      0.0186      0.035      0.534      0.593      -0.050       0.087
yr_1998                      0.0611      0.034      1.822      0.069      -0.005       0.127
yr_1999                      0.0660      0.033      2.024      0.043       0.002       0.130
yr_2000                     -0.0056      0.034     -0.167      0.867      -0.072       0.060
yr_2001                      0.0649      0.033      1.965      0.049       0.000       0.130
yr_2002                      0.0207      0.033      0.637      0.524      -0.043       0.084
yr_2003                      0.0051      0.033      0.155      0.877      -0.059       0.069
yr_2004                      0.0680      0.032      2.093      0.036       0.004       0.132
yr_2005                      0.0554      0.032      1.720      0.086      -0.008       0.118
yr_2006                      0.1063      0.032      3.325      0.001       0.044       0.169
yr_2007                      0.1199      0.032      3.768      0.000       0.058       0.182
yr_2008                      0.0589      0.032      1.836      0.066      -0.004       0.122
yr_2009                      0.0397      0.032      1.222      0.222      -0.024       0.103
yr_2010                      0.0346      0.032      1.067      0.286      -0.029       0.098
yr_2011                      0.0366      0.032      1.149      0.251      -0.026       0.099
yr_2012                      0.0211      0.032      0.666      0.505      -0.041       0.083
yr_2013                      0.0137      0.032      0.431      0.666      -0.049       0.076
yr_2014                      0.0430      0.032      1.333      0.183      -0.020       0.106
yr_2015                     -0.0289      0.032     -0.901      0.368      -0.092       0.034
yr_2016                     -0.0315      0.032     -0.976      0.329      -0.095       0.032
yr_2017                      0.0239      0.033      0.733      0.463      -0.040       0.088
yr_2018                      0.0189      0.033      0.576      0.565      -0.045       0.083
mo_2                         0.0071      0.019      0.362      0.717      -0.031       0.045
mo_3                        -0.0048      0.019     -0.256      0.798      -0.041       0.032
mo_4                         0.0015      0.019      0.081      0.936      -0.035       0.038
mo_5                        -0.0136      0.020     -0.689      0.491      -0.052       0.025
mo_6                        -0.0263      0.019     -1.351      0.177      -0.065       0.012
mo_7                        -0.0249      0.019     -1.314      0.189      -0.062       0.012
mo_8                        -0.0270      0.018     -1.479      0.139      -0.063       0.009
mo_9                        -0.0296      0.019     -1.591      0.112      -0.066       0.007
mo_10                       -0.0067      0.018     -0.368      0.713      -0.043       0.029
mo_11                       -0.0250      0.019     -1.328      0.184      -0.062       0.012
mo_12                       -0.0253      0.018     -1.396      0.163      -0.061       0.010
genre_Action                -0.0472      0.010     -4.517      0.000      -0.068      -0.027
genre_Adventure             -0.0049      0.011     -0.431      0.667      -0.027       0.017
genre_Animation             -0.0337      0.018     -1.879      0.060      -0.069       0.001
genre_Biography             -0.0959      0.014     -6.739      0.000      -0.124      -0.068
genre_Comedy                -0.0149      0.009     -1.631      0.103      -0.033       0.003
genre_Crime                 -0.0847      0.010     -8.291      0.000      -0.105      -0.065
genre_Drama                  0.0095      0.009      1.000      0.317      -0.009       0.028
genre_Family                 0.0656      0.015      4.513      0.000       0.037       0.094
genre_Fantasy                0.0058      0.013      0.454      0.650      -0.019       0.031
genre_History                0.0228      0.020      1.115      0.265      -0.017       0.063
genre_Horror                -0.0163      0.014     -1.165      0.244      -0.044       0.011
genre_Music                  0.1014      0.019      5.336      0.000       0.064       0.139
genre_Musical                0.3121      0.043      7.216      0.000       0.227       0.397
genre_Mystery               -0.0596      0.013     -4.726      0.000      -0.084      -0.035
genre_News               -7.925e-18   1.31e-17     -0.605      0.545   -3.36e-17    1.78e-17
genre_Romance               -0.0291      0.010     -2.903      0.004      -0.049      -0.009
genre_Sci_Fi                -0.0115      0.014     -0.843      0.399      -0.038       0.015
genre_Short                1.76e-18   1.86e-18      0.944      0.345    -1.9e-18    5.42e-18
genre_Sport                 -0.0416      0.021     -2.005      0.045      -0.082      -0.001
genre_Thriller              -0.0726      0.011     -6.804      0.000      -0.093      -0.052
genre_War                    0.0242      0.029      0.834      0.404      -0.033       0.081
genre_Western               -0.0360      0.052     -0.700      0.484      -0.137       0.065
==============================================================================
Omnibus:                     1657.540   Durbin-Watson:                   2.004
Prob(Omnibus):                  0.000   Jarque-Bera (JB):            13571.295
Skew:                           1.759   Prob(JB):                         0.00
Kurtosis:                      11.295   Cond. No.                     1.02e+16
==============================================================================

Notes:
[1] Standard Errors assume that the covariance matrix of the errors is correctly specified.
[2] The smallest eigenvalue is 6.38e-27. This might indicate that there are
strong multicollinearity problems or that the design matrix is singular.