                            OLS Regression Results                            
==============================================================================
Dep. Variable:              sd_pooled   R-squared:                       0.562
Model:                            OLS   Adj. R-squared:                  0.555
Method:                 Least Squares   F-statistic:                     79.05
Date:                Tue, 31 Mar 2026   Prob (F-statistic):               0.00
Time:                        18:38:04   Log-Likelihood:                 532.26
No. Observations:                4012   AIC:                            -934.5
Df Residuals:                    3947   BIC:                            -525.2
Df Model:                          64                                         
Covariance Type:            nonrobust                                         
============================================================================================
                               coef    std err          t      P>|t|      [0.025      0.975]
--------------------------------------------------------------------------------------------
const                        3.3819      0.048     69.914      0.000       3.287       3.477
FLead                        0.0466      0.008      5.795      0.000       0.031       0.062
mean_pooled                 -0.2333      0.004    -52.968      0.000      -0.242      -0.225
kim_violence_gore            0.0107      0.002      4.506      0.000       0.006       0.015
kim_sex_nudity               0.0118      0.002      5.853      0.000       0.008       0.016
kim_language                -0.0148      0.002     -7.917      0.000      -0.018      -0.011
major                       -0.0389      0.008     -4.836      0.000      -0.055      -0.023
log_bom_opening_theaters     0.0055      0.002      3.097      0.002       0.002       0.009
genres_count                -0.0087      0.007     -1.294      0.196      -0.022       0.005
yr_1993                     -0.0039      0.034     -0.113      0.910      -0.071       0.064
yr_1994                     -0.0004      0.035     -0.012      0.991      -0.069       0.069
yr_1995                      0.0450      0.035      1.298      0.194      -0.023       0.113
yr_1996                      0.0108      0.034      0.318      0.750      -0.056       0.078
yr_1997                      0.0143      0.035      0.412      0.681      -0.054       0.082
yr_1998                      0.0595      0.033      1.780      0.075      -0.006       0.125
yr_1999                      0.0620      0.033      1.903      0.057      -0.002       0.126
yr_2000                     -0.0085      0.034     -0.253      0.800      -0.074       0.057
yr_2001                      0.0579      0.033      1.757      0.079      -0.007       0.123
yr_2002                      0.0175      0.032      0.540      0.589      -0.046       0.081
yr_2003                      0.0012      0.033      0.036      0.972      -0.063       0.065
yr_2004                      0.0642      0.032      1.980      0.048       0.001       0.128
yr_2005                      0.0497      0.032      1.545      0.122      -0.013       0.113
yr_2006                      0.0985      0.032      3.084      0.002       0.036       0.161
yr_2007                      0.1126      0.032      3.539      0.000       0.050       0.175
yr_2008                      0.0543      0.032      1.695      0.090      -0.009       0.117
yr_2009                      0.0338      0.032      1.043      0.297      -0.030       0.097
yr_2010                      0.0288      0.032      0.891      0.373      -0.035       0.092
yr_2011                      0.0324      0.032      1.020      0.308      -0.030       0.095
yr_2012                      0.0170      0.032      0.536      0.592      -0.045       0.079
yr_2013                      0.0087      0.032      0.272      0.786      -0.054       0.071
yr_2014                      0.0411      0.032      1.275      0.202      -0.022       0.104
yr_2015                     -0.0304      0.032     -0.952      0.341      -0.093       0.032
yr_2016                     -0.0334      0.032     -1.038      0.300      -0.097       0.030
yr_2017                      0.0217      0.033      0.668      0.504      -0.042       0.086
yr_2018                      0.0168      0.033      0.513      0.608      -0.047       0.081
mo_2                         0.0067      0.019      0.345      0.730      -0.031       0.045
mo_3                        -0.0043      0.019     -0.231      0.818      -0.041       0.032
mo_4                         0.0005      0.019      0.025      0.980      -0.036       0.037
mo_5                        -0.0120      0.020     -0.608      0.543      -0.051       0.027
mo_6                        -0.0255      0.019     -1.310      0.190      -0.064       0.013
mo_7                        -0.0235      0.019     -1.242      0.214      -0.061       0.014
mo_8                        -0.0257      0.018     -1.408      0.159      -0.061       0.010
mo_9                        -0.0286      0.019     -1.542      0.123      -0.065       0.008
mo_10                       -0.0067      0.018     -0.365      0.715      -0.042       0.029
mo_11                       -0.0246      0.019     -1.310      0.190      -0.061       0.012
mo_12                       -0.0262      0.018     -1.445      0.149      -0.062       0.009
genre_Action                -0.0533      0.011     -5.057      0.000      -0.074      -0.033
genre_Adventure             -0.0063      0.011     -0.560      0.576      -0.028       0.016
genre_Animation             -0.0295      0.018     -1.646      0.100      -0.065       0.006
genre_Biography             -0.0916      0.014     -6.430      0.000      -0.120      -0.064
genre_Comedy                -0.0063      0.009     -0.671      0.502      -0.025       0.012
genre_Crime                 -0.0878      0.010     -8.588      0.000      -0.108      -0.068
genre_Drama                  0.0124      0.009      1.311      0.190      -0.006       0.031
genre_Family                 0.0690      0.015      4.751      0.000       0.041       0.098
genre_Fantasy                0.0050      0.013      0.395      0.693      -0.020       0.030
genre_History                0.0178      0.020      0.873      0.383      -0.022       0.058
genre_Horror                -0.0299      0.014     -2.075      0.038      -0.058      -0.002
genre_Music                  0.1089      0.019      5.714      0.000       0.072       0.146
genre_Musical                0.3177      0.043      7.356      0.000       0.233       0.402
genre_Mystery               -0.0592      0.013     -4.703      0.000      -0.084      -0.034
genre_News               -1.855e-17   5.31e-18     -3.495      0.000    -2.9e-17   -8.14e-18
genre_Romance               -0.0211      0.010     -2.063      0.039      -0.041      -0.001
genre_Sci_Fi                -0.0123      0.014     -0.908      0.364      -0.039       0.014
genre_Short              -2.171e-18   3.19e-18     -0.680      0.497   -8.43e-18    4.09e-18
genre_Sport                 -0.0376      0.021     -1.816      0.069      -0.078       0.003
genre_Thriller              -0.0739      0.011     -6.943      0.000      -0.095      -0.053
genre_War                    0.0129      0.029      0.442      0.659      -0.044       0.070
genre_Western               -0.0437      0.051     -0.850      0.395      -0.145       0.057
==============================================================================
Omnibus:                     1650.700   Durbin-Watson:                   2.007
Prob(Omnibus):                  0.000   Jarque-Bera (JB):            13406.969
Skew:                           1.752   Prob(JB):                         0.00
Kurtosis:                      11.241   Cond. No.                     1.02e+16
==============================================================================

Notes:
[1] Standard Errors assume that the covariance matrix of the errors is correctly specified.
[2] The smallest eigenvalue is 6.38e-27. This might indicate that there are
strong multicollinearity problems or that the design matrix is singular.