                            OLS Regression Results                            
==============================================================================
Dep. Variable:              sd_pooled   R-squared:                       0.560
Model:                            OLS   Adj. R-squared:                  0.553
Method:                 Least Squares   F-statistic:                     74.61
Date:                Tue, 31 Mar 2026   Prob (F-statistic):               0.00
Time:                        21:29:27   Log-Likelihood:                 485.55
No. Observations:                3812   AIC:                            -841.1
Df Residuals:                    3747   BIC:                            -435.1
Df Model:                          64                                         
Covariance Type:            nonrobust                                         
============================================================================================
                               coef    std err          t      P>|t|      [0.025      0.975]
--------------------------------------------------------------------------------------------
const                        3.3965      0.050     68.518      0.000       3.299       3.494
FLead                        0.0479      0.008      5.811      0.000       0.032       0.064
mean_pooled                 -0.2350      0.005    -51.885      0.000      -0.244      -0.226
kim_violence_gore            0.0117      0.003      4.436      0.000       0.007       0.017
kim_sex_nudity               0.0109      0.002      5.164      0.000       0.007       0.015
kim_language                -0.0157      0.002     -7.933      0.000      -0.020      -0.012
major                       -0.0408      0.008     -4.917      0.000      -0.057      -0.025
log_bom_opening_theaters     0.0060      0.002      3.277      0.001       0.002       0.010
genres_count                -0.0122      0.007     -1.750      0.080      -0.026       0.001
yr_1993                     -0.0062      0.035     -0.177      0.860      -0.075       0.062
yr_1994                     -0.0125      0.036     -0.350      0.726      -0.083       0.058
yr_1995                      0.0421      0.035      1.194      0.233      -0.027       0.111
yr_1996                      0.0078      0.034      0.227      0.821      -0.059       0.075
yr_1997                      0.0131      0.035      0.374      0.709      -0.056       0.082
yr_1998                      0.0594      0.034      1.746      0.081      -0.007       0.126
yr_1999                      0.0620      0.033      1.869      0.062      -0.003       0.127
yr_2000                     -0.0129      0.034     -0.376      0.707      -0.080       0.054
yr_2001                      0.0559      0.033      1.673      0.094      -0.010       0.122
yr_2002                      0.0163      0.033      0.495      0.621      -0.048       0.081
yr_2003                      0.0021      0.033      0.062      0.950      -0.063       0.067
yr_2004                      0.0601      0.033      1.829      0.067      -0.004       0.124
yr_2005                      0.0432      0.033      1.327      0.185      -0.021       0.107
yr_2006                      0.0997      0.032      3.079      0.002       0.036       0.163
yr_2007                      0.1032      0.032      3.192      0.001       0.040       0.167
yr_2008                      0.0559      0.032      1.723      0.085      -0.008       0.119
yr_2009                      0.0312      0.033      0.948      0.343      -0.033       0.096
yr_2010                      0.0306      0.033      0.937      0.349      -0.033       0.095
yr_2011                      0.0297      0.032      0.923      0.356      -0.033       0.093
yr_2012                      0.0176      0.032      0.550      0.583      -0.045       0.080
yr_2013                      0.0059      0.032      0.182      0.856      -0.058       0.069
yr_2014                      0.0409      0.033      1.252      0.211      -0.023       0.105
yr_2015                     -0.0319      0.033     -0.981      0.327      -0.096       0.032
yr_2016                     -0.0327      0.033     -0.998      0.318      -0.097       0.032
yr_2017                      0.0233      0.033      0.704      0.482      -0.042       0.088
yr_2018                      0.0140      0.033      0.422      0.673      -0.051       0.079
mo_2                         0.0134      0.020      0.666      0.505      -0.026       0.053
mo_3                        -0.0013      0.019     -0.069      0.945      -0.039       0.036
mo_4                        -0.0023      0.019     -0.121      0.904      -0.040       0.036
mo_5                        -0.0116      0.020     -0.570      0.569      -0.052       0.028
mo_6                        -0.0253      0.020     -1.251      0.211      -0.065       0.014
mo_7                        -0.0249      0.020     -1.274      0.203      -0.063       0.013
mo_8                        -0.0227      0.019     -1.201      0.230      -0.060       0.014
mo_9                        -0.0215      0.019     -1.114      0.265      -0.059       0.016
mo_10                       -0.0020      0.019     -0.105      0.916      -0.039       0.035
mo_11                       -0.0202      0.019     -1.046      0.296      -0.058       0.018
mo_12                       -0.0225      0.019     -1.199      0.231      -0.059       0.014
genre_Action                -0.0586      0.011     -5.331      0.000      -0.080      -0.037
genre_Adventure             -0.0034      0.012     -0.294      0.769      -0.026       0.019
genre_Animation             -0.0316      0.018     -1.732      0.083      -0.067       0.004
genre_Biography             -0.0893      0.015     -6.106      0.000      -0.118      -0.061
genre_Comedy                -0.0031      0.010     -0.321      0.748      -0.022       0.016
genre_Crime                 -0.0897      0.011     -8.416      0.000      -0.111      -0.069
genre_Drama                  0.0170      0.010      1.737      0.082      -0.002       0.036
genre_Family                 0.0680      0.015      4.609      0.000       0.039       0.097
genre_Fantasy                0.0038      0.013      0.297      0.767      -0.021       0.029
genre_History                0.0174      0.021      0.837      0.403      -0.023       0.058
genre_Horror                -0.0393      0.015     -2.597      0.009      -0.069      -0.010
genre_Music                  0.1070      0.020      5.388      0.000       0.068       0.146
genre_Musical                0.3208      0.043      7.378      0.000       0.236       0.406
genre_Mystery               -0.0583      0.013     -4.465      0.000      -0.084      -0.033
genre_News               -1.432e-18   6.09e-18     -0.235      0.814   -1.34e-17    1.05e-17
genre_Romance               -0.0211      0.011     -2.001      0.045      -0.042      -0.000
genre_Sci_Fi                -0.0086      0.014     -0.618      0.536      -0.036       0.019
genre_Short               4.573e-18   2.93e-18      1.561      0.119   -1.17e-18    1.03e-17
genre_Sport                 -0.0384      0.021     -1.799      0.072      -0.080       0.003
genre_Thriller              -0.0706      0.011     -6.389      0.000      -0.092      -0.049
genre_War                    0.0128      0.030      0.425      0.671      -0.046       0.072
genre_Western               -0.0469      0.052     -0.905      0.365      -0.148       0.055
==============================================================================
Omnibus:                     1584.476   Durbin-Watson:                   2.016
Prob(Omnibus):                  0.000   Jarque-Bera (JB):            12958.816
Skew:                           1.771   Prob(JB):                         0.00
Kurtosis:                      11.309   Cond. No.                     1.02e+16
==============================================================================

Notes:
[1] Standard Errors assume that the covariance matrix of the errors is correctly specified.
[2] The smallest eigenvalue is 5.96e-27. This might indicate that there are
strong multicollinearity problems or that the design matrix is singular.