                            OLS Regression Results                            
==============================================================================
Dep. Variable:              sd_pooled   R-squared:                       0.557
Model:                            OLS   Adj. R-squared:                  0.550
Method:                 Least Squares   F-statistic:                     77.49
Date:                Tue, 31 Mar 2026   Prob (F-statistic):               0.00
Time:                        20:32:26   Log-Likelihood:                 509.97
No. Observations:                4012   AIC:                            -889.9
Df Residuals:                    3947   BIC:                            -480.6
Df Model:                          64                                         
Covariance Type:            nonrobust                                         
============================================================================================
                               coef    std err          t      P>|t|      [0.025      0.975]
--------------------------------------------------------------------------------------------
const                        3.3816      0.049     69.447      0.000       3.286       3.477
FLead                        0.0524      0.008      6.518      0.000       0.037       0.068
mean_pooled                 -0.2363      0.004    -53.563      0.000      -0.245      -0.228
kim_violence_gore            0.0095      0.003      3.725      0.000       0.004       0.014
kim_sex_nudity               0.0084      0.002      4.150      0.000       0.004       0.012
kim_language                -0.0070      0.002     -4.116      0.000      -0.010      -0.004
major                       -0.0382      0.008     -4.722      0.000      -0.054      -0.022
log_bom_opening_theaters     0.0059      0.002      3.317      0.001       0.002       0.009
genres_count                -0.0057      0.007     -0.837      0.403      -0.019       0.008
yr_1993                     -0.0071      0.035     -0.206      0.837      -0.075       0.061
yr_1994                     -0.0014      0.035     -0.039      0.969      -0.071       0.068
yr_1995                      0.0350      0.035      1.003      0.316      -0.033       0.103
yr_1996                     -0.0004      0.034     -0.013      0.990      -0.067       0.067
yr_1997                      0.0012      0.035      0.035      0.972      -0.067       0.070
yr_1998                      0.0503      0.034      1.497      0.135      -0.016       0.116
yr_1999                      0.0490      0.033      1.497      0.134      -0.015       0.113
yr_2000                     -0.0173      0.034     -0.514      0.607      -0.083       0.049
yr_2001                      0.0534      0.033      1.608      0.108      -0.012       0.118
yr_2002                      0.0113      0.033      0.347      0.729      -0.053       0.075
yr_2003                     -0.0029      0.033     -0.090      0.928      -0.067       0.061
yr_2004                      0.0640      0.033      1.961      0.050    1.61e-05       0.128
yr_2005                      0.0484      0.032      1.496      0.135      -0.015       0.112
yr_2006                      0.0989      0.032      3.075      0.002       0.036       0.162
yr_2007                      0.1103      0.032      3.444      0.001       0.047       0.173
yr_2008                      0.0501      0.032      1.552      0.121      -0.013       0.113
yr_2009                      0.0293      0.033      0.897      0.370      -0.035       0.093
yr_2010                      0.0221      0.033      0.678      0.498      -0.042       0.086
yr_2011                      0.0270      0.032      0.845      0.398      -0.036       0.090
yr_2012                      0.0087      0.032      0.274      0.784      -0.054       0.071
yr_2013                     -0.0003      0.032     -0.009      0.993      -0.063       0.062
yr_2014                      0.0324      0.032      1.000      0.317      -0.031       0.096
yr_2015                     -0.0419      0.032     -1.303      0.193      -0.105       0.021
yr_2016                     -0.0440      0.032     -1.357      0.175      -0.107       0.020
yr_2017                      0.0102      0.033      0.313      0.754      -0.054       0.074
yr_2018                      0.0017      0.033      0.050      0.960      -0.063       0.066
mo_2                         0.0111      0.020      0.568      0.570      -0.027       0.049
mo_3                        -0.0048      0.019     -0.257      0.797      -0.041       0.032
mo_4                         0.0032      0.019      0.172      0.863      -0.034       0.040
mo_5                        -0.0091      0.020     -0.458      0.647      -0.048       0.030
mo_6                        -0.0254      0.020     -1.299      0.194      -0.064       0.013
mo_7                        -0.0233      0.019     -1.223      0.221      -0.061       0.014
mo_8                        -0.0265      0.018     -1.445      0.149      -0.062       0.009
mo_9                        -0.0292      0.019     -1.562      0.118      -0.066       0.007
mo_10                       -0.0092      0.018     -0.504      0.614      -0.045       0.027
mo_11                       -0.0211      0.019     -1.120      0.263      -0.058       0.016
mo_12                       -0.0240      0.018     -1.318      0.187      -0.060       0.012
genre_Action                -0.0570      0.011     -5.343      0.000      -0.078      -0.036
genre_Adventure              0.0003      0.011      0.024      0.981      -0.022       0.022
genre_Animation             -0.0151      0.018     -0.843      0.399      -0.050       0.020
genre_Biography             -0.0944      0.014     -6.598      0.000      -0.122      -0.066
genre_Comedy                -0.0135      0.009     -1.433      0.152      -0.032       0.005
genre_Crime                 -0.1017      0.010    -10.028      0.000      -0.122      -0.082
genre_Drama                  0.0096      0.010      1.003      0.316      -0.009       0.028
genre_Family                 0.0789      0.015      5.399      0.000       0.050       0.108
genre_Fantasy                0.0113      0.013      0.893      0.372      -0.014       0.036
genre_History                0.0309      0.020      1.512      0.131      -0.009       0.071
genre_Horror                -0.0378      0.015     -2.573      0.010      -0.067      -0.009
genre_Music                  0.1015      0.019      5.289      0.000       0.064       0.139
genre_Musical                0.3365      0.043      7.754      0.000       0.251       0.422
genre_Mystery               -0.0595      0.013     -4.706      0.000      -0.084      -0.035
genre_News                1.538e-18   1.95e-17      0.079      0.937   -3.66e-17    3.97e-17
genre_Romance               -0.0160      0.010     -1.546      0.122      -0.036       0.004
genre_Sci_Fi                -0.0161      0.014     -1.178      0.239      -0.043       0.011
genre_Short               1.543e-18   1.57e-17      0.098      0.922   -2.92e-17    3.23e-17
genre_Sport                 -0.0413      0.021     -1.983      0.047      -0.082      -0.000
genre_Thriller              -0.0819      0.011     -7.695      0.000      -0.103      -0.061
genre_War                    0.0048      0.029      0.165      0.869      -0.053       0.062
genre_Western               -0.0451      0.052     -0.872      0.383      -0.147       0.056
==============================================================================
Omnibus:                     1695.543   Durbin-Watson:                   2.007
Prob(Omnibus):                  0.000   Jarque-Bera (JB):            14366.132
Skew:                           1.796   Prob(JB):                         0.00
Kurtosis:                      11.546   Cond. No.                     1.02e+16
==============================================================================

Notes:
[1] Standard Errors assume that the covariance matrix of the errors is correctly specified.
[2] The smallest eigenvalue is 6.39e-27. This might indicate that there are
strong multicollinearity problems or that the design matrix is singular.