                            OLS Regression Results                            
==============================================================================
Dep. Variable:              sd_pooled   R-squared:                       0.561
Model:                            OLS   Adj. R-squared:                  0.554
Method:                 Least Squares   F-statistic:                     78.86
Date:                Tue, 31 Mar 2026   Prob (F-statistic):               0.00
Time:                        12:25:11   Log-Likelihood:                 529.63
No. Observations:                4012   AIC:                            -929.3
Df Residuals:                    3947   BIC:                            -520.0
Df Model:                          64                                         
Covariance Type:            nonrobust                                         
============================================================================================
                               coef    std err          t      P>|t|      [0.025      0.975]
--------------------------------------------------------------------------------------------
const                        3.3833      0.048     69.893      0.000       3.288       3.478
FLead                        0.0461      0.008      5.735      0.000       0.030       0.062
mean_pooled                 -0.2333      0.004    -52.888      0.000      -0.242      -0.225
kim_violence_gore            0.0095      0.002      3.887      0.000       0.005       0.014
kim_sex_nudity               0.0120      0.002      5.937      0.000       0.008       0.016
kim_language                -0.0145      0.002     -7.764      0.000      -0.018      -0.011
major                       -0.0400      0.008     -4.974      0.000      -0.056      -0.024
log_bom_opening_theaters     0.0057      0.002      3.220      0.001       0.002       0.009
genres_count                -0.0087      0.007     -1.287      0.198      -0.022       0.005
yr_1993                     -0.0035      0.034     -0.102      0.919      -0.071       0.064
yr_1994                     -0.0012      0.035     -0.034      0.973      -0.070       0.068
yr_1995                      0.0472      0.035      1.361      0.174      -0.021       0.115
yr_1996                      0.0107      0.034      0.316      0.752      -0.056       0.078
yr_1997                      0.0161      0.035      0.465      0.642      -0.052       0.084
yr_1998                      0.0596      0.033      1.779      0.075      -0.006       0.125
yr_1999                      0.0638      0.033      1.958      0.050   -7.65e-05       0.128
yr_2000                     -0.0068      0.034     -0.202      0.840      -0.073       0.059
yr_2001                      0.0593      0.033      1.796      0.073      -0.005       0.124
yr_2002                      0.0181      0.032      0.558      0.577      -0.046       0.082
yr_2003                      0.0029      0.033      0.090      0.929      -0.061       0.067
yr_2004                      0.0642      0.032      1.977      0.048       0.001       0.128
yr_2005                      0.0515      0.032      1.600      0.110      -0.012       0.115
yr_2006                      0.1013      0.032      3.169      0.002       0.039       0.164
yr_2007                      0.1140      0.032      3.581      0.000       0.052       0.176
yr_2008                      0.0557      0.032      1.737      0.082      -0.007       0.119
yr_2009                      0.0351      0.032      1.082      0.279      -0.029       0.099
yr_2010                      0.0299      0.032      0.925      0.355      -0.034       0.093
yr_2011                      0.0324      0.032      1.019      0.308      -0.030       0.095
yr_2012                      0.0177      0.032      0.559      0.576      -0.044       0.080
yr_2013                      0.0100      0.032      0.312      0.755      -0.053       0.072
yr_2014                      0.0421      0.032      1.307      0.191      -0.021       0.105
yr_2015                     -0.0300      0.032     -0.936      0.349      -0.093       0.033
yr_2016                     -0.0329      0.032     -1.021      0.307      -0.096       0.030
yr_2017                      0.0226      0.033      0.694      0.488      -0.041       0.086
yr_2018                      0.0171      0.033      0.524      0.600      -0.047       0.081
mo_2                         0.0088      0.019      0.453      0.650      -0.029       0.047
mo_3                        -0.0040      0.019     -0.215      0.830      -0.040       0.032
mo_4                         0.0013      0.019      0.069      0.945      -0.035       0.038
mo_5                        -0.0126      0.020     -0.641      0.522      -0.051       0.026
mo_6                        -0.0253      0.019     -1.297      0.195      -0.063       0.013
mo_7                        -0.0233      0.019     -1.234      0.217      -0.060       0.014
mo_8                        -0.0252      0.018     -1.380      0.168      -0.061       0.011
mo_9                        -0.0281      0.019     -1.511      0.131      -0.064       0.008
mo_10                       -0.0056      0.018     -0.308      0.758      -0.041       0.030
mo_11                       -0.0235      0.019     -1.251      0.211      -0.060       0.013
mo_12                       -0.0253      0.018     -1.392      0.164      -0.061       0.010
genre_Action                -0.0525      0.011     -4.967      0.000      -0.073      -0.032
genre_Adventure             -0.0052      0.011     -0.467      0.641      -0.027       0.017
genre_Animation             -0.0306      0.018     -1.706      0.088      -0.066       0.005
genre_Biography             -0.0935      0.014     -6.566      0.000      -0.121      -0.066
genre_Comedy                -0.0077      0.009     -0.824      0.410      -0.026       0.011
genre_Crime                 -0.0873      0.010     -8.525      0.000      -0.107      -0.067
genre_Drama                  0.0121      0.010      1.276      0.202      -0.007       0.031
genre_Family                 0.0691      0.015      4.748      0.000       0.041       0.098
genre_Fantasy                0.0046      0.013      0.362      0.718      -0.020       0.029
genre_History                0.0204      0.020      1.001      0.317      -0.020       0.060
genre_Horror                -0.0275      0.014     -1.906      0.057      -0.056       0.001
genre_Music                  0.1082      0.019      5.663      0.000       0.071       0.146
genre_Musical                0.3171      0.043      7.336      0.000       0.232       0.402
genre_Mystery               -0.0595      0.013     -4.729      0.000      -0.084      -0.035
genre_News               -3.376e-18   5.53e-18     -0.610      0.542   -1.42e-17    7.47e-18
genre_Romance               -0.0221      0.010     -2.155      0.031      -0.042      -0.002
genre_Sci_Fi                -0.0124      0.014     -0.913      0.361      -0.039       0.014
genre_Short               -7.01e-18   5.74e-18     -1.222      0.222   -1.83e-17    4.24e-18
genre_Sport                 -0.0392      0.021     -1.893      0.058      -0.080       0.001
genre_Thriller              -0.0739      0.011     -6.929      0.000      -0.095      -0.053
genre_War                    0.0142      0.029      0.486      0.627      -0.043       0.071
genre_Western               -0.0430      0.051     -0.836      0.403      -0.144       0.058
==============================================================================
Omnibus:                     1652.406   Durbin-Watson:                   2.007
Prob(Omnibus):                  0.000   Jarque-Bera (JB):            13449.625
Skew:                           1.754   Prob(JB):                         0.00
Kurtosis:                      11.255   Cond. No.                     1.02e+16
==============================================================================

Notes:
[1] Standard Errors assume that the covariance matrix of the errors is correctly specified.
[2] The smallest eigenvalue is 6.39e-27. This might indicate that there are
strong multicollinearity problems or that the design matrix is singular.