                            OLS Regression Results                            
==============================================================================
Dep. Variable:              sd_pooled   R-squared:                       0.562
Model:                            OLS   Adj. R-squared:                  0.555
Method:                 Least Squares   F-statistic:                     79.24
Date:                Sun, 29 Mar 2026   Prob (F-statistic):               0.00
Time:                        10:33:26   Log-Likelihood:                 534.96
No. Observations:                4012   AIC:                            -939.9
Df Residuals:                    3947   BIC:                            -530.6
Df Model:                          64                                         
Covariance Type:            nonrobust                                         
============================================================================================
                               coef    std err          t      P>|t|      [0.025      0.975]
--------------------------------------------------------------------------------------------
const                        3.3737      0.048     69.619      0.000       3.279       3.469
FLead                        0.0469      0.008      5.837      0.000       0.031       0.063
mean_pooled                 -0.2334      0.004    -52.994      0.000      -0.242      -0.225
kim_violence_gore            0.0122      0.003      4.809      0.000       0.007       0.017
kim_sex_nudity               0.0121      0.002      5.922      0.000       0.008       0.016
kim_language                -0.0149      0.002     -8.014      0.000      -0.019      -0.011
major                       -0.0391      0.008     -4.861      0.000      -0.055      -0.023
log_bom_opening_theaters     0.0056      0.002      3.158      0.002       0.002       0.009
genres_count                -0.0096      0.007     -1.423      0.155      -0.023       0.004
yr_1993                     -0.0047      0.034     -0.137      0.891      -0.072       0.063
yr_1994                     -0.0018      0.035     -0.050      0.960      -0.071       0.067
yr_1995                      0.0445      0.035      1.284      0.199      -0.023       0.112
yr_1996                      0.0107      0.034      0.314      0.754      -0.056       0.077
yr_1997                      0.0145      0.035      0.418      0.676      -0.054       0.082
yr_1998                      0.0604      0.033      1.805      0.071      -0.005       0.126
yr_1999                      0.0623      0.033      1.914      0.056      -0.002       0.126
yr_2000                     -0.0073      0.034     -0.217      0.828      -0.073       0.058
yr_2001                      0.0572      0.033      1.733      0.083      -0.007       0.122
yr_2002                      0.0175      0.032      0.541      0.589      -0.046       0.081
yr_2003                      0.0014      0.033      0.042      0.966      -0.063       0.065
yr_2004                      0.0619      0.032      1.910      0.056      -0.002       0.125
yr_2005                      0.0496      0.032      1.542      0.123      -0.013       0.113
yr_2006                      0.0979      0.032      3.065      0.002       0.035       0.160
yr_2007                      0.1124      0.032      3.534      0.000       0.050       0.175
yr_2008                      0.0531      0.032      1.657      0.098      -0.010       0.116
yr_2009                      0.0327      0.032      1.008      0.313      -0.031       0.096
yr_2010                      0.0275      0.032      0.851      0.395      -0.036       0.091
yr_2011                      0.0307      0.032      0.965      0.335      -0.032       0.093
yr_2012                      0.0159      0.032      0.503      0.615      -0.046       0.078
yr_2013                      0.0093      0.032      0.292      0.770      -0.053       0.072
yr_2014                      0.0409      0.032      1.271      0.204      -0.022       0.104
yr_2015                     -0.0293      0.032     -0.915      0.360      -0.092       0.033
yr_2016                     -0.0356      0.032     -1.106      0.269      -0.099       0.028
yr_2017                      0.0225      0.033      0.692      0.489      -0.041       0.086
yr_2018                      0.0159      0.033      0.486      0.627      -0.048       0.080
mo_2                         0.0075      0.019      0.384      0.701      -0.031       0.046
mo_3                        -0.0047      0.019     -0.257      0.797      -0.041       0.032
mo_4                         0.0005      0.019      0.025      0.980      -0.036       0.037
mo_5                        -0.0128      0.020     -0.650      0.515      -0.051       0.026
mo_6                        -0.0253      0.019     -1.299      0.194      -0.063       0.013
mo_7                        -0.0228      0.019     -1.207      0.228      -0.060       0.014
mo_8                        -0.0251      0.018     -1.376      0.169      -0.061       0.011
mo_9                        -0.0279      0.019     -1.504      0.133      -0.064       0.008
mo_10                       -0.0074      0.018     -0.407      0.684      -0.043       0.028
mo_11                       -0.0241      0.019     -1.284      0.199      -0.061       0.013
mo_12                       -0.0265      0.018     -1.462      0.144      -0.062       0.009
genre_Action                -0.0554      0.011     -5.226      0.000      -0.076      -0.035
genre_Adventure             -0.0061      0.011     -0.544      0.587      -0.028       0.016
genre_Animation             -0.0270      0.018     -1.503      0.133      -0.062       0.008
genre_Biography             -0.0917      0.014     -6.449      0.000      -0.120      -0.064
genre_Comedy                -0.0029      0.010     -0.310      0.756      -0.022       0.016
genre_Crime                 -0.0888      0.010     -8.669      0.000      -0.109      -0.069
genre_Drama                  0.0138      0.010      1.453      0.146      -0.005       0.032
genre_Family                 0.0715      0.015      4.910      0.000       0.043       0.100
genre_Fantasy                0.0043      0.013      0.342      0.733      -0.020       0.029
genre_History                0.0174      0.020      0.853      0.394      -0.023       0.057
genre_Horror                -0.0334      0.015     -2.288      0.022      -0.062      -0.005
genre_Music                  0.1119      0.019      5.858      0.000       0.074       0.149
genre_Musical                0.3184      0.043      7.378      0.000       0.234       0.403
genre_Mystery               -0.0582      0.013     -4.629      0.000      -0.083      -0.034
genre_News                9.085e-19   5.31e-18      0.171      0.864    -9.5e-18    1.13e-17
genre_Romance               -0.0183      0.010     -1.783      0.075      -0.038       0.002
genre_Sci_Fi                -0.0136      0.014     -1.003      0.316      -0.040       0.013
genre_Short               5.344e-19   1.06e-18      0.504      0.614   -1.54e-18    2.61e-18
genre_Sport                 -0.0376      0.021     -1.817      0.069      -0.078       0.003
genre_Thriller              -0.0740      0.011     -6.949      0.000      -0.095      -0.053
genre_War                    0.0098      0.029      0.338      0.736      -0.047       0.067
genre_Western               -0.0499      0.051     -0.970      0.332      -0.151       0.051
==============================================================================
Omnibus:                     1646.865   Durbin-Watson:                   2.008
Prob(Omnibus):                  0.000   Jarque-Bera (JB):            13350.185
Skew:                           1.748   Prob(JB):                         0.00
Kurtosis:                      11.224   Cond. No.                     1.02e+16
==============================================================================

Notes:
[1] Standard Errors assume that the covariance matrix of the errors is correctly specified.
[2] The smallest eigenvalue is 6.39e-27. This might indicate that there are
strong multicollinearity problems or that the design matrix is singular.