                            OLS Regression Results                            
==============================================================================
Dep. Variable:              sd_pooled   R-squared:                       0.561
Model:                            OLS   Adj. R-squared:                  0.554
Method:                 Least Squares   F-statistic:                     78.92
Date:                Sun, 29 Mar 2026   Prob (F-statistic):               0.00
Time:                        10:34:43   Log-Likelihood:                 530.43
No. Observations:                4012   AIC:                            -930.9
Df Residuals:                    3947   BIC:                            -521.6
Df Model:                          64                                         
Covariance Type:            nonrobust                                         
============================================================================================
                               coef    std err          t      P>|t|      [0.025      0.975]
--------------------------------------------------------------------------------------------
const                        3.3850      0.048     69.987      0.000       3.290       3.480
FLead                        0.0476      0.008      5.923      0.000       0.032       0.063
mean_pooled                 -0.2340      0.004    -53.140      0.000      -0.243      -0.225
kim_violence_gore            0.0126      0.003      4.971      0.000       0.008       0.018
kim_sex_nudity               0.0104      0.002      5.109      0.000       0.006       0.014
kim_language                -0.0144      0.002     -7.727      0.000      -0.018      -0.011
major                       -0.0397      0.008     -4.938      0.000      -0.055      -0.024
log_bom_opening_theaters     0.0054      0.002      3.066      0.002       0.002       0.009
genres_count                -0.0104      0.007     -1.531      0.126      -0.024       0.003
yr_1993                     -0.0077      0.034     -0.224      0.822      -0.075       0.060
yr_1994                     -0.0033      0.035     -0.095      0.925      -0.072       0.066
yr_1995                      0.0427      0.035      1.229      0.219      -0.025       0.111
yr_1996                      0.0061      0.034      0.178      0.858      -0.061       0.073
yr_1997                      0.0111      0.035      0.321      0.748      -0.057       0.079
yr_1998                      0.0577      0.033      1.723      0.085      -0.008       0.123
yr_1999                      0.0593      0.033      1.820      0.069      -0.005       0.123
yr_2000                     -0.0091      0.034     -0.271      0.786      -0.075       0.057
yr_2001                      0.0560      0.033      1.694      0.090      -0.009       0.121
yr_2002                      0.0162      0.032      0.500      0.617      -0.047       0.080
yr_2003                     -0.0002      0.033     -0.005      0.996      -0.064       0.064
yr_2004                      0.0624      0.032      1.924      0.054      -0.001       0.126
yr_2005                      0.0488      0.032      1.517      0.129      -0.014       0.112
yr_2006                      0.0969      0.032      3.029      0.002       0.034       0.160
yr_2007                      0.1101      0.032      3.455      0.001       0.048       0.173
yr_2008                      0.0524      0.032      1.633      0.103      -0.011       0.115
yr_2009                      0.0329      0.032      1.011      0.312      -0.031       0.097
yr_2010                      0.0266      0.032      0.819      0.413      -0.037       0.090
yr_2011                      0.0303      0.032      0.951      0.342      -0.032       0.093
yr_2012                      0.0144      0.032      0.454      0.650      -0.048       0.077
yr_2013                      0.0071      0.032      0.223      0.824      -0.055       0.070
yr_2014                      0.0391      0.032      1.214      0.225      -0.024       0.102
yr_2015                     -0.0316      0.032     -0.988      0.323      -0.094       0.031
yr_2016                     -0.0362      0.032     -1.122      0.262      -0.099       0.027
yr_2017                      0.0204      0.033      0.625      0.532      -0.043       0.084
yr_2018                      0.0139      0.033      0.425      0.671      -0.050       0.078
mo_2                         0.0070      0.019      0.358      0.720      -0.031       0.045
mo_3                        -0.0045      0.019     -0.244      0.807      -0.041       0.032
mo_4                        -0.0001      0.019     -0.007      0.994      -0.037       0.037
mo_5                        -0.0129      0.020     -0.652      0.515      -0.052       0.026
mo_6                        -0.0263      0.019     -1.351      0.177      -0.064       0.012
mo_7                        -0.0237      0.019     -1.253      0.210      -0.061       0.013
mo_8                        -0.0257      0.018     -1.410      0.159      -0.062       0.010
mo_9                        -0.0281      0.019     -1.513      0.130      -0.064       0.008
mo_10                       -0.0069      0.018     -0.381      0.703      -0.043       0.029
mo_11                       -0.0241      0.019     -1.285      0.199      -0.061       0.013
mo_12                       -0.0268      0.018     -1.480      0.139      -0.062       0.009
genre_Action                -0.0561      0.011     -5.283      0.000      -0.077      -0.035
genre_Adventure             -0.0060      0.011     -0.530      0.596      -0.028       0.016
genre_Animation             -0.0289      0.018     -1.610      0.107      -0.064       0.006
genre_Biography             -0.0917      0.014     -6.439      0.000      -0.120      -0.064
genre_Comedy                -0.0018      0.010     -0.188      0.851      -0.020       0.017
genre_Crime                 -0.0890      0.010     -8.683      0.000      -0.109      -0.069
genre_Drama                  0.0137      0.010      1.438      0.150      -0.005       0.032
genre_Family                 0.0688      0.015      4.727      0.000       0.040       0.097
genre_Fantasy                0.0047      0.013      0.372      0.710      -0.020       0.029
genre_History                0.0186      0.020      0.913      0.362      -0.021       0.059
genre_Horror                -0.0355      0.015     -2.433      0.015      -0.064      -0.007
genre_Music                  0.1128      0.019      5.896      0.000       0.075       0.150
genre_Musical                0.3199      0.043      7.402      0.000       0.235       0.405
genre_Mystery               -0.0585      0.013     -4.646      0.000      -0.083      -0.034
genre_News               -8.555e-18    4.4e-18     -1.945      0.052   -1.72e-17       7e-20
genre_Romance               -0.0166      0.010     -1.611      0.107      -0.037       0.004
genre_Sci_Fi                -0.0128      0.014     -0.942      0.346      -0.039       0.014
genre_Short              -4.544e-18   3.71e-18     -1.225      0.220   -1.18e-17    2.73e-18
genre_Sport                 -0.0381      0.021     -1.839      0.066      -0.079       0.003
genre_Thriller              -0.0746      0.011     -7.000      0.000      -0.095      -0.054
genre_War                    0.0092      0.029      0.315      0.753      -0.048       0.066
genre_Western               -0.0485      0.051     -0.941      0.347      -0.149       0.052
==============================================================================
Omnibus:                     1640.207   Durbin-Watson:                   2.004
Prob(Omnibus):                  0.000   Jarque-Bera (JB):            13175.416
Skew:                           1.743   Prob(JB):                         0.00
Kurtosis:                      11.165   Cond. No.                     1.02e+16
==============================================================================

Notes:
[1] Standard Errors assume that the covariance matrix of the errors is correctly specified.
[2] The smallest eigenvalue is 6.39e-27. This might indicate that there are
strong multicollinearity problems or that the design matrix is singular.