                            OLS Regression Results                            
==============================================================================
Dep. Variable:              sd_pooled   R-squared:                       0.562
Model:                            OLS   Adj. R-squared:                  0.555
Method:                 Least Squares   F-statistic:                     79.13
Date:                Tue, 31 Mar 2026   Prob (F-statistic):               0.00
Time:                        21:08:12   Log-Likelihood:                 533.45
No. Observations:                4012   AIC:                            -936.9
Df Residuals:                    3947   BIC:                            -527.6
Df Model:                          64                                         
Covariance Type:            nonrobust                                         
============================================================================================
                               coef    std err          t      P>|t|      [0.025      0.975]
--------------------------------------------------------------------------------------------
const                        3.3795      0.048     69.835      0.000       3.285       3.474
FLead                        0.0468      0.008      5.823      0.000       0.031       0.063
mean_pooled                 -0.2335      0.004    -52.978      0.000      -0.242      -0.225
kim_violence_gore            0.0122      0.003      4.772      0.000       0.007       0.017
kim_sex_nudity               0.0115      0.002      5.671      0.000       0.008       0.015
kim_language                -0.0149      0.002     -7.981      0.000      -0.019      -0.011
major                       -0.0394      0.008     -4.911      0.000      -0.055      -0.024
log_bom_opening_theaters     0.0055      0.002      3.128      0.002       0.002       0.009
genres_count                -0.0095      0.007     -1.405      0.160      -0.023       0.004
yr_1993                     -0.0062      0.034     -0.181      0.857      -0.074       0.061
yr_1994                     -0.0031      0.035     -0.087      0.931      -0.072       0.066
yr_1995                      0.0437      0.035      1.259      0.208      -0.024       0.112
yr_1996                      0.0084      0.034      0.247      0.805      -0.058       0.075
yr_1997                      0.0128      0.035      0.368      0.713      -0.055       0.081
yr_1998                      0.0591      0.033      1.767      0.077      -0.006       0.125
yr_1999                      0.0603      0.033      1.850      0.064      -0.004       0.124
yr_2000                     -0.0087      0.034     -0.260      0.795      -0.075       0.057
yr_2001                      0.0559      0.033      1.694      0.090      -0.009       0.121
yr_2002                      0.0161      0.032      0.495      0.621      -0.048       0.080
yr_2003                    -8.6e-05      0.033     -0.003      0.998      -0.064       0.064
yr_2004                      0.0610      0.032      1.880      0.060      -0.003       0.125
yr_2005                      0.0480      0.032      1.490      0.136      -0.015       0.111
yr_2006                      0.0966      0.032      3.023      0.003       0.034       0.159
yr_2007                      0.1104      0.032      3.468      0.001       0.048       0.173
yr_2008                      0.0520      0.032      1.622      0.105      -0.011       0.115
yr_2009                      0.0316      0.032      0.973      0.330      -0.032       0.095
yr_2010                      0.0264      0.032      0.814      0.416      -0.037       0.090
yr_2011                      0.0295      0.032      0.928      0.354      -0.033       0.092
yr_2012                      0.0148      0.032      0.469      0.639      -0.047       0.077
yr_2013                      0.0071      0.032      0.224      0.823      -0.055       0.070
yr_2014                      0.0396      0.032      1.230      0.219      -0.024       0.103
yr_2015                     -0.0314      0.032     -0.983      0.326      -0.094       0.031
yr_2016                     -0.0357      0.032     -1.108      0.268      -0.099       0.027
yr_2017                      0.0209      0.033      0.642      0.521      -0.043       0.085
yr_2018                      0.0148      0.033      0.453      0.650      -0.049       0.079
mo_2                         0.0076      0.019      0.393      0.695      -0.030       0.046
mo_3                        -0.0042      0.019     -0.226      0.821      -0.040       0.032
mo_4                         0.0007      0.019      0.035      0.972      -0.036       0.037
mo_5                        -0.0124      0.020     -0.629      0.529      -0.051       0.026
mo_6                        -0.0254      0.019     -1.307      0.191      -0.064       0.013
mo_7                        -0.0232      0.019     -1.229      0.219      -0.060       0.014
mo_8                        -0.0253      0.018     -1.385      0.166      -0.061       0.010
mo_9                        -0.0276      0.019     -1.489      0.136      -0.064       0.009
mo_10                       -0.0069      0.018     -0.381      0.703      -0.043       0.029
mo_11                       -0.0241      0.019     -1.287      0.198      -0.061       0.013
mo_12                       -0.0263      0.018     -1.451      0.147      -0.062       0.009
genre_Action                -0.0552      0.011     -5.204      0.000      -0.076      -0.034
genre_Adventure             -0.0060      0.011     -0.536      0.592      -0.028       0.016
genre_Animation             -0.0280      0.018     -1.562      0.118      -0.063       0.007
genre_Biography             -0.0921      0.014     -6.470      0.000      -0.120      -0.064
genre_Comedy                -0.0032      0.010     -0.333      0.739      -0.022       0.015
genre_Crime                 -0.0890      0.010     -8.690      0.000      -0.109      -0.069
genre_Drama                  0.0136      0.010      1.433      0.152      -0.005       0.032
genre_Family                 0.0711      0.015      4.884      0.000       0.043       0.100
genre_Fantasy                0.0040      0.013      0.320      0.749      -0.021       0.029
genre_History                0.0181      0.020      0.887      0.375      -0.022       0.058
genre_Horror                -0.0340      0.015     -2.331      0.020      -0.063      -0.005
genre_Music                  0.1116      0.019      5.836      0.000       0.074       0.149
genre_Musical                0.3185      0.043      7.376      0.000       0.234       0.403
genre_Mystery               -0.0588      0.013     -4.675      0.000      -0.083      -0.034
genre_News                -2.46e-18   4.07e-18     -0.605      0.545   -1.04e-17    5.51e-18
genre_Romance               -0.0186      0.010     -1.801      0.072      -0.039       0.002
genre_Sci_Fi                -0.0127      0.014     -0.935      0.350      -0.039       0.014
genre_Short               1.045e-17   6.87e-18      1.522      0.128   -3.01e-18    2.39e-17
genre_Sport                 -0.0376      0.021     -1.814      0.070      -0.078       0.003
genre_Thriller              -0.0741      0.011     -6.955      0.000      -0.095      -0.053
genre_War                    0.0103      0.029      0.355      0.723      -0.047       0.068
genre_Western               -0.0476      0.051     -0.925      0.355      -0.149       0.053
==============================================================================
Omnibus:                     1647.713   Durbin-Watson:                   2.006
Prob(Omnibus):                  0.000   Jarque-Bera (JB):            13349.908
Skew:                           1.749   Prob(JB):                         0.00
Kurtosis:                      11.223   Cond. No.                     1.02e+16
==============================================================================

Notes:
[1] Standard Errors assume that the covariance matrix of the errors is correctly specified.
[2] The smallest eigenvalue is 6.38e-27. This might indicate that there are
strong multicollinearity problems or that the design matrix is singular.