                            OLS Regression Results                            
==============================================================================
Dep. Variable:              sd_pooled   R-squared:                       0.560
Model:                            OLS   Adj. R-squared:                  0.553
Method:                 Least Squares   F-statistic:                     78.41
Date:                Sun, 29 Mar 2026   Prob (F-statistic):               0.00
Time:                        16:00:29   Log-Likelihood:                 523.17
No. Observations:                4012   AIC:                            -916.3
Df Residuals:                    3947   BIC:                            -507.0
Df Model:                          64                                         
Covariance Type:            nonrobust                                         
============================================================================================
                               coef    std err          t      P>|t|      [0.025      0.975]
--------------------------------------------------------------------------------------------
const                        3.3869      0.049     69.732      0.000       3.292       3.482
FLead                        0.0446      0.008      5.546      0.000       0.029       0.060
mean_pooled                 -0.2320      0.004    -52.679      0.000      -0.241      -0.223
kim_violence_gore            0.0037      0.002      1.537      0.124      -0.001       0.008
kim_sex_nudity               0.0132      0.002      6.619      0.000       0.009       0.017
kim_language                -0.0134      0.002     -7.231      0.000      -0.017      -0.010
major                       -0.0413      0.008     -5.126      0.000      -0.057      -0.025
log_bom_opening_theaters     0.0062      0.002      3.496      0.000       0.003       0.010
genres_count                -0.0058      0.007     -0.853      0.394      -0.019       0.007
yr_1993                      0.0006      0.035      0.017      0.987      -0.067       0.068
yr_1994                      0.0012      0.035      0.033      0.973      -0.068       0.070
yr_1995                      0.0494      0.035      1.422      0.155      -0.019       0.118
yr_1996                      0.0143      0.034      0.421      0.674      -0.053       0.081
yr_1997                      0.0195      0.035      0.562      0.574      -0.049       0.088
yr_1998                      0.0621      0.034      1.853      0.064      -0.004       0.128
yr_1999                      0.0675      0.033      2.069      0.039       0.004       0.131
yr_2000                     -0.0047      0.034     -0.140      0.889      -0.071       0.061
yr_2001                      0.0644      0.033      1.946      0.052      -0.000       0.129
yr_2002                      0.0215      0.033      0.660      0.509      -0.042       0.085
yr_2003                      0.0060      0.033      0.182      0.856      -0.058       0.070
yr_2004                      0.0693      0.032      2.134      0.033       0.006       0.133
yr_2005                      0.0564      0.032      1.749      0.080      -0.007       0.120
yr_2006                      0.1070      0.032      3.344      0.001       0.044       0.170
yr_2007                      0.1203      0.032      3.772      0.000       0.058       0.183
yr_2008                      0.0613      0.032      1.910      0.056      -0.002       0.124
yr_2009                      0.0403      0.033      1.241      0.215      -0.023       0.104
yr_2010                      0.0359      0.032      1.109      0.268      -0.028       0.099
yr_2011                      0.0373      0.032      1.168      0.243      -0.025       0.100
yr_2012                      0.0223      0.032      0.703      0.482      -0.040       0.085
yr_2013                      0.0140      0.032      0.439      0.660      -0.049       0.077
yr_2014                      0.0441      0.032      1.364      0.173      -0.019       0.107
yr_2015                     -0.0294      0.032     -0.915      0.360      -0.092       0.034
yr_2016                     -0.0311      0.032     -0.961      0.337      -0.094       0.032
yr_2017                      0.0247      0.033      0.756      0.450      -0.039       0.089
yr_2018                      0.0195      0.033      0.594      0.552      -0.045       0.084
mo_2                         0.0067      0.020      0.341      0.733      -0.032       0.045
mo_3                        -0.0045      0.019     -0.243      0.808      -0.041       0.032
mo_4                         0.0018      0.019      0.093      0.926      -0.035       0.039
mo_5                        -0.0131      0.020     -0.661      0.509      -0.052       0.026
mo_6                        -0.0269      0.020     -1.378      0.168      -0.065       0.011
mo_7                        -0.0244      0.019     -1.290      0.197      -0.062       0.013
mo_8                        -0.0268      0.018     -1.465      0.143      -0.063       0.009
mo_9                        -0.0294      0.019     -1.581      0.114      -0.066       0.007
mo_10                       -0.0070      0.018     -0.383      0.702      -0.043       0.029
mo_11                       -0.0248      0.019     -1.321      0.187      -0.062       0.012
mo_12                       -0.0255      0.018     -1.404      0.160      -0.061       0.010
genre_Action                -0.0469      0.011     -4.461      0.000      -0.067      -0.026
genre_Adventure             -0.0054      0.011     -0.483      0.629      -0.028       0.017
genre_Animation             -0.0339      0.018     -1.883      0.060      -0.069       0.001
genre_Biography             -0.0955      0.014     -6.699      0.000      -0.123      -0.068
genre_Comedy                -0.0162      0.009     -1.768      0.077      -0.034       0.002
genre_Crime                 -0.0846      0.010     -8.258      0.000      -0.105      -0.065
genre_Drama                  0.0088      0.009      0.933      0.351      -0.010       0.027
genre_Family                 0.0657      0.015      4.505      0.000       0.037       0.094
genre_Fantasy                0.0051      0.013      0.406      0.685      -0.020       0.030
genre_History                0.0220      0.020      1.077      0.281      -0.018       0.062
genre_Horror                -0.0124      0.014     -0.894      0.371      -0.039       0.015
genre_Music                  0.1006      0.019      5.282      0.000       0.063       0.138
genre_Musical                0.3127      0.043      7.224      0.000       0.228       0.398
genre_Mystery               -0.0602      0.013     -4.773      0.000      -0.085      -0.035
genre_News                2.774e-18   1.04e-17      0.266      0.790   -1.77e-17    2.32e-17
genre_Romance               -0.0296      0.010     -2.941      0.003      -0.049      -0.010
genre_Sci_Fi                -0.0122      0.014     -0.897      0.370      -0.039       0.014
genre_Short               6.577e-18   6.87e-18      0.958      0.338   -6.88e-18       2e-17
genre_Sport                 -0.0428      0.021     -2.063      0.039      -0.083      -0.002
genre_Thriller              -0.0729      0.011     -6.829      0.000      -0.094      -0.052
genre_War                    0.0263      0.029      0.907      0.364      -0.031       0.083
genre_Western               -0.0345      0.052     -0.669      0.504      -0.136       0.067
==============================================================================
Omnibus:                     1660.181   Durbin-Watson:                   2.005
Prob(Omnibus):                  0.000   Jarque-Bera (JB):            13701.869
Skew:                           1.759   Prob(JB):                         0.00
Kurtosis:                      11.342   Cond. No.                     1.02e+16
==============================================================================

Notes:
[1] Standard Errors assume that the covariance matrix of the errors is correctly specified.
[2] The smallest eigenvalue is 6.2e-27. This might indicate that there are
strong multicollinearity problems or that the design matrix is singular.