                            OLS Regression Results                            
==============================================================================
Dep. Variable:              sd_pooled   R-squared:                       0.561
Model:                            OLS   Adj. R-squared:                  0.554
Method:                 Least Squares   F-statistic:                     78.88
Date:                Sun, 29 Mar 2026   Prob (F-statistic):               0.00
Time:                        15:54:07   Log-Likelihood:                 529.88
No. Observations:                4012   AIC:                            -929.8
Df Residuals:                    3947   BIC:                            -520.5
Df Model:                          64                                         
Covariance Type:            nonrobust                                         
============================================================================================
                               coef    std err          t      P>|t|      [0.025      0.975]
--------------------------------------------------------------------------------------------
const                        3.3803      0.048     69.777      0.000       3.285       3.475
FLead                        0.0463      0.008      5.756      0.000       0.031       0.062
mean_pooled                 -0.2327      0.004    -52.877      0.000      -0.241      -0.224
kim_violence_gore            0.0096      0.002      3.950      0.000       0.005       0.014
kim_sex_nudity               0.0120      0.002      5.913      0.000       0.008       0.016
kim_language                -0.0145      0.002     -7.759      0.000      -0.018      -0.011
major                       -0.0401      0.008     -4.986      0.000      -0.056      -0.024
log_bom_opening_theaters     0.0058      0.002      3.286      0.001       0.002       0.009
genres_count                -0.0082      0.007     -1.216      0.224      -0.021       0.005
yr_1993                     -0.0051      0.034     -0.148      0.882      -0.073       0.062
yr_1994                     -0.0020      0.035     -0.057      0.955      -0.071       0.067
yr_1995                      0.0457      0.035      1.316      0.188      -0.022       0.114
yr_1996                      0.0102      0.034      0.300      0.764      -0.057       0.077
yr_1997                      0.0143      0.035      0.411      0.681      -0.054       0.082
yr_1998                      0.0595      0.033      1.776      0.076      -0.006       0.125
yr_1999                      0.0622      0.033      1.909      0.056      -0.002       0.126
yr_2000                     -0.0066      0.034     -0.196      0.845      -0.072       0.059
yr_2001                      0.0583      0.033      1.765      0.078      -0.006       0.123
yr_2002                      0.0173      0.032      0.533      0.594      -0.046       0.081
yr_2003                      0.0019      0.033      0.057      0.955      -0.062       0.066
yr_2004                      0.0634      0.032      1.954      0.051      -0.000       0.127
yr_2005                      0.0496      0.032      1.542      0.123      -0.013       0.113
yr_2006                      0.1001      0.032      3.130      0.002       0.037       0.163
yr_2007                      0.1141      0.032      3.584      0.000       0.052       0.177
yr_2008                      0.0549      0.032      1.713      0.087      -0.008       0.118
yr_2009                      0.0341      0.032      1.049      0.294      -0.030       0.098
yr_2010                      0.0296      0.032      0.915      0.360      -0.034       0.093
yr_2011                      0.0315      0.032      0.989      0.322      -0.031       0.094
yr_2012                      0.0170      0.032      0.537      0.591      -0.045       0.079
yr_2013                      0.0089      0.032      0.279      0.780      -0.054       0.071
yr_2014                      0.0401      0.032      1.245      0.213      -0.023       0.103
yr_2015                     -0.0313      0.032     -0.979      0.328      -0.094       0.031
yr_2016                     -0.0344      0.032     -1.066      0.286      -0.098       0.029
yr_2017                      0.0222      0.033      0.680      0.496      -0.042       0.086
yr_2018                      0.0161      0.033      0.494      0.622      -0.048       0.080
mo_2                         0.0069      0.019      0.353      0.724      -0.031       0.045
mo_3                        -0.0051      0.019     -0.273      0.785      -0.041       0.031
mo_4                         0.0007      0.019      0.038      0.970      -0.036       0.037
mo_5                        -0.0117      0.020     -0.594      0.553      -0.050       0.027
mo_6                        -0.0256      0.019     -1.317      0.188      -0.064       0.013
mo_7                        -0.0237      0.019     -1.251      0.211      -0.061       0.013
mo_8                        -0.0257      0.018     -1.408      0.159      -0.061       0.010
mo_9                        -0.0281      0.019     -1.514      0.130      -0.065       0.008
mo_10                       -0.0060      0.018     -0.326      0.744      -0.042       0.030
mo_11                       -0.0239      0.019     -1.275      0.203      -0.061       0.013
mo_12                       -0.0258      0.018     -1.420      0.156      -0.061       0.010
genre_Action                -0.0527      0.011     -4.984      0.000      -0.073      -0.032
genre_Adventure             -0.0064      0.011     -0.568      0.570      -0.028       0.016
genre_Animation             -0.0307      0.018     -1.709      0.088      -0.066       0.005
genre_Biography             -0.0945      0.014     -6.644      0.000      -0.122      -0.067
genre_Comedy                -0.0079      0.009     -0.847      0.397      -0.026       0.010
genre_Crime                 -0.0882      0.010     -8.595      0.000      -0.108      -0.068
genre_Drama                  0.0117      0.009      1.232      0.218      -0.007       0.030
genre_Family                 0.0686      0.015      4.717      0.000       0.040       0.097
genre_Fantasy                0.0043      0.013      0.338      0.736      -0.021       0.029
genre_History                0.0208      0.020      1.020      0.308      -0.019       0.061
genre_Horror                -0.0250      0.014     -1.755      0.079      -0.053       0.003
genre_Music                  0.1078      0.019      5.649      0.000       0.070       0.145
genre_Musical                0.3194      0.043      7.385      0.000       0.235       0.404
genre_Mystery               -0.0607      0.013     -4.822      0.000      -0.085      -0.036
genre_News                -5.17e-19   1.83e-18     -0.282      0.778   -4.11e-18    3.08e-18
genre_Romance               -0.0225      0.010     -2.205      0.027      -0.043      -0.002
genre_Sci_Fi                -0.0137      0.014     -1.011      0.312      -0.040       0.013
genre_Short              -6.188e-18   2.12e-18     -2.913      0.004   -1.04e-17   -2.02e-18
genre_Sport                 -0.0401      0.021     -1.934      0.053      -0.081       0.001
genre_Thriller              -0.0741      0.011     -6.951      0.000      -0.095      -0.053
genre_War                    0.0175      0.029      0.604      0.546      -0.039       0.075
genre_Western               -0.0419      0.051     -0.814      0.416      -0.143       0.059
==============================================================================
Omnibus:                     1646.071   Durbin-Watson:                   2.008
Prob(Omnibus):                  0.000   Jarque-Bera (JB):            13304.785
Skew:                           1.748   Prob(JB):                         0.00
Kurtosis:                      11.208   Cond. No.                     1.02e+16
==============================================================================

Notes:
[1] Standard Errors assume that the covariance matrix of the errors is correctly specified.
[2] The smallest eigenvalue is 6.34e-27. This might indicate that there are
strong multicollinearity problems or that the design matrix is singular.