                            OLS Regression Results                            
==============================================================================
Dep. Variable:              sd_pooled   R-squared:                       0.560
Model:                            OLS   Adj. R-squared:                  0.553
Method:                 Least Squares   F-statistic:                     78.48
Date:                Tue, 31 Mar 2026   Prob (F-statistic):               0.00
Time:                        19:24:52   Log-Likelihood:                 524.12
No. Observations:                4012   AIC:                            -918.2
Df Residuals:                    3947   BIC:                            -508.9
Df Model:                          64                                         
Covariance Type:            nonrobust                                         
============================================================================================
                               coef    std err          t      P>|t|      [0.025      0.975]
--------------------------------------------------------------------------------------------
const                        3.3765      0.048     69.633      0.000       3.281       3.472
FLead                        0.0479      0.008      5.943      0.000       0.032       0.064
mean_pooled                 -0.2340      0.004    -52.959      0.000      -0.243      -0.225
kim_violence_gore            0.0113      0.003      4.443      0.000       0.006       0.016
kim_sex_nudity               0.0106      0.002      5.194      0.000       0.007       0.015
kim_language                -0.0123      0.002     -6.708      0.000      -0.016      -0.009
major                       -0.0389      0.008     -4.834      0.000      -0.055      -0.023
log_bom_opening_theaters     0.0057      0.002      3.214      0.001       0.002       0.009
genres_count                -0.0087      0.007     -1.275      0.202      -0.022       0.005
yr_1993                     -0.0040      0.035     -0.117      0.907      -0.072       0.064
yr_1994                  -2.316e-05      0.035     -0.001      0.999      -0.069       0.069
yr_1995                      0.0418      0.035      1.201      0.230      -0.026       0.110
yr_1996                      0.0056      0.034      0.164      0.870      -0.061       0.072
yr_1997                      0.0092      0.035      0.265      0.791      -0.059       0.077
yr_1998                      0.0567      0.034      1.690      0.091      -0.009       0.122
yr_1999                      0.0571      0.033      1.749      0.080      -0.007       0.121
yr_2000                     -0.0098      0.034     -0.290      0.772      -0.076       0.056
yr_2001                      0.0530      0.033      1.602      0.109      -0.012       0.118
yr_2002                      0.0126      0.033      0.389      0.698      -0.051       0.076
yr_2003                     -0.0005      0.033     -0.015      0.988      -0.065       0.064
yr_2004                      0.0634      0.033      1.949      0.051      -0.000       0.127
yr_2005                      0.0488      0.032      1.513      0.130      -0.014       0.112
yr_2006                      0.0989      0.032      3.087      0.002       0.036       0.162
yr_2007                      0.1106      0.032      3.464      0.001       0.048       0.173
yr_2008                      0.0486      0.032      1.513      0.130      -0.014       0.112
yr_2009                      0.0311      0.033      0.956      0.339      -0.033       0.095
yr_2010                      0.0255      0.032      0.787      0.431      -0.038       0.089
yr_2011                      0.0282      0.032      0.884      0.377      -0.034       0.091
yr_2012                      0.0111      0.032      0.350      0.726      -0.051       0.073
yr_2013                      0.0037      0.032      0.117      0.907      -0.059       0.066
yr_2014                      0.0352      0.032      1.089      0.276      -0.028       0.098
yr_2015                     -0.0350      0.032     -1.092      0.275      -0.098       0.028
yr_2016                     -0.0371      0.032     -1.149      0.251      -0.100       0.026
yr_2017                      0.0186      0.033      0.570      0.569      -0.045       0.083
yr_2018                      0.0110      0.033      0.337      0.736      -0.053       0.075
mo_2                         0.0091      0.019      0.466      0.641      -0.029       0.047
mo_3                        -0.0034      0.019     -0.185      0.853      -0.040       0.033
mo_4                         0.0010      0.019      0.054      0.957      -0.036       0.038
mo_5                        -0.0105      0.020     -0.530      0.596      -0.049       0.028
mo_6                        -0.0256      0.019     -1.313      0.189      -0.064       0.013
mo_7                        -0.0234      0.019     -1.236      0.216      -0.061       0.014
mo_8                        -0.0254      0.018     -1.388      0.165      -0.061       0.010
mo_9                        -0.0258      0.019     -1.390      0.165      -0.062       0.011
mo_10                       -0.0071      0.018     -0.388      0.698      -0.043       0.029
mo_11                       -0.0219      0.019     -1.163      0.245      -0.059       0.015
mo_12                       -0.0247      0.018     -1.362      0.173      -0.060       0.011
genre_Action                -0.0564      0.011     -5.308      0.000      -0.077      -0.036
genre_Adventure             -0.0016      0.011     -0.139      0.889      -0.024       0.020
genre_Animation             -0.0246      0.018     -1.368      0.171      -0.060       0.011
genre_Biography             -0.0944      0.014     -6.619      0.000      -0.122      -0.066
genre_Comedy                -0.0073      0.009     -0.773      0.440      -0.026       0.011
genre_Crime                 -0.0927      0.010     -9.063      0.000      -0.113      -0.073
genre_Drama                  0.0122      0.010      1.278      0.201      -0.007       0.031
genre_Family                 0.0736      0.015      5.042      0.000       0.045       0.102
genre_Fantasy                0.0073      0.013      0.573      0.566      -0.018       0.032
genre_History                0.0248      0.020      1.215      0.224      -0.015       0.065
genre_Horror                -0.0359      0.015     -2.454      0.014      -0.065      -0.007
genre_Music                  0.1082      0.019      5.650      0.000       0.071       0.146
genre_Musical                0.3246      0.043      7.502      0.000       0.240       0.409
genre_Mystery               -0.0588      0.013     -4.662      0.000      -0.083      -0.034
genre_News                1.764e-17   4.15e-17      0.426      0.670   -6.37e-17    9.89e-17
genre_Romance               -0.0173      0.010     -1.674      0.094      -0.038       0.003
genre_Sci_Fi                -0.0130      0.014     -0.954      0.340      -0.040       0.014
genre_Short              -5.733e-18   2.62e-17     -0.219      0.827    -5.7e-17    4.56e-17
genre_Sport                 -0.0403      0.021     -1.942      0.052      -0.081       0.000
genre_Thriller              -0.0778      0.011     -7.308      0.000      -0.099      -0.057
genre_War                    0.0066      0.029      0.226      0.821      -0.051       0.064
genre_Western               -0.0458      0.052     -0.887      0.375      -0.147       0.055
==============================================================================
Omnibus:                     1655.654   Durbin-Watson:                   2.001
Prob(Omnibus):                  0.000   Jarque-Bera (JB):            13454.252
Skew:                           1.759   Prob(JB):                         0.00
Kurtosis:                      11.253   Cond. No.                     1.02e+16
==============================================================================

Notes:
[1] Standard Errors assume that the covariance matrix of the errors is correctly specified.
[2] The smallest eigenvalue is 6.38e-27. This might indicate that there are
strong multicollinearity problems or that the design matrix is singular.