                            OLS Regression Results                            
==============================================================================
Dep. Variable:              sd_pooled   R-squared:                       0.562
Model:                            OLS   Adj. R-squared:                  0.555
Method:                 Least Squares   F-statistic:                     79.10
Date:                Tue, 31 Mar 2026   Prob (F-statistic):               0.00
Time:                        19:30:32   Log-Likelihood:                 532.98
No. Observations:                4012   AIC:                            -936.0
Df Residuals:                    3947   BIC:                            -526.7
Df Model:                          64                                         
Covariance Type:            nonrobust                                         
============================================================================================
                               coef    std err          t      P>|t|      [0.025      0.975]
--------------------------------------------------------------------------------------------
const                        3.3841      0.048     70.258      0.000       3.290       3.478
FLead                        0.0466      0.008      5.797      0.000       0.031       0.062
mean_pooled                 -0.2342      0.004    -53.527      0.000      -0.243      -0.226
kim_violence_gore            0.0122      0.003      4.778      0.000       0.007       0.017
kim_sex_nudity               0.0114      0.002      5.611      0.000       0.007       0.015
kim_language                -0.0150      0.002     -8.010      0.000      -0.019      -0.011
major                       -0.0377      0.008     -4.788      0.000      -0.053      -0.022
log_bom_opening_theaters     0.0055      0.002      2.976      0.003       0.002       0.009
genres_count                -0.0097      0.007     -1.434      0.152      -0.023       0.004
yr_1993                     -0.0059      0.034     -0.171      0.864      -0.073       0.062
yr_1994                     -0.0037      0.035     -0.106      0.915      -0.073       0.065
yr_1995                      0.0430      0.035      1.241      0.215      -0.025       0.111
yr_1996                      0.0087      0.034      0.255      0.799      -0.058       0.075
yr_1997                      0.0128      0.035      0.370      0.711      -0.055       0.081
yr_1998                      0.0590      0.033      1.763      0.078      -0.007       0.125
yr_1999                      0.0601      0.033      1.845      0.065      -0.004       0.124
yr_2000                     -0.0095      0.034     -0.283      0.777      -0.075       0.056
yr_2001                      0.0552      0.033      1.673      0.094      -0.009       0.120
yr_2002                      0.0158      0.032      0.487      0.626      -0.048       0.079
yr_2003                     -0.0003      0.033     -0.009      0.992      -0.064       0.064
yr_2004                      0.0614      0.032      1.892      0.059      -0.002       0.125
yr_2005                      0.0475      0.032      1.478      0.140      -0.016       0.111
yr_2006                      0.0962      0.032      3.008      0.003       0.033       0.159
yr_2007                      0.1103      0.032      3.464      0.001       0.048       0.173
yr_2008                      0.0528      0.032      1.645      0.100      -0.010       0.116
yr_2009                      0.0323      0.032      0.993      0.321      -0.031       0.096
yr_2010                      0.0264      0.032      0.817      0.414      -0.037       0.090
yr_2011                      0.0295      0.032      0.929      0.353      -0.033       0.092
yr_2012                      0.0147      0.032      0.466      0.641      -0.047       0.077
yr_2013                      0.0065      0.032      0.204      0.838      -0.056       0.069
yr_2014                      0.0397      0.032      1.233      0.218      -0.023       0.103
yr_2015                     -0.0304      0.032     -0.950      0.342      -0.093       0.032
yr_2016                     -0.0345      0.032     -1.069      0.285      -0.098       0.029
yr_2017                      0.0219      0.033      0.672      0.502      -0.042       0.086
yr_2018                      0.0156      0.033      0.478      0.633      -0.048       0.080
mo_2                         0.0087      0.019      0.445      0.656      -0.029       0.047
mo_3                        -0.0033      0.019     -0.180      0.857      -0.040       0.033
mo_4                         0.0011      0.019      0.061      0.952      -0.036       0.038
mo_5                        -0.0118      0.020     -0.598      0.550      -0.051       0.027
mo_6                        -0.0248      0.019     -1.274      0.203      -0.063       0.013
mo_7                        -0.0230      0.019     -1.217      0.224      -0.060       0.014
mo_8                        -0.0244      0.018     -1.339      0.181      -0.060       0.011
mo_9                        -0.0277      0.019     -1.493      0.135      -0.064       0.009
mo_10                       -0.0064      0.018     -0.353      0.724      -0.042       0.029
mo_11                       -0.0233      0.019     -1.242      0.214      -0.060       0.013
mo_12                       -0.0265      0.018     -1.464      0.143      -0.062       0.009
genre_Action                -0.0544      0.011     -5.131      0.000      -0.075      -0.034
genre_Adventure             -0.0057      0.011     -0.506      0.613      -0.028       0.016
genre_Animation             -0.0280      0.018     -1.560      0.119      -0.063       0.007
genre_Biography             -0.0945      0.014     -6.666      0.000      -0.122      -0.067
genre_Comedy                -0.0035      0.010     -0.367      0.714      -0.022       0.015
genre_Crime                 -0.0890      0.010     -8.684      0.000      -0.109      -0.069
genre_Drama                  0.0132      0.010      1.392      0.164      -0.005       0.032
genre_Family                 0.0716      0.015      4.915      0.000       0.043       0.100
genre_Fantasy                0.0044      0.013      0.347      0.729      -0.020       0.029
genre_History                0.0175      0.020      0.856      0.392      -0.023       0.057
genre_Horror                -0.0338      0.015     -2.312      0.021      -0.062      -0.005
genre_Music                  0.1110      0.019      5.804      0.000       0.073       0.148
genre_Musical                0.3179      0.043      7.360      0.000       0.233       0.403
genre_Mystery               -0.0585      0.013     -4.648      0.000      -0.083      -0.034
genre_News                3.881e-18   4.45e-18      0.873      0.383   -4.84e-18    1.26e-17
genre_Romance               -0.0188      0.010     -1.819      0.069      -0.039       0.001
genre_Sci_Fi                -0.0129      0.014     -0.948      0.343      -0.039       0.014
genre_Short               1.699e-18   2.08e-18      0.815      0.415   -2.39e-18    5.79e-18
genre_Sport                 -0.0370      0.021     -1.785      0.074      -0.078       0.004
genre_Thriller              -0.0735      0.011     -6.907      0.000      -0.094      -0.053
genre_War                    0.0104      0.029      0.357      0.721      -0.047       0.068
genre_Western               -0.0462      0.051     -0.899      0.369      -0.147       0.055
==============================================================================
Omnibus:                     1650.498   Durbin-Watson:                   2.006
Prob(Omnibus):                  0.000   Jarque-Bera (JB):            13405.346
Skew:                           1.752   Prob(JB):                         0.00
Kurtosis:                      11.241   Cond. No.                     1.02e+16
==============================================================================

Notes:
[1] Standard Errors assume that the covariance matrix of the errors is correctly specified.
[2] The smallest eigenvalue is 6.37e-27. This might indicate that there are
strong multicollinearity problems or that the design matrix is singular.