                            OLS Regression Results                            
==============================================================================
Dep. Variable:              sd_pooled   R-squared:                       0.562
Model:                            OLS   Adj. R-squared:                  0.555
Method:                 Least Squares   F-statistic:                     79.09
Date:                Tue, 31 Mar 2026   Prob (F-statistic):               0.00
Time:                        18:49:45   Log-Likelihood:                 532.81
No. Observations:                4012   AIC:                            -935.6
Df Residuals:                    3947   BIC:                            -526.3
Df Model:                          64                                         
Covariance Type:            nonrobust                                         
============================================================================================
                               coef    std err          t      P>|t|      [0.025      0.975]
--------------------------------------------------------------------------------------------
const                        3.3776      0.048     69.806      0.000       3.283       3.472
FLead                        0.0471      0.008      5.860      0.000       0.031       0.063
mean_pooled                 -0.2337      0.004    -53.045      0.000      -0.242      -0.225
kim_violence_gore            0.0121      0.003      4.743      0.000       0.007       0.017
kim_sex_nudity               0.0116      0.002      5.691      0.000       0.008       0.016
kim_language                -0.0146      0.002     -7.895      0.000      -0.018      -0.011
major                       -0.0393      0.008     -4.883      0.000      -0.055      -0.023
log_bom_opening_theaters     0.0056      0.002      3.155      0.002       0.002       0.009
genres_count                -0.0091      0.007     -1.339      0.181      -0.022       0.004
yr_1993                     -0.0055      0.034     -0.158      0.874      -0.073       0.062
yr_1994                      0.0011      0.035      0.032      0.974      -0.068       0.070
yr_1995                      0.0442      0.035      1.273      0.203      -0.024       0.112
yr_1996                      0.0090      0.034      0.263      0.792      -0.058       0.076
yr_1997                      0.0133      0.035      0.384      0.701      -0.055       0.081
yr_1998                      0.0587      0.033      1.754      0.079      -0.007       0.124
yr_1999                      0.0591      0.033      1.814      0.070      -0.005       0.123
yr_2000                     -0.0071      0.034     -0.212      0.832      -0.073       0.059
yr_2001                      0.0567      0.033      1.717      0.086      -0.008       0.121
yr_2002                      0.0164      0.032      0.505      0.614      -0.047       0.080
yr_2003                      0.0014      0.033      0.043      0.966      -0.063       0.065
yr_2004                      0.0629      0.032      1.938      0.053      -0.001       0.126
yr_2005                      0.0484      0.032      1.504      0.133      -0.015       0.111
yr_2006                      0.0975      0.032      3.050      0.002       0.035       0.160
yr_2007                      0.1120      0.032      3.516      0.000       0.050       0.174
yr_2008                      0.0521      0.032      1.624      0.105      -0.011       0.115
yr_2009                      0.0336      0.032      1.035      0.301      -0.030       0.097
yr_2010                      0.0273      0.032      0.844      0.399      -0.036       0.091
yr_2011                      0.0315      0.032      0.990      0.322      -0.031       0.094
yr_2012                      0.0151      0.032      0.478      0.633      -0.047       0.077
yr_2013                      0.0078      0.032      0.244      0.807      -0.055       0.070
yr_2014                      0.0407      0.032      1.263      0.207      -0.022       0.104
yr_2015                     -0.0313      0.032     -0.979      0.328      -0.094       0.031
yr_2016                     -0.0340      0.032     -1.054      0.292      -0.097       0.029
yr_2017                      0.0203      0.033      0.623      0.533      -0.044       0.084
yr_2018                      0.0141      0.033      0.432      0.666      -0.050       0.078
mo_2                         0.0082      0.019      0.424      0.672      -0.030       0.046
mo_3                        -0.0033      0.019     -0.181      0.857      -0.040       0.033
mo_4                         0.0013      0.019      0.069      0.945      -0.035       0.038
mo_5                        -0.0109      0.020     -0.553      0.580      -0.050       0.028
mo_6                        -0.0253      0.019     -1.299      0.194      -0.063       0.013
mo_7                        -0.0233      0.019     -1.235      0.217      -0.060       0.014
mo_8                        -0.0254      0.018     -1.394      0.164      -0.061       0.010
mo_9                        -0.0272      0.019     -1.467      0.142      -0.064       0.009
mo_10                       -0.0071      0.018     -0.390      0.697      -0.043       0.029
mo_11                       -0.0241      0.019     -1.287      0.198      -0.061       0.013
mo_12                       -0.0250      0.018     -1.381      0.167      -0.061       0.011
genre_Action                -0.0561      0.011     -5.290      0.000      -0.077      -0.035
genre_Adventure             -0.0060      0.011     -0.532      0.595      -0.028       0.016
genre_Animation             -0.0264      0.018     -1.470      0.142      -0.062       0.009
genre_Biography             -0.0913      0.014     -6.415      0.000      -0.119      -0.063
genre_Comedy                -0.0049      0.009     -0.517      0.605      -0.023       0.014
genre_Crime                 -0.0908      0.010     -8.891      0.000      -0.111      -0.071
genre_Drama                  0.0125      0.009      1.315      0.189      -0.006       0.031
genre_Family                 0.0727      0.015      4.999      0.000       0.044       0.101
genre_Fantasy                0.0048      0.013      0.378      0.705      -0.020       0.030
genre_History                0.0188      0.020      0.921      0.357      -0.021       0.059
genre_Horror                -0.0347      0.015     -2.378      0.017      -0.063      -0.006
genre_Music                  0.1111      0.019      5.812      0.000       0.074       0.149
genre_Musical                0.3216      0.043      7.449      0.000       0.237       0.406
genre_Mystery               -0.0596      0.013     -4.739      0.000      -0.084      -0.035
genre_News               -7.367e-18   3.06e-18     -2.406      0.016   -1.34e-17   -1.36e-18
genre_Romance               -0.0190      0.010     -1.848      0.065      -0.039       0.001
genre_Sci_Fi                -0.0129      0.014     -0.951      0.342      -0.039       0.014
genre_Short               3.871e-18    4.5e-18      0.861      0.389   -4.95e-18    1.27e-17
genre_Sport                 -0.0394      0.021     -1.902      0.057      -0.080       0.001
genre_Thriller              -0.0748      0.011     -7.031      0.000      -0.096      -0.054
genre_War                    0.0113      0.029      0.389      0.697      -0.046       0.069
genre_Western               -0.0460      0.051     -0.894      0.371      -0.147       0.055
==============================================================================
Omnibus:                     1653.801   Durbin-Watson:                   2.004
Prob(Omnibus):                  0.000   Jarque-Bera (JB):            13480.536
Skew:                           1.755   Prob(JB):                         0.00
Kurtosis:                      11.265   Cond. No.                     1.02e+16
==============================================================================

Notes:
[1] Standard Errors assume that the covariance matrix of the errors is correctly specified.
[2] The smallest eigenvalue is 6.38e-27. This might indicate that there are
strong multicollinearity problems or that the design matrix is singular.