                            OLS Regression Results                            
==============================================================================
Dep. Variable:              sd_pooled   R-squared:                       0.562
Model:                            OLS   Adj. R-squared:                  0.555
Method:                 Least Squares   F-statistic:                     79.05
Date:                Tue, 31 Mar 2026   Prob (F-statistic):               0.00
Time:                        21:28:37   Log-Likelihood:                 532.25
No. Observations:                4012   AIC:                            -934.5
Df Residuals:                    3947   BIC:                            -525.2
Df Model:                          64                                         
Covariance Type:            nonrobust                                         
============================================================================================
                               coef    std err          t      P>|t|      [0.025      0.975]
--------------------------------------------------------------------------------------------
const                        3.3812      0.048     69.862      0.000       3.286       3.476
FLead                        0.0480      0.008      5.984      0.000       0.032       0.064
mean_pooled                 -0.2337      0.004    -53.058      0.000      -0.242      -0.225
kim_violence_gore            0.0118      0.003      4.659      0.000       0.007       0.017
kim_sex_nudity               0.0110      0.002      5.486      0.000       0.007       0.015
kim_language                -0.0149      0.002     -7.824      0.000      -0.019      -0.011
major                       -0.0391      0.008     -4.868      0.000      -0.055      -0.023
log_bom_opening_theaters     0.0055      0.002      3.124      0.002       0.002       0.009
genres_count                -0.0094      0.007     -1.393      0.164      -0.023       0.004
yr_1993                     -0.0046      0.034     -0.134      0.894      -0.072       0.063
yr_1994                     -0.0019      0.035     -0.053      0.958      -0.071       0.067
yr_1995                      0.0450      0.035      1.297      0.195      -0.023       0.113
yr_1996                      0.0098      0.034      0.287      0.774      -0.057       0.077
yr_1997                      0.0129      0.035      0.373      0.709      -0.055       0.081
yr_1998                      0.0595      0.033      1.778      0.076      -0.006       0.125
yr_1999                      0.0610      0.033      1.871      0.061      -0.003       0.125
yr_2000                     -0.0080      0.034     -0.237      0.813      -0.074       0.058
yr_2001                      0.0559      0.033      1.694      0.090      -0.009       0.121
yr_2002                      0.0166      0.032      0.512      0.609      -0.047       0.080
yr_2003                     -0.0008      0.033     -0.026      0.979      -0.065       0.063
yr_2004                      0.0606      0.032      1.866      0.062      -0.003       0.124
yr_2005                      0.0493      0.032      1.531      0.126      -0.014       0.112
yr_2006                      0.0979      0.032      3.062      0.002       0.035       0.161
yr_2007                      0.1119      0.032      3.513      0.000       0.049       0.174
yr_2008                      0.0543      0.032      1.693      0.091      -0.009       0.117
yr_2009                      0.0334      0.032      1.028      0.304      -0.030       0.097
yr_2010                      0.0273      0.032      0.843      0.399      -0.036       0.091
yr_2011                      0.0324      0.032      1.019      0.308      -0.030       0.095
yr_2012                      0.0149      0.032      0.472      0.637      -0.047       0.077
yr_2013                      0.0069      0.032      0.216      0.829      -0.056       0.069
yr_2014                      0.0396      0.032      1.228      0.219      -0.024       0.103
yr_2015                     -0.0340      0.032     -1.063      0.288      -0.097       0.029
yr_2016                     -0.0368      0.032     -1.142      0.254      -0.100       0.026
yr_2017                      0.0199      0.033      0.613      0.540      -0.044       0.084
yr_2018                      0.0142      0.033      0.436      0.663      -0.050       0.078
mo_2                         0.0087      0.019      0.448      0.654      -0.029       0.047
mo_3                        -0.0047      0.019     -0.256      0.798      -0.041       0.032
mo_4                         0.0014      0.019      0.076      0.940      -0.035       0.038
mo_5                        -0.0118      0.020     -0.597      0.551      -0.050       0.027
mo_6                        -0.0253      0.019     -1.303      0.193      -0.063       0.013
mo_7                        -0.0230      0.019     -1.218      0.223      -0.060       0.014
mo_8                        -0.0242      0.018     -1.326      0.185      -0.060       0.012
mo_9                        -0.0276      0.019     -1.488      0.137      -0.064       0.009
mo_10                       -0.0066      0.018     -0.364      0.716      -0.042       0.029
mo_11                       -0.0238      0.019     -1.268      0.205      -0.061       0.013
mo_12                       -0.0265      0.018     -1.463      0.144      -0.062       0.009
genre_Action                -0.0548      0.011     -5.162      0.000      -0.076      -0.034
genre_Adventure             -0.0059      0.011     -0.521      0.602      -0.028       0.016
genre_Animation             -0.0277      0.018     -1.541      0.123      -0.063       0.008
genre_Biography             -0.0908      0.014     -6.379      0.000      -0.119      -0.063
genre_Comedy                -0.0040      0.010     -0.421      0.673      -0.023       0.015
genre_Crime                 -0.0906      0.010     -8.872      0.000      -0.111      -0.071
genre_Drama                  0.0137      0.010      1.445      0.149      -0.005       0.032
genre_Family                 0.0709      0.015      4.864      0.000       0.042       0.099
genre_Fantasy                0.0048      0.013      0.383      0.702      -0.020       0.030
genre_History                0.0174      0.020      0.853      0.394      -0.023       0.057
genre_Horror                -0.0333      0.015     -2.277      0.023      -0.062      -0.005
genre_Music                  0.1102      0.019      5.766      0.000       0.073       0.148
genre_Musical                0.3200      0.043      7.409      0.000       0.235       0.405
genre_Mystery               -0.0587      0.013     -4.668      0.000      -0.083      -0.034
genre_News                1.969e-18   2.51e-18      0.786      0.432   -2.94e-18    6.88e-18
genre_Romance               -0.0179      0.010     -1.737      0.082      -0.038       0.002
genre_Sci_Fi                -0.0125      0.014     -0.925      0.355      -0.039       0.014
genre_Short              -5.138e-19   5.65e-18     -0.091      0.928   -1.16e-17    1.06e-17
genre_Sport                 -0.0389      0.021     -1.876      0.061      -0.079       0.002
genre_Thriller              -0.0742      0.011     -6.961      0.000      -0.095      -0.053
genre_War                    0.0096      0.029      0.329      0.743      -0.048       0.067
genre_Western               -0.0469      0.051     -0.910      0.363      -0.148       0.054
==============================================================================
Omnibus:                     1655.498   Durbin-Watson:                   2.007
Prob(Omnibus):                  0.000   Jarque-Bera (JB):            13488.045
Skew:                           1.758   Prob(JB):                         0.00
Kurtosis:                      11.266   Cond. No.                     1.02e+16
==============================================================================

Notes:
[1] Standard Errors assume that the covariance matrix of the errors is correctly specified.
[2] The smallest eigenvalue is 6.34e-27. This might indicate that there are
strong multicollinearity problems or that the design matrix is singular.