                            OLS Regression Results                            
==============================================================================
Dep. Variable:              sd_pooled   R-squared:                       0.561
Model:                            OLS   Adj. R-squared:                  0.554
Method:                 Least Squares   F-statistic:                     78.73
Date:                Tue, 31 Mar 2026   Prob (F-statistic):               0.00
Time:                        21:24:29   Log-Likelihood:                 527.78
No. Observations:                4012   AIC:                            -925.6
Df Residuals:                    3947   BIC:                            -516.3
Df Model:                          64                                         
Covariance Type:            nonrobust                                         
============================================================================================
                               coef    std err          t      P>|t|      [0.025      0.975]
--------------------------------------------------------------------------------------------
const                        3.3787      0.048     69.738      0.000       3.284       3.474
FLead                        0.0485      0.008      6.039      0.000       0.033       0.064
mean_pooled                 -0.2340      0.004    -53.048      0.000      -0.243      -0.225
kim_violence_gore            0.0117      0.003      4.587      0.000       0.007       0.017
kim_sex_nudity               0.0109      0.002      5.356      0.000       0.007       0.015
kim_language                -0.0138      0.002     -7.231      0.000      -0.018      -0.010
major                       -0.0394      0.008     -4.890      0.000      -0.055      -0.024
log_bom_opening_theaters     0.0055      0.002      3.111      0.002       0.002       0.009
genres_count                -0.0092      0.007     -1.349      0.177      -0.022       0.004
yr_1993                     -0.0043      0.034     -0.125      0.901      -0.072       0.063
yr_1994                     -0.0006      0.035     -0.018      0.986      -0.070       0.068
yr_1995                      0.0417      0.035      1.199      0.230      -0.026       0.110
yr_1996                      0.0102      0.034      0.298      0.765      -0.057       0.077
yr_1997                      0.0146      0.035      0.419      0.675      -0.054       0.083
yr_1998                      0.0590      0.034      1.761      0.078      -0.007       0.125
yr_1999                      0.0595      0.033      1.825      0.068      -0.004       0.124
yr_2000                     -0.0083      0.034     -0.246      0.805      -0.074       0.058
yr_2001                      0.0578      0.033      1.748      0.081      -0.007       0.123
yr_2002                      0.0168      0.032      0.518      0.605      -0.047       0.081
yr_2003                      0.0004      0.033      0.013      0.990      -0.064       0.065
yr_2004                      0.0635      0.032      1.954      0.051      -0.000       0.127
yr_2005                      0.0500      0.032      1.552      0.121      -0.013       0.113
yr_2006                      0.0988      0.032      3.087      0.002       0.036       0.162
yr_2007                      0.1129      0.032      3.541      0.000       0.050       0.175
yr_2008                      0.0532      0.032      1.658      0.097      -0.010       0.116
yr_2009                      0.0322      0.033      0.990      0.322      -0.032       0.096
yr_2010                      0.0277      0.032      0.854      0.393      -0.036       0.091
yr_2011                      0.0319      0.032      1.001      0.317      -0.031       0.094
yr_2012                      0.0145      0.032      0.458      0.647      -0.048       0.077
yr_2013                      0.0074      0.032      0.231      0.817      -0.055       0.070
yr_2014                      0.0399      0.032      1.238      0.216      -0.023       0.103
yr_2015                     -0.0315      0.032     -0.982      0.326      -0.094       0.031
yr_2016                     -0.0366      0.032     -1.133      0.257      -0.100       0.027
yr_2017                      0.0185      0.033      0.567      0.571      -0.045       0.082
yr_2018                      0.0134      0.033      0.411      0.681      -0.051       0.078
mo_2                         0.0090      0.019      0.460      0.646      -0.029       0.047
mo_3                        -0.0044      0.019     -0.238      0.812      -0.041       0.032
mo_4                         0.0005      0.019      0.025      0.980      -0.036       0.037
mo_5                        -0.0106      0.020     -0.539      0.590      -0.049       0.028
mo_6                        -0.0250      0.019     -1.285      0.199      -0.063       0.013
mo_7                        -0.0226      0.019     -1.192      0.233      -0.060       0.015
mo_8                        -0.0244      0.018     -1.336      0.182      -0.060       0.011
mo_9                        -0.0270      0.019     -1.455      0.146      -0.063       0.009
mo_10                       -0.0069      0.018     -0.378      0.705      -0.043       0.029
mo_11                       -0.0243      0.019     -1.293      0.196      -0.061       0.013
mo_12                       -0.0257      0.018     -1.416      0.157      -0.061       0.010
genre_Action                -0.0551      0.011     -5.183      0.000      -0.076      -0.034
genre_Adventure             -0.0049      0.011     -0.431      0.666      -0.027       0.017
genre_Animation             -0.0256      0.018     -1.424      0.155      -0.061       0.010
genre_Biography             -0.0921      0.014     -6.460      0.000      -0.120      -0.064
genre_Comedy                -0.0050      0.010     -0.525      0.600      -0.024       0.014
genre_Crime                 -0.0919      0.010     -8.998      0.000      -0.112      -0.072
genre_Drama                  0.0130      0.010      1.368      0.171      -0.006       0.032
genre_Family                 0.0726      0.015      4.980      0.000       0.044       0.101
genre_Fantasy                0.0056      0.013      0.443      0.658      -0.019       0.030
genre_History                0.0209      0.020      1.021      0.307      -0.019       0.061
genre_Horror                -0.0349      0.015     -2.390      0.017      -0.064      -0.006
genre_Music                  0.1118      0.019      5.835      0.000       0.074       0.149
genre_Musical                0.3209      0.043      7.422      0.000       0.236       0.406
genre_Mystery               -0.0584      0.013     -4.634      0.000      -0.083      -0.034
genre_News                -1.58e-19   4.22e-18     -0.037      0.970   -8.43e-18    8.12e-18
genre_Romance               -0.0185      0.010     -1.790      0.074      -0.039       0.002
genre_Sci_Fi                -0.0123      0.014     -0.903      0.366      -0.039       0.014
genre_Short               2.386e-18   2.86e-18      0.834      0.404   -3.22e-18       8e-18
genre_Sport                 -0.0394      0.021     -1.898      0.058      -0.080       0.001
genre_Thriller              -0.0753      0.011     -7.070      0.000      -0.096      -0.054
genre_War                    0.0070      0.029      0.241      0.810      -0.050       0.064
genre_Western               -0.0477      0.052     -0.925      0.355      -0.149       0.053
==============================================================================
Omnibus:                     1659.274   Durbin-Watson:                   2.004
Prob(Omnibus):                  0.000   Jarque-Bera (JB):            13550.057
Skew:                           1.762   Prob(JB):                         0.00
Kurtosis:                      11.285   Cond. No.                     1.02e+16
==============================================================================

Notes:
[1] Standard Errors assume that the covariance matrix of the errors is correctly specified.
[2] The smallest eigenvalue is 6.34e-27. This might indicate that there are
strong multicollinearity problems or that the design matrix is singular.