                            OLS Regression Results                            
==============================================================================
Dep. Variable:              sd_pooled   R-squared:                       0.559
Model:                            OLS   Adj. R-squared:                  0.551
Method:                 Least Squares   F-statistic:                     78.02
Date:                Sun, 29 Mar 2026   Prob (F-statistic):               0.00
Time:                        15:18:28   Log-Likelihood:                 517.61
No. Observations:                4012   AIC:                            -905.2
Df Residuals:                    3947   BIC:                            -495.9
Df Model:                          64                                         
Covariance Type:            nonrobust                                         
============================================================================================
                               coef    std err          t      P>|t|      [0.025      0.975]
--------------------------------------------------------------------------------------------
const                        3.3897      0.049     69.683      0.000       3.294       3.485
FLead                        0.0504      0.008      6.269      0.000       0.035       0.066
mean_pooled                 -0.2351      0.004    -53.277      0.000      -0.244      -0.226
kim_violence_gore            0.0101      0.003      3.997      0.000       0.005       0.015
kim_sex_nudity               0.0086      0.002      4.357      0.000       0.005       0.012
kim_language                -0.0111      0.002     -5.663      0.000      -0.015      -0.007
major                       -0.0380      0.008     -4.715      0.000      -0.054      -0.022
log_bom_opening_theaters     0.0057      0.002      3.199      0.001       0.002       0.009
genres_count                -0.0068      0.007     -1.007      0.314      -0.020       0.006
yr_1993                     -0.0059      0.035     -0.170      0.865      -0.074       0.062
yr_1994                     -0.0028      0.035     -0.080      0.937      -0.072       0.066
yr_1995                      0.0399      0.035      1.145      0.252      -0.028       0.108
yr_1996                      0.0031      0.034      0.090      0.928      -0.064       0.070
yr_1997                      0.0068      0.035      0.195      0.845      -0.061       0.075
yr_1998                      0.0518      0.034      1.544      0.123      -0.014       0.118
yr_1999                      0.0547      0.033      1.673      0.094      -0.009       0.119
yr_2000                     -0.0124      0.034     -0.367      0.713      -0.078       0.054
yr_2001                      0.0549      0.033      1.656      0.098      -0.010       0.120
yr_2002                      0.0153      0.033      0.470      0.638      -0.049       0.079
yr_2003                     -0.0007      0.033     -0.022      0.983      -0.065       0.064
yr_2004                      0.0615      0.033      1.888      0.059      -0.002       0.125
yr_2005                      0.0471      0.032      1.459      0.145      -0.016       0.110
yr_2006                      0.0968      0.032      3.016      0.003       0.034       0.160
yr_2007                      0.1114      0.032      3.486      0.000       0.049       0.174
yr_2008                      0.0509      0.032      1.583      0.114      -0.012       0.114
yr_2009                      0.0316      0.033      0.970      0.332      -0.032       0.096
yr_2010                      0.0255      0.033      0.783      0.434      -0.038       0.089
yr_2011                      0.0296      0.032      0.926      0.355      -0.033       0.092
yr_2012                      0.0124      0.032      0.391      0.696      -0.050       0.075
yr_2013                      0.0036      0.032      0.114      0.909      -0.059       0.066
yr_2014                      0.0354      0.032      1.094      0.274      -0.028       0.099
yr_2015                     -0.0365      0.032     -1.138      0.255      -0.099       0.026
yr_2016                     -0.0401      0.032     -1.238      0.216      -0.103       0.023
yr_2017                      0.0136      0.033      0.418      0.676      -0.050       0.078
yr_2018                      0.0077      0.033      0.233      0.815      -0.057       0.072
mo_2                         0.0114      0.020      0.582      0.561      -0.027       0.050
mo_3                        -0.0040      0.019     -0.217      0.828      -0.040       0.032
mo_4                         0.0019      0.019      0.099      0.921      -0.035       0.039
mo_5                        -0.0106      0.020     -0.537      0.592      -0.049       0.028
mo_6                        -0.0248      0.020     -1.268      0.205      -0.063       0.014
mo_7                        -0.0228      0.019     -1.202      0.229      -0.060       0.014
mo_8                        -0.0262      0.018     -1.432      0.152      -0.062       0.010
mo_9                        -0.0284      0.019     -1.523      0.128      -0.065       0.008
mo_10                       -0.0073      0.018     -0.400      0.689      -0.043       0.029
mo_11                       -0.0228      0.019     -1.212      0.225      -0.060       0.014
mo_12                       -0.0246      0.018     -1.352      0.176      -0.060       0.011
genre_Action                -0.0558      0.011     -5.238      0.000      -0.077      -0.035
genre_Adventure             -0.0023      0.011     -0.205      0.838      -0.024       0.020
genre_Animation             -0.0234      0.018     -1.297      0.195      -0.059       0.012
genre_Biography             -0.0931      0.014     -6.515      0.000      -0.121      -0.065
genre_Comedy                -0.0088      0.010     -0.930      0.353      -0.027       0.010
genre_Crime                 -0.0963      0.010     -9.440      0.000      -0.116      -0.076
genre_Drama                  0.0103      0.010      1.084      0.278      -0.008       0.029
genre_Family                 0.0778      0.015      5.340      0.000       0.049       0.106
genre_Fantasy                0.0067      0.013      0.529      0.597      -0.018       0.032
genre_History                0.0267      0.020      1.308      0.191      -0.013       0.067
genre_Horror                -0.0353      0.015     -2.407      0.016      -0.064      -0.007
genre_Music                  0.1075      0.019      5.607      0.000       0.070       0.145
genre_Musical                0.3264      0.043      7.533      0.000       0.241       0.411
genre_Mystery               -0.0587      0.013     -4.649      0.000      -0.083      -0.034
genre_News                -1.98e-18   4.57e-18     -0.433      0.665   -1.09e-17    6.99e-18
genre_Romance               -0.0174      0.010     -1.681      0.093      -0.038       0.003
genre_Sci_Fi                -0.0150      0.014     -1.100      0.271      -0.042       0.012
genre_Short              -3.591e-19   1.01e-18     -0.356      0.722   -2.33e-18    1.62e-18
genre_Sport                 -0.0408      0.021     -1.962      0.050      -0.082   -2.02e-05
genre_Thriller              -0.0798      0.011     -7.504      0.000      -0.101      -0.059
genre_War                    0.0110      0.029      0.375      0.707      -0.046       0.068
genre_Western               -0.0467      0.052     -0.904      0.366      -0.148       0.055
==============================================================================
Omnibus:                     1685.486   Durbin-Watson:                   2.007
Prob(Omnibus):                  0.000   Jarque-Bera (JB):            14138.512
Skew:                           1.787   Prob(JB):                         0.00
Kurtosis:                      11.474   Cond. No.                     1.02e+16
==============================================================================

Notes:
[1] Standard Errors assume that the covariance matrix of the errors is correctly specified.
[2] The smallest eigenvalue is 6.39e-27. This might indicate that there are
strong multicollinearity problems or that the design matrix is singular.