                            OLS Regression Results                            
==============================================================================
Dep. Variable:              sd_pooled   R-squared:                       0.558
Model:                            OLS   Adj. R-squared:                  0.551
Method:                 Least Squares   F-statistic:                     77.98
Date:                Tue, 31 Mar 2026   Prob (F-statistic):               0.00
Time:                        15:33:16   Log-Likelihood:                 517.04
No. Observations:                4012   AIC:                            -904.1
Df Residuals:                    3947   BIC:                            -494.8
Df Model:                          64                                         
Covariance Type:            nonrobust                                         
============================================================================================
                               coef    std err          t      P>|t|      [0.025      0.975]
--------------------------------------------------------------------------------------------
const                        3.3799      0.049     69.566      0.000       3.285       3.475
FLead                        0.0498      0.008      6.179      0.000       0.034       0.066
mean_pooled                 -0.2347      0.004    -53.073      0.000      -0.243      -0.226
kim_violence_gore            0.0106      0.003      4.159      0.000       0.006       0.016
kim_sex_nudity               0.0095      0.002      4.706      0.000       0.006       0.013
kim_language                -0.0097      0.002     -5.561      0.000      -0.013      -0.006
major                       -0.0394      0.008     -4.883      0.000      -0.055      -0.024
log_bom_opening_theaters     0.0056      0.002      3.147      0.002       0.002       0.009
genres_count                -0.0077      0.007     -1.137      0.256      -0.021       0.006
yr_1993                     -0.0059      0.035     -0.172      0.864      -0.074       0.062
yr_1994                     -0.0042      0.035     -0.119      0.906      -0.073       0.065
yr_1995                      0.0365      0.035      1.049      0.294      -0.032       0.105
yr_1996                      0.0026      0.034      0.076      0.940      -0.064       0.070
yr_1997                      0.0063      0.035      0.180      0.857      -0.062       0.075
yr_1998                      0.0506      0.034      1.509      0.131      -0.015       0.116
yr_1999                      0.0516      0.033      1.579      0.115      -0.012       0.116
yr_2000                     -0.0150      0.034     -0.444      0.657      -0.081       0.051
yr_2001                      0.0519      0.033      1.568      0.117      -0.013       0.117
yr_2002                      0.0115      0.033      0.353      0.724      -0.052       0.075
yr_2003                     -0.0036      0.033     -0.110      0.912      -0.068       0.061
yr_2004                      0.0636      0.033      1.952      0.051      -0.000       0.127
yr_2005                      0.0478      0.032      1.480      0.139      -0.016       0.111
yr_2006                      0.0972      0.032      3.029      0.002       0.034       0.160
yr_2007                      0.1114      0.032      3.486      0.000       0.049       0.174
yr_2008                      0.0515      0.032      1.601      0.109      -0.012       0.115
yr_2009                      0.0293      0.033      0.898      0.369      -0.035       0.093
yr_2010                      0.0235      0.032      0.722      0.471      -0.040       0.087
yr_2011                      0.0280      0.032      0.877      0.381      -0.035       0.091
yr_2012                      0.0103      0.032      0.325      0.745      -0.052       0.073
yr_2013                      0.0039      0.032      0.122      0.903      -0.059       0.067
yr_2014                      0.0339      0.032      1.050      0.294      -0.029       0.097
yr_2015                     -0.0379      0.032     -1.182      0.237      -0.101       0.025
yr_2016                     -0.0412      0.032     -1.272      0.203      -0.105       0.022
yr_2017                      0.0117      0.033      0.358      0.720      -0.052       0.076
yr_2018                      0.0055      0.033      0.166      0.868      -0.059       0.070
mo_2                         0.0119      0.020      0.608      0.543      -0.026       0.050
mo_3                        -0.0029      0.019     -0.157      0.875      -0.039       0.034
mo_4                         0.0018      0.019      0.097      0.923      -0.035       0.039
mo_5                        -0.0107      0.020     -0.541      0.588      -0.050       0.028
mo_6                        -0.0242      0.020     -1.238      0.216      -0.062       0.014
mo_7                        -0.0239      0.019     -1.261      0.207      -0.061       0.013
mo_8                        -0.0268      0.018     -1.463      0.144      -0.063       0.009
mo_9                        -0.0281      0.019     -1.510      0.131      -0.065       0.008
mo_10                       -0.0076      0.018     -0.416      0.677      -0.044       0.028
mo_11                       -0.0225      0.019     -1.196      0.232      -0.059       0.014
mo_12                       -0.0252      0.018     -1.384      0.166      -0.061       0.010
genre_Action                -0.0579      0.011     -5.443      0.000      -0.079      -0.037
genre_Adventure             -0.0022      0.011     -0.199      0.842      -0.024       0.020
genre_Animation             -0.0202      0.018     -1.124      0.261      -0.055       0.015
genre_Biography             -0.0936      0.014     -6.552      0.000      -0.122      -0.066
genre_Comedy                -0.0102      0.009     -1.073      0.284      -0.029       0.008
genre_Crime                 -0.0974      0.010     -9.568      0.000      -0.117      -0.077
genre_Drama                  0.0099      0.010      1.035      0.301      -0.009       0.029
genre_Family                 0.0774      0.015      5.307      0.000       0.049       0.106
genre_Fantasy                0.0102      0.013      0.805      0.421      -0.015       0.035
genre_History                0.0281      0.020      1.377      0.169      -0.012       0.068
genre_Horror                -0.0363      0.015     -2.474      0.013      -0.065      -0.008
genre_Music                  0.1078      0.019      5.619      0.000       0.070       0.145
genre_Musical                0.3193      0.043      7.358      0.000       0.234       0.404
genre_Mystery               -0.0589      0.013     -4.663      0.000      -0.084      -0.034
genre_News               -5.048e-18    8.9e-18     -0.568      0.570   -2.25e-17    1.24e-17
genre_Romance               -0.0176      0.010     -1.700      0.089      -0.038       0.003
genre_Sci_Fi                -0.0130      0.014     -0.955      0.339      -0.040       0.014
genre_Short               -1.53e-18   4.05e-18     -0.378      0.706   -9.47e-18    6.41e-18
genre_Sport                 -0.0404      0.021     -1.940      0.052      -0.081       0.000
genre_Thriller              -0.0780      0.011     -7.303      0.000      -0.099      -0.057
genre_War                    0.0099      0.029      0.339      0.735      -0.047       0.067
genre_Western               -0.0447      0.052     -0.866      0.387      -0.146       0.057
==============================================================================
Omnibus:                     1690.069   Durbin-Watson:                   2.007
Prob(Omnibus):                  0.000   Jarque-Bera (JB):            14248.179
Skew:                           1.791   Prob(JB):                         0.00
Kurtosis:                      11.509   Cond. No.                     1.02e+16
==============================================================================

Notes:
[1] Standard Errors assume that the covariance matrix of the errors is correctly specified.
[2] The smallest eigenvalue is 6.39e-27. This might indicate that there are
strong multicollinearity problems or that the design matrix is singular.