                            OLS Regression Results                            
==============================================================================
Dep. Variable:              sd_pooled   R-squared:                       0.589
Model:                            OLS   Adj. R-squared:                  0.576
Method:                 Least Squares   F-statistic:                     43.52
Date:                Wed, 01 Apr 2026   Prob (F-statistic):               0.00
Time:                        00:35:41   Log-Likelihood:                 421.00
No. Observations:                2006   AIC:                            -712.0
Df Residuals:                    1941   BIC:                            -347.8
Df Model:                          64                                         
Covariance Type:            nonrobust                                         
============================================================================================
                               coef    std err          t      P>|t|      [0.025      0.975]
--------------------------------------------------------------------------------------------
const                        3.3925      0.066     51.468      0.000       3.263       3.522
FLead                        0.0522      0.010      5.030      0.000       0.032       0.073
mean_pooled                 -0.2319      0.006    -38.314      0.000      -0.244      -0.220
kim_violence_gore            0.0124      0.003      3.892      0.000       0.006       0.019
kim_sex_nudity               0.0098      0.003      3.838      0.000       0.005       0.015
kim_language                -0.0114      0.002     -4.864      0.000      -0.016      -0.007
major                       -0.0189      0.011     -1.663      0.096      -0.041       0.003
log_bom_opening_theaters     0.0021      0.002      0.987      0.324      -0.002       0.006
genres_count                -0.0020      0.008     -0.245      0.806      -0.018       0.014
yr_1993                      0.0105      0.046      0.228      0.820      -0.080       0.101
yr_1994                     -0.0381      0.047     -0.808      0.419      -0.130       0.054
yr_1995                      0.0103      0.046      0.223      0.824      -0.080       0.101
yr_1996                     -0.0049      0.046     -0.106      0.916      -0.095       0.085
yr_1997                      0.0518      0.050      1.046      0.296      -0.045       0.149
yr_1998                      0.0577      0.045      1.281      0.200      -0.031       0.146
yr_1999                      0.0547      0.044      1.254      0.210      -0.031       0.140
yr_2000                      0.0008      0.046      0.018      0.985      -0.089       0.090
yr_2001                      0.0247      0.044      0.556      0.578      -0.062       0.112
yr_2002                     -0.0016      0.045     -0.035      0.972      -0.089       0.086
yr_2003                     -0.0163      0.045     -0.366      0.714      -0.104       0.071
yr_2004                      0.0691      0.045      1.550      0.121      -0.018       0.156
yr_2005                      0.0513      0.044      1.168      0.243      -0.035       0.137
yr_2006                      0.0551      0.043      1.270      0.204      -0.030       0.140
yr_2007                      0.0900      0.043      2.109      0.035       0.006       0.174
yr_2008                      0.0309      0.044      0.700      0.484      -0.056       0.117
yr_2009                     -0.0079      0.044     -0.179      0.858      -0.095       0.079
yr_2010                     -0.0484      0.044     -1.090      0.276      -0.135       0.039
yr_2011                     -0.0027      0.043     -0.063      0.950      -0.087       0.082
yr_2012                     -0.0185      0.042     -0.439      0.661      -0.101       0.064
yr_2013                     -0.0489      0.043     -1.139      0.255      -0.133       0.035
yr_2014                      0.0057      0.043      0.132      0.895      -0.079       0.090
yr_2015                     -0.0585      0.044     -1.343      0.180      -0.144       0.027
yr_2016                     -0.0894      0.045     -1.988      0.047      -0.178      -0.001
yr_2017                     -0.0377      0.044     -0.864      0.387      -0.123       0.048
yr_2018                     -0.0110      0.046     -0.242      0.809      -0.101       0.079
mo_2                         0.0309      0.029      1.069      0.285      -0.026       0.087
mo_3                        -0.0047      0.026     -0.179      0.858      -0.056       0.047
mo_4                        -0.0078      0.027     -0.294      0.769      -0.060       0.044
mo_5                         0.0014      0.028      0.050      0.960      -0.054       0.057
mo_6                        -0.0299      0.028     -1.072      0.284      -0.085       0.025
mo_7                        -0.0230      0.027     -0.850      0.396      -0.076       0.030
mo_8                        -0.0564      0.026     -2.159      0.031      -0.108      -0.005
mo_9                        -0.0399      0.026     -1.520      0.129      -0.091       0.012
mo_10                       -0.0173      0.026     -0.664      0.507      -0.068       0.034
mo_11                       -0.0177      0.026     -0.668      0.504      -0.070       0.034
mo_12                       -0.0412      0.025     -1.637      0.102      -0.090       0.008
genre_Action                -0.0656      0.015     -4.327      0.000      -0.095      -0.036
genre_Adventure             -0.0196      0.016     -1.228      0.220      -0.051       0.012
genre_Animation             -0.0075      0.027     -0.273      0.785      -0.061       0.046
genre_Biography             -0.0946      0.017     -5.660      0.000      -0.127      -0.062
genre_Comedy                -0.0216      0.012     -1.791      0.073      -0.045       0.002
genre_Crime                 -0.0989      0.013     -7.334      0.000      -0.125      -0.072
genre_Drama                  0.0015      0.013      0.114      0.909      -0.023       0.026
genre_Family                 0.0757      0.022      3.458      0.001       0.033       0.119
genre_Fantasy                0.0303      0.018      1.666      0.096      -0.005       0.066
genre_History               -0.0182      0.024     -0.755      0.451      -0.066       0.029
genre_Horror                -0.0237      0.020     -1.214      0.225      -0.062       0.015
genre_Music                  0.1047      0.023      4.566      0.000       0.060       0.150
genre_Musical                0.3330      0.049      6.817      0.000       0.237       0.429
genre_Mystery               -0.0436      0.016     -2.655      0.008      -0.076      -0.011
genre_News                4.582e-17   1.05e-17      4.346      0.000    2.51e-17    6.65e-17
genre_Romance               -0.0243      0.013     -1.912      0.056      -0.049       0.001
genre_Sci_Fi                -0.0268      0.020     -1.372      0.170      -0.065       0.011
genre_Short               1.401e-17   3.15e-18      4.449      0.000    7.83e-18    2.02e-17
genre_Sport                 -0.0472      0.029     -1.637      0.102      -0.104       0.009
genre_Thriller              -0.0800      0.014     -5.590      0.000      -0.108      -0.052
genre_War                    0.0351      0.034      1.038      0.299      -0.031       0.101
genre_Western               -0.0106      0.061     -0.174      0.862      -0.131       0.109
==============================================================================
Omnibus:                      657.821   Durbin-Watson:                   1.961
Prob(Omnibus):                  0.000   Jarque-Bera (JB):             3674.244
Skew:                           1.434   Prob(JB):                         0.00
Kurtosis:                       8.978   Cond. No.                     1.02e+16
==============================================================================

Notes:
[1] Standard Errors assume that the covariance matrix of the errors is correctly specified.
[2] The smallest eigenvalue is 2.99e-27. This might indicate that there are
strong multicollinearity problems or that the design matrix is singular.