                            OLS Regression Results                            
==============================================================================
Dep. Variable:              sd_pooled   R-squared:                       0.557
Model:                            OLS   Adj. R-squared:                  0.550
Method:                 Least Squares   F-statistic:                     77.53
Date:                Tue, 31 Mar 2026   Prob (F-statistic):               0.00
Time:                        16:22:43   Log-Likelihood:                 510.46
No. Observations:                4012   AIC:                            -890.9
Df Residuals:                    3947   BIC:                            -481.6
Df Model:                          64                                         
Covariance Type:            nonrobust                                         
============================================================================================
                               coef    std err          t      P>|t|      [0.025      0.975]
--------------------------------------------------------------------------------------------
const                        3.3800      0.049     69.443      0.000       3.285       3.475
FLead                        0.0514      0.008      6.380      0.000       0.036       0.067
mean_pooled                 -0.2357      0.004    -53.313      0.000      -0.244      -0.227
kim_violence_gore            0.0096      0.003      3.768      0.000       0.005       0.015
kim_sex_nudity               0.0085      0.002      4.220      0.000       0.005       0.013
kim_language                -0.0075      0.002     -4.230      0.000      -0.011      -0.004
major                       -0.0382      0.008     -4.729      0.000      -0.054      -0.022
log_bom_opening_theaters     0.0056      0.002      3.139      0.002       0.002       0.009
genres_count                -0.0058      0.007     -0.854      0.393      -0.019       0.008
yr_1993                     -0.0074      0.035     -0.214      0.830      -0.075       0.060
yr_1994                     -0.0026      0.035     -0.074      0.941      -0.072       0.067
yr_1995                      0.0376      0.035      1.079      0.280      -0.031       0.106
yr_1996                   1.269e-05      0.034      0.000      1.000      -0.067       0.067
yr_1997                      0.0025      0.035      0.070      0.944      -0.066       0.071
yr_1998                      0.0498      0.034      1.482      0.138      -0.016       0.116
yr_1999                      0.0515      0.033      1.572      0.116      -0.013       0.116
yr_2000                     -0.0158      0.034     -0.468      0.640      -0.082       0.050
yr_2001                      0.0499      0.033      1.506      0.132      -0.015       0.115
yr_2002                      0.0074      0.033      0.228      0.820      -0.056       0.071
yr_2003                     -0.0051      0.033     -0.154      0.878      -0.069       0.059
yr_2004                      0.0630      0.033      1.932      0.053      -0.001       0.127
yr_2005                      0.0475      0.032      1.468      0.142      -0.016       0.111
yr_2006                      0.0959      0.032      2.982      0.003       0.033       0.159
yr_2007                      0.1092      0.032      3.411      0.001       0.046       0.172
yr_2008                      0.0496      0.032      1.538      0.124      -0.014       0.113
yr_2009                      0.0287      0.033      0.879      0.379      -0.035       0.093
yr_2010                      0.0213      0.033      0.654      0.513      -0.043       0.085
yr_2011                      0.0255      0.032      0.798      0.425      -0.037       0.088
yr_2012                      0.0087      0.032      0.272      0.785      -0.054       0.071
yr_2013                      0.0005      0.032      0.017      0.986      -0.062       0.063
yr_2014                      0.0291      0.032      0.899      0.369      -0.034       0.093
yr_2015                     -0.0425      0.032     -1.325      0.185      -0.106       0.020
yr_2016                     -0.0444      0.032     -1.371      0.170      -0.108       0.019
yr_2017                      0.0113      0.033      0.345      0.730      -0.053       0.075
yr_2018                      0.0035      0.033      0.107      0.915      -0.061       0.068
mo_2                         0.0117      0.020      0.599      0.549      -0.027       0.050
mo_3                        -0.0031      0.019     -0.167      0.867      -0.040       0.033
mo_4                         0.0035      0.019      0.184      0.854      -0.033       0.040
mo_5                        -0.0071      0.020     -0.357      0.721      -0.046       0.032
mo_6                        -0.0234      0.020     -1.196      0.232      -0.062       0.015
mo_7                        -0.0220      0.019     -1.158      0.247      -0.059       0.015
mo_8                        -0.0244      0.018     -1.330      0.183      -0.060       0.012
mo_9                        -0.0272      0.019     -1.459      0.145      -0.064       0.009
mo_10                       -0.0078      0.018     -0.426      0.670      -0.044       0.028
mo_11                       -0.0202      0.019     -1.073      0.283      -0.057       0.017
mo_12                       -0.0235      0.018     -1.291      0.197      -0.059       0.012
genre_Action                -0.0569      0.011     -5.339      0.000      -0.078      -0.036
genre_Adventure             -0.0008      0.011     -0.069      0.945      -0.023       0.021
genre_Animation             -0.0160      0.018     -0.893      0.372      -0.051       0.019
genre_Biography             -0.0951      0.014     -6.648      0.000      -0.123      -0.067
genre_Comedy                -0.0123      0.009     -1.297      0.195      -0.031       0.006
genre_Crime                 -0.0991      0.010     -9.723      0.000      -0.119      -0.079
genre_Drama                  0.0094      0.010      0.989      0.323      -0.009       0.028
genre_Family                 0.0779      0.015      5.322      0.000       0.049       0.107
genre_Fantasy                0.0100      0.013      0.785      0.433      -0.015       0.035
genre_History                0.0301      0.020      1.474      0.140      -0.010       0.070
genre_Horror                -0.0380      0.015     -2.588      0.010      -0.067      -0.009
genre_Music                  0.1053      0.019      5.482      0.000       0.068       0.143
genre_Musical                0.3307      0.043      7.622      0.000       0.246       0.416
genre_Mystery               -0.0586      0.013     -4.631      0.000      -0.083      -0.034
genre_News               -6.415e-18   3.16e-18     -2.028      0.043   -1.26e-17   -2.12e-19
genre_Romance               -0.0169      0.010     -1.632      0.103      -0.037       0.003
genre_Sci_Fi                -0.0152      0.014     -1.115      0.265      -0.042       0.012
genre_Short              -8.649e-19   1.69e-18     -0.511      0.609   -4.18e-18    2.45e-18
genre_Sport                 -0.0414      0.021     -1.988      0.047      -0.082      -0.001
genre_Thriller              -0.0804      0.011     -7.536      0.000      -0.101      -0.059
genre_War                    0.0077      0.029      0.262      0.794      -0.050       0.065
genre_Western               -0.0461      0.052     -0.890      0.373      -0.148       0.055
==============================================================================
Omnibus:                     1700.876   Durbin-Watson:                   2.005
Prob(Omnibus):                  0.000   Jarque-Bera (JB):            14533.940
Skew:                           1.800   Prob(JB):                         0.00
Kurtosis:                      11.601   Cond. No.                     1.02e+16
==============================================================================

Notes:
[1] Standard Errors assume that the covariance matrix of the errors is correctly specified.
[2] The smallest eigenvalue is 6.4e-27. This might indicate that there are
strong multicollinearity problems or that the design matrix is singular.