                            OLS Regression Results                            
==============================================================================
Dep. Variable:              sd_pooled   R-squared:                       0.557
Model:                            OLS   Adj. R-squared:                  0.550
Method:                 Least Squares   F-statistic:                     77.59
Date:                Tue, 31 Mar 2026   Prob (F-statistic):               0.00
Time:                        16:24:08   Log-Likelihood:                 511.31
No. Observations:                4012   AIC:                            -892.6
Df Residuals:                    3947   BIC:                            -483.3
Df Model:                          64                                         
Covariance Type:            nonrobust                                         
============================================================================================
                               coef    std err          t      P>|t|      [0.025      0.975]
--------------------------------------------------------------------------------------------
const                        3.3831      0.049     69.489      0.000       3.288       3.479
FLead                        0.0514      0.008      6.381      0.000       0.036       0.067
mean_pooled                 -0.2362      0.004    -53.548      0.000      -0.245      -0.228
kim_violence_gore            0.0099      0.003      3.890      0.000       0.005       0.015
kim_sex_nudity               0.0089      0.002      4.350      0.000       0.005       0.013
kim_language                -0.0077      0.002     -4.426      0.000      -0.011      -0.004
major                       -0.0387      0.008     -4.793      0.000      -0.055      -0.023
log_bom_opening_theaters     0.0055      0.002      3.099      0.002       0.002       0.009
genres_count                -0.0058      0.007     -0.856      0.392      -0.019       0.007
yr_1993                     -0.0049      0.035     -0.142      0.887      -0.073       0.063
yr_1994                     -0.0002      0.035     -0.005      0.996      -0.070       0.069
yr_1995                      0.0388      0.035      1.113      0.266      -0.030       0.107
yr_1996                      0.0002      0.034      0.007      0.995      -0.067       0.067
yr_1997                      0.0011      0.035      0.032      0.974      -0.067       0.069
yr_1998                      0.0508      0.034      1.511      0.131      -0.015       0.117
yr_1999                      0.0518      0.033      1.583      0.114      -0.012       0.116
yr_2000                     -0.0178      0.034     -0.527      0.598      -0.084       0.048
yr_2001                      0.0490      0.033      1.479      0.139      -0.016       0.114
yr_2002                      0.0095      0.033      0.290      0.772      -0.054       0.073
yr_2003                     -0.0046      0.033     -0.141      0.888      -0.069       0.060
yr_2004                      0.0636      0.033      1.950      0.051      -0.000       0.128
yr_2005                      0.0466      0.032      1.439      0.150      -0.017       0.110
yr_2006                      0.0971      0.032      3.019      0.003       0.034       0.160
yr_2007                      0.1101      0.032      3.439      0.001       0.047       0.173
yr_2008                      0.0497      0.032      1.541      0.123      -0.014       0.113
yr_2009                      0.0284      0.033      0.870      0.384      -0.036       0.092
yr_2010                      0.0216      0.033      0.663      0.507      -0.042       0.085
yr_2011                      0.0260      0.032      0.812      0.417      -0.037       0.089
yr_2012                      0.0060      0.032      0.190      0.849      -0.056       0.068
yr_2013                     -0.0015      0.032     -0.045      0.964      -0.064       0.061
yr_2014                      0.0325      0.032      1.004      0.316      -0.031       0.096
yr_2015                     -0.0431      0.032     -1.344      0.179      -0.106       0.020
yr_2016                     -0.0443      0.032     -1.367      0.172      -0.108       0.019
yr_2017                      0.0114      0.033      0.348      0.728      -0.053       0.075
yr_2018                      0.0038      0.033      0.116      0.908      -0.061       0.068
mo_2                         0.0107      0.020      0.546      0.585      -0.028       0.049
mo_3                        -0.0041      0.019     -0.223      0.824      -0.041       0.032
mo_4                         0.0026      0.019      0.137      0.891      -0.034       0.039
mo_5                        -0.0090      0.020     -0.453      0.651      -0.048       0.030
mo_6                        -0.0251      0.020     -1.281      0.200      -0.063       0.013
mo_7                        -0.0239      0.019     -1.256      0.209      -0.061       0.013
mo_8                        -0.0253      0.018     -1.381      0.167      -0.061       0.011
mo_9                        -0.0284      0.019     -1.525      0.127      -0.065       0.008
mo_10                       -0.0084      0.018     -0.460      0.646      -0.044       0.028
mo_11                       -0.0211      0.019     -1.120      0.263      -0.058       0.016
mo_12                       -0.0236      0.018     -1.296      0.195      -0.059       0.012
genre_Action                -0.0562      0.011     -5.270      0.000      -0.077      -0.035
genre_Adventure             -0.0004      0.011     -0.038      0.969      -0.023       0.022
genre_Animation             -0.0164      0.018     -0.913      0.362      -0.052       0.019
genre_Biography             -0.0941      0.014     -6.580      0.000      -0.122      -0.066
genre_Comedy                -0.0130      0.009     -1.373      0.170      -0.032       0.006
genre_Crime                 -0.1001      0.010     -9.852      0.000      -0.120      -0.080
genre_Drama                  0.0094      0.010      0.988      0.323      -0.009       0.028
genre_Family                 0.0790      0.015      5.411      0.000       0.050       0.108
genre_Fantasy                0.0107      0.013      0.846      0.398      -0.014       0.036
genre_History                0.0292      0.020      1.430      0.153      -0.011       0.069
genre_Horror                -0.0371      0.015     -2.530      0.011      -0.066      -0.008
genre_Music                  0.1052      0.019      5.480      0.000       0.068       0.143
genre_Musical                0.3276      0.043      7.547      0.000       0.242       0.413
genre_Mystery               -0.0587      0.013     -4.644      0.000      -0.084      -0.034
genre_News                1.252e-18    3.5e-18      0.358      0.720    -5.6e-18    8.11e-18
genre_Romance               -0.0171      0.010     -1.652      0.099      -0.037       0.003
genre_Sci_Fi                -0.0142      0.014     -1.045      0.296      -0.041       0.012
genre_Short              -6.165e-19   1.31e-18     -0.471      0.638   -3.18e-18    1.95e-18
genre_Sport                 -0.0416      0.021     -1.999      0.046      -0.082      -0.001
genre_Thriller              -0.0810      0.011     -7.606      0.000      -0.102      -0.060
genre_War                    0.0036      0.029      0.121      0.903      -0.054       0.061
genre_Western               -0.0404      0.052     -0.780      0.435      -0.142       0.061
==============================================================================
Omnibus:                     1682.811   Durbin-Watson:                   2.008
Prob(Omnibus):                  0.000   Jarque-Bera (JB):            14019.874
Skew:                           1.786   Prob(JB):                         0.00
Kurtosis:                      11.433   Cond. No.                     1.02e+16
==============================================================================

Notes:
[1] Standard Errors assume that the covariance matrix of the errors is correctly specified.
[2] The smallest eigenvalue is 6.39e-27. This might indicate that there are
strong multicollinearity problems or that the design matrix is singular.