                            OLS Regression Results                            
==============================================================================
Dep. Variable:              sd_pooled   R-squared:                       0.565
Model:                            OLS   Adj. R-squared:                  0.557
Method:                 Least Squares   F-statistic:                     72.06
Date:                Tue, 31 Mar 2026   Prob (F-statistic):               0.00
Time:                        21:45:56   Log-Likelihood:                 462.83
No. Observations:                3611   AIC:                            -795.7
Df Residuals:                    3546   BIC:                            -393.2
Df Model:                          64                                         
Covariance Type:            nonrobust                                         
============================================================================================
                               coef    std err          t      P>|t|      [0.025      0.975]
--------------------------------------------------------------------------------------------
const                        3.3899      0.051     66.725      0.000       3.290       3.490
FLead                        0.0524      0.009      6.111      0.000       0.036       0.069
mean_pooled                 -0.2341      0.005    -50.137      0.000      -0.243      -0.225
kim_violence_gore            0.0135      0.003      4.941      0.000       0.008       0.019
kim_sex_nudity               0.0096      0.002      4.159      0.000       0.005       0.014
kim_language                -0.0157      0.002     -7.783      0.000      -0.020      -0.012
major                       -0.0422      0.009     -4.948      0.000      -0.059      -0.025
log_bom_opening_theaters     0.0053      0.002      2.769      0.006       0.002       0.009
genres_count                -0.0092      0.007     -1.274      0.203      -0.023       0.005
yr_1993                   3.267e-05      0.036      0.001      0.999      -0.070       0.070
yr_1994                     -0.0057      0.037     -0.157      0.875      -0.077       0.066
yr_1995                      0.0434      0.036      1.213      0.225      -0.027       0.113
yr_1996                      0.0159      0.035      0.455      0.649      -0.053       0.085
yr_1997                      0.0129      0.036      0.362      0.717      -0.057       0.083
yr_1998                      0.0660      0.035      1.903      0.057      -0.002       0.134
yr_1999                      0.0572      0.034      1.690      0.091      -0.009       0.124
yr_2000                      0.0043      0.035      0.121      0.904      -0.065       0.073
yr_2001                      0.0432      0.035      1.241      0.215      -0.025       0.111
yr_2002                      0.0137      0.034      0.407      0.684      -0.052       0.080
yr_2003                      0.0022      0.034      0.064      0.949      -0.065       0.069
yr_2004                      0.0574      0.034      1.694      0.090      -0.009       0.124
yr_2005                      0.0388      0.033      1.161      0.246      -0.027       0.104
yr_2006                      0.0979      0.033      2.931      0.003       0.032       0.163
yr_2007                      0.1108      0.033      3.353      0.001       0.046       0.176
yr_2008                      0.0591      0.034      1.756      0.079      -0.007       0.125
yr_2009                      0.0337      0.034      0.987      0.324      -0.033       0.101
yr_2010                      0.0297      0.034      0.876      0.381      -0.037       0.096
yr_2011                      0.0399      0.033      1.200      0.230      -0.025       0.105
yr_2012                      0.0191      0.033      0.579      0.563      -0.046       0.084
yr_2013                      0.0160      0.033      0.482      0.630      -0.049       0.081
yr_2014                      0.0427      0.034      1.269      0.205      -0.023       0.109
yr_2015                     -0.0349      0.033     -1.049      0.294      -0.100       0.030
yr_2016                     -0.0322      0.033     -0.966      0.334      -0.098       0.033
yr_2017                      0.0250      0.034      0.740      0.459      -0.041       0.091
yr_2018                      0.0087      0.034      0.255      0.799      -0.058       0.075
mo_2                         0.0049      0.021      0.235      0.814      -0.036       0.046
mo_3                        -0.0010      0.020     -0.052      0.958      -0.040       0.037
mo_4                        -0.0054      0.020     -0.272      0.786      -0.044       0.034
mo_5                        -0.0132      0.021     -0.637      0.524      -0.054       0.028
mo_6                        -0.0302      0.021     -1.473      0.141      -0.070       0.010
mo_7                        -0.0295      0.020     -1.473      0.141      -0.069       0.010
mo_8                        -0.0270      0.019     -1.390      0.164      -0.065       0.011
mo_9                        -0.0293      0.020     -1.494      0.135      -0.068       0.009
mo_10                       -0.0098      0.019     -0.505      0.614      -0.048       0.028
mo_11                       -0.0321      0.020     -1.615      0.106      -0.071       0.007
mo_12                       -0.0296      0.019     -1.538      0.124      -0.067       0.008
genre_Action                -0.0601      0.011     -5.403      0.000      -0.082      -0.038
genre_Adventure             -0.0059      0.012     -0.509      0.611      -0.029       0.017
genre_Animation             -0.0317      0.018     -1.727      0.084      -0.068       0.004
genre_Biography             -0.0893      0.015     -5.938      0.000      -0.119      -0.060
genre_Comedy                -0.0015      0.010     -0.153      0.878      -0.021       0.018
genre_Crime                 -0.0898      0.011     -8.219      0.000      -0.111      -0.068
genre_Drama                  0.0143      0.010      1.422      0.155      -0.005       0.034
genre_Family                 0.0667      0.015      4.486      0.000       0.038       0.096
genre_Fantasy                0.0041      0.013      0.313      0.754      -0.022       0.030
genre_History                0.0228      0.021      1.070      0.285      -0.019       0.064
genre_Horror                -0.0410      0.016     -2.606      0.009      -0.072      -0.010
genre_Music                  0.1176      0.020      5.847      0.000       0.078       0.157
genre_Musical                0.3197      0.045      7.031      0.000       0.231       0.409
genre_Mystery               -0.0615      0.014     -4.497      0.000      -0.088      -0.035
genre_News               -1.215e-17   2.66e-17     -0.457      0.648   -6.43e-17       4e-17
genre_Romance               -0.0136      0.011     -1.232      0.218      -0.035       0.008
genre_Sci_Fi                -0.0083      0.014     -0.590      0.555      -0.036       0.019
genre_Short              -2.259e-17   3.22e-17     -0.701      0.483   -8.57e-17    4.06e-17
genre_Sport                 -0.0350      0.022     -1.623      0.105      -0.077       0.007
genre_Thriller              -0.0753      0.011     -6.670      0.000      -0.097      -0.053
genre_War                    0.0107      0.031      0.351      0.726      -0.049       0.071
genre_Western               -0.0521      0.052     -1.005      0.315      -0.154       0.050
==============================================================================
Omnibus:                     1520.040   Durbin-Watson:                   1.998
Prob(Omnibus):                  0.000   Jarque-Bera (JB):            12896.077
Skew:                           1.784   Prob(JB):                         0.00
Kurtosis:                      11.543   Cond. No.                     1.02e+16
==============================================================================

Notes:
[1] Standard Errors assume that the covariance matrix of the errors is correctly specified.
[2] The smallest eigenvalue is 5.6e-27. This might indicate that there are
strong multicollinearity problems or that the design matrix is singular.