                            OLS Regression Results                            
==============================================================================
Dep. Variable:              sd_pooled   R-squared:                       0.562
Model:                            OLS   Adj. R-squared:                  0.554
Method:                 Least Squares   F-statistic:                     71.09
Date:                Tue, 31 Mar 2026   Prob (F-statistic):               0.00
Time:                        21:51:29   Log-Likelihood:                 461.04
No. Observations:                3611   AIC:                            -792.1
Df Residuals:                    3546   BIC:                            -389.6
Df Model:                          64                                         
Covariance Type:            nonrobust                                         
============================================================================================
                               coef    std err          t      P>|t|      [0.025      0.975]
--------------------------------------------------------------------------------------------
const                        3.3989      0.051     67.093      0.000       3.300       3.498
FLead                        0.0500      0.009      5.839      0.000       0.033       0.067
mean_pooled                 -0.2337      0.005    -49.982      0.000      -0.243      -0.225
kim_violence_gore            0.0130      0.003      4.721      0.000       0.008       0.018
kim_sex_nudity               0.0100      0.002      4.410      0.000       0.006       0.014
kim_language                -0.0165      0.002     -8.263      0.000      -0.020      -0.013
major                       -0.0401      0.009     -4.699      0.000      -0.057      -0.023
log_bom_opening_theaters     0.0048      0.002      2.536      0.011       0.001       0.008
genres_count                -0.0107      0.007     -1.493      0.135      -0.025       0.003
yr_1993                     -0.0031      0.035     -0.088      0.929      -0.072       0.066
yr_1994                     -0.0020      0.036     -0.054      0.957      -0.073       0.069
yr_1995                      0.0464      0.035      1.311      0.190      -0.023       0.116
yr_1996                      0.0087      0.035      0.249      0.803      -0.060       0.077
yr_1997                      0.0105      0.035      0.296      0.767      -0.059       0.080
yr_1998                      0.0609      0.034      1.769      0.077      -0.007       0.128
yr_1999                      0.0552      0.034      1.644      0.100      -0.011       0.121
yr_2000                      0.0034      0.035      0.097      0.923      -0.065       0.072
yr_2001                      0.0454      0.034      1.327      0.184      -0.022       0.112
yr_2002                      0.0129      0.033      0.384      0.701      -0.053       0.078
yr_2003                      0.0033      0.034      0.099      0.921      -0.063       0.069
yr_2004                      0.0557      0.034      1.662      0.097      -0.010       0.121
yr_2005                      0.0472      0.033      1.428      0.153      -0.018       0.112
yr_2006                      0.1012      0.033      3.065      0.002       0.036       0.166
yr_2007                      0.1133      0.033      3.442      0.001       0.049       0.178
yr_2008                      0.0659      0.033      2.000      0.046       0.001       0.131
yr_2009                      0.0231      0.034      0.686      0.493      -0.043       0.089
yr_2010                      0.0462      0.034      1.376      0.169      -0.020       0.112
yr_2011                      0.0321      0.033      0.982      0.326      -0.032       0.096
yr_2012                      0.0176      0.033      0.540      0.589      -0.046       0.081
yr_2013                     -0.0082      0.033     -0.251      0.802      -0.072       0.056
yr_2014                      0.0376      0.033      1.135      0.256      -0.027       0.102
yr_2015                     -0.0331      0.033     -1.011      0.312      -0.097       0.031
yr_2016                     -0.0354      0.033     -1.068      0.285      -0.100       0.030
yr_2017                      0.0316      0.033      0.944      0.345      -0.034       0.097
yr_2018                      0.0081      0.033      0.243      0.808      -0.057       0.074
mo_2                         0.0067      0.021      0.323      0.747      -0.034       0.047
mo_3                        -0.0026      0.019     -0.134      0.894      -0.041       0.036
mo_4                        -0.0041      0.020     -0.210      0.834      -0.043       0.034
mo_5                        -0.0176      0.021     -0.846      0.397      -0.058       0.023
mo_6                        -0.0324      0.020     -1.590      0.112      -0.072       0.008
mo_7                        -0.0269      0.020     -1.357      0.175      -0.066       0.012
mo_8                        -0.0341      0.019     -1.776      0.076      -0.072       0.004
mo_9                        -0.0311      0.019     -1.596      0.111      -0.069       0.007
mo_10                       -0.0112      0.019     -0.581      0.561      -0.049       0.026
mo_11                       -0.0202      0.020     -1.024      0.306      -0.059       0.019
mo_12                       -0.0352      0.019     -1.844      0.065      -0.073       0.002
genre_Action                -0.0580      0.011     -5.215      0.000      -0.080      -0.036
genre_Adventure             -0.0090      0.012     -0.771      0.441      -0.032       0.014
genre_Animation             -0.0301      0.018     -1.637      0.102      -0.066       0.006
genre_Biography             -0.0971      0.015     -6.433      0.000      -0.127      -0.068
genre_Comedy                -0.0003      0.010     -0.033      0.974      -0.020       0.019
genre_Crime                 -0.0850      0.011     -7.779      0.000      -0.106      -0.064
genre_Drama                  0.0157      0.010      1.573      0.116      -0.004       0.035
genre_Family                 0.0664      0.015      4.471      0.000       0.037       0.096
genre_Fantasy                0.0015      0.013      0.114      0.909      -0.024       0.027
genre_History                0.0227      0.021      1.074      0.283      -0.019       0.064
genre_Horror                -0.0297      0.016     -1.902      0.057      -0.060       0.001
genre_Music                  0.1205      0.021      5.838      0.000       0.080       0.161
genre_Musical                0.3160      0.044      7.258      0.000       0.231       0.401
genre_Mystery               -0.0621      0.013     -4.641      0.000      -0.088      -0.036
genre_News               -1.185e-17   8.02e-18     -1.477      0.140   -2.76e-17    3.88e-18
genre_Romance               -0.0194      0.011     -1.756      0.079      -0.041       0.002
genre_Sci_Fi                -0.0079      0.014     -0.562      0.574      -0.035       0.020
genre_Short               -4.25e-18   1.04e-18     -4.075      0.000    -6.3e-18    -2.2e-18
genre_Sport                 -0.0376      0.022     -1.738      0.082      -0.080       0.005
genre_Thriller              -0.0741      0.011     -6.548      0.000      -0.096      -0.052
genre_War                    0.0039      0.031      0.126      0.900      -0.057       0.064
genre_Western               -0.0471      0.052     -0.908      0.364      -0.149       0.055
==============================================================================
Omnibus:                     1525.178   Durbin-Watson:                   1.991
Prob(Omnibus):                  0.000   Jarque-Bera (JB):            12751.783
Skew:                           1.797   Prob(JB):                         0.00
Kurtosis:                      11.476   Cond. No.                     1.02e+16
==============================================================================

Notes:
[1] Standard Errors assume that the covariance matrix of the errors is correctly specified.
[2] The smallest eigenvalue is 5.6e-27. This might indicate that there are
strong multicollinearity problems or that the design matrix is singular.