                            OLS Regression Results                            
==============================================================================
Dep. Variable:              sd_pooled   R-squared:                       0.560
Model:                            OLS   Adj. R-squared:                  0.552
Method:                 Least Squares   F-statistic:                     78.36
Date:                Sun, 29 Mar 2026   Prob (F-statistic):               0.00
Time:                        16:06:54   Log-Likelihood:                 522.42
No. Observations:                4012   AIC:                            -914.8
Df Residuals:                    3947   BIC:                            -505.5
Df Model:                          64                                         
Covariance Type:            nonrobust                                         
============================================================================================
                               coef    std err          t      P>|t|      [0.025      0.975]
--------------------------------------------------------------------------------------------
const                        3.3961      0.049     69.935      0.000       3.301       3.491
FLead                        0.0433      0.008      5.367      0.000       0.027       0.059
mean_pooled                 -0.2318      0.004    -52.613      0.000      -0.240      -0.223
kim_violence_gore           -0.0022      0.002     -0.948      0.343      -0.007       0.002
kim_sex_nudity               0.0138      0.002      6.904      0.000       0.010       0.018
kim_language                -0.0127      0.002     -6.922      0.000      -0.016      -0.009
major                       -0.0411      0.008     -5.104      0.000      -0.057      -0.025
log_bom_opening_theaters     0.0064      0.002      3.610      0.000       0.003       0.010
genres_count                -0.0039      0.007     -0.583      0.560      -0.017       0.009
yr_1993                      0.0037      0.035      0.106      0.915      -0.064       0.071
yr_1994                      0.0028      0.035      0.079      0.937      -0.066       0.072
yr_1995                      0.0521      0.035      1.499      0.134      -0.016       0.120
yr_1996                      0.0159      0.034      0.468      0.640      -0.051       0.083
yr_1997                      0.0224      0.035      0.644      0.519      -0.046       0.091
yr_1998                      0.0638      0.034      1.902      0.057      -0.002       0.130
yr_1999                      0.0702      0.033      2.149      0.032       0.006       0.134
yr_2000                     -0.0013      0.034     -0.038      0.970      -0.067       0.065
yr_2001                      0.0701      0.033      2.121      0.034       0.005       0.135
yr_2002                      0.0259      0.033      0.796      0.426      -0.038       0.090
yr_2003                      0.0097      0.033      0.295      0.768      -0.055       0.074
yr_2004                      0.0737      0.033      2.267      0.023       0.010       0.138
yr_2005                      0.0612      0.032      1.899      0.058      -0.002       0.124
yr_2006                      0.1126      0.032      3.521      0.000       0.050       0.175
yr_2007                      0.1258      0.032      3.949      0.000       0.063       0.188
yr_2008                      0.0659      0.032      2.052      0.040       0.003       0.129
yr_2009                      0.0454      0.033      1.394      0.163      -0.018       0.109
yr_2010                      0.0409      0.032      1.261      0.208      -0.023       0.104
yr_2011                      0.0427      0.032      1.340      0.180      -0.020       0.105
yr_2012                      0.0277      0.032      0.872      0.383      -0.035       0.090
yr_2013                      0.0201      0.032      0.629      0.529      -0.043       0.083
yr_2014                      0.0486      0.032      1.502      0.133      -0.015       0.112
yr_2015                     -0.0252      0.032     -0.785      0.433      -0.088       0.038
yr_2016                     -0.0255      0.032     -0.789      0.430      -0.089       0.038
yr_2017                      0.0290      0.033      0.887      0.375      -0.035       0.093
yr_2018                      0.0244      0.033      0.746      0.456      -0.040       0.089
mo_2                         0.0075      0.020      0.383      0.702      -0.031       0.046
mo_3                        -0.0044      0.019     -0.239      0.811      -0.041       0.032
mo_4                         0.0022      0.019      0.117      0.907      -0.035       0.039
mo_5                        -0.0129      0.020     -0.654      0.513      -0.052       0.026
mo_6                        -0.0263      0.020     -1.349      0.177      -0.065       0.012
mo_7                        -0.0247      0.019     -1.303      0.193      -0.062       0.012
mo_8                        -0.0266      0.018     -1.453      0.146      -0.062       0.009
mo_9                        -0.0294      0.019     -1.580      0.114      -0.066       0.007
mo_10                       -0.0056      0.018     -0.307      0.759      -0.041       0.030
mo_11                       -0.0242      0.019     -1.288      0.198      -0.061       0.013
mo_12                       -0.0251      0.018     -1.380      0.168      -0.061       0.011
genre_Action                -0.0435      0.010     -4.169      0.000      -0.064      -0.023
genre_Adventure             -0.0040      0.011     -0.358      0.721      -0.026       0.018
genre_Animation             -0.0369      0.018     -2.058      0.040      -0.072      -0.002
genre_Biography             -0.0966      0.014     -6.787      0.000      -0.125      -0.069
genre_Comedy                -0.0204      0.009     -2.285      0.022      -0.038      -0.003
genre_Crime                 -0.0821      0.010     -8.012      0.000      -0.102      -0.062
genre_Drama                  0.0075      0.009      0.792      0.428      -0.011       0.026
genre_Family                 0.0627      0.015      4.313      0.000       0.034       0.091
genre_Fantasy                0.0067      0.013      0.525      0.599      -0.018       0.032
genre_History                0.0247      0.020      1.210      0.226      -0.015       0.065
genre_Horror                -0.0094      0.014     -0.686      0.493      -0.036       0.017
genre_Music                  0.0965      0.019      5.090      0.000       0.059       0.134
genre_Musical                0.3105      0.043      7.175      0.000       0.226       0.395
genre_Mystery               -0.0593      0.013     -4.697      0.000      -0.084      -0.035
genre_News                 -1.4e-18   7.07e-18     -0.198      0.843   -1.53e-17    1.25e-17
genre_Romance               -0.0335      0.010     -3.360      0.001      -0.053      -0.014
genre_Sci_Fi                -0.0109      0.014     -0.801      0.423      -0.038       0.016
genre_Short               2.821e-18   3.78e-18      0.746      0.455   -4.59e-18    1.02e-17
genre_Sport                 -0.0436      0.021     -2.104      0.035      -0.084      -0.003
genre_Thriller              -0.0718      0.011     -6.725      0.000      -0.093      -0.051
genre_War                    0.0301      0.029      1.040      0.299      -0.027       0.087
genre_Western               -0.0305      0.051     -0.593      0.553      -0.131       0.070
==============================================================================
Omnibus:                     1663.874   Durbin-Watson:                   2.005
Prob(Omnibus):                  0.000   Jarque-Bera (JB):            13745.511
Skew:                           1.764   Prob(JB):                         0.00
Kurtosis:                      11.354   Cond. No.                     1.02e+16
==============================================================================

Notes:
[1] Standard Errors assume that the covariance matrix of the errors is correctly specified.
[2] The smallest eigenvalue is 6.02e-27. This might indicate that there are
strong multicollinearity problems or that the design matrix is singular.