                            OLS Regression Results                            
==============================================================================
Dep. Variable:              sd_pooled   R-squared:                       0.557
Model:                            OLS   Adj. R-squared:                  0.550
Method:                 Least Squares   F-statistic:                     77.51
Date:                Sun, 29 Mar 2026   Prob (F-statistic):               0.00
Time:                        15:25:09   Log-Likelihood:                 510.27
No. Observations:                4012   AIC:                            -890.5
Df Residuals:                    3947   BIC:                            -481.2
Df Model:                          64                                         
Covariance Type:            nonrobust                                         
============================================================================================
                               coef    std err          t      P>|t|      [0.025      0.975]
--------------------------------------------------------------------------------------------
const                        3.3966      0.049     69.388      0.000       3.301       3.493
FLead                        0.0520      0.008      6.457      0.000       0.036       0.068
mean_pooled                 -0.2359      0.004    -53.401      0.000      -0.245      -0.227
kim_violence_gore            0.0091      0.003      3.593      0.000       0.004       0.014
kim_sex_nudity               0.0074      0.002      3.815      0.000       0.004       0.011
kim_language                -0.0092      0.002     -4.188      0.000      -0.013      -0.005
major                       -0.0385      0.008     -4.766      0.000      -0.054      -0.023
log_bom_opening_theaters     0.0058      0.002      3.248      0.001       0.002       0.009
genres_count                -0.0053      0.007     -0.776      0.438      -0.019       0.008
yr_1993                     -0.0076      0.035     -0.219      0.827      -0.075       0.060
yr_1994                     -0.0033      0.035     -0.094      0.925      -0.073       0.066
yr_1995                      0.0365      0.035      1.046      0.296      -0.032       0.105
yr_1996                     -0.0026      0.034     -0.077      0.939      -0.070       0.064
yr_1997                      0.0009      0.035      0.026      0.980      -0.067       0.069
yr_1998                      0.0485      0.034      1.442      0.149      -0.017       0.114
yr_1999                      0.0486      0.033      1.486      0.137      -0.016       0.113
yr_2000                     -0.0180      0.034     -0.534      0.593      -0.084       0.048
yr_2001                      0.0496      0.033      1.496      0.135      -0.015       0.115
yr_2002                      0.0088      0.033      0.270      0.787      -0.055       0.073
yr_2003                     -0.0057      0.033     -0.174      0.862      -0.070       0.059
yr_2004                      0.0610      0.033      1.869      0.062      -0.003       0.125
yr_2005                      0.0478      0.032      1.477      0.140      -0.016       0.111
yr_2006                      0.0987      0.032      3.069      0.002       0.036       0.162
yr_2007                      0.1101      0.032      3.437      0.001       0.047       0.173
yr_2008                      0.0488      0.032      1.513      0.130      -0.014       0.112
yr_2009                      0.0285      0.033      0.874      0.382      -0.035       0.093
yr_2010                      0.0204      0.033      0.627      0.531      -0.043       0.084
yr_2011                      0.0263      0.032      0.822      0.411      -0.036       0.089
yr_2012                      0.0072      0.032      0.225      0.822      -0.055       0.070
yr_2013                     -0.0027      0.032     -0.083      0.934      -0.065       0.060
yr_2014                      0.0278      0.032      0.859      0.390      -0.036       0.091
yr_2015                     -0.0443      0.032     -1.381      0.167      -0.107       0.019
yr_2016                     -0.0454      0.032     -1.402      0.161      -0.109       0.018
yr_2017                      0.0108      0.033      0.330      0.741      -0.053       0.075
yr_2018                      0.0012      0.033      0.035      0.972      -0.063       0.065
mo_2                         0.0108      0.020      0.554      0.579      -0.028       0.049
mo_3                        -0.0041      0.019     -0.222      0.824      -0.041       0.032
mo_4                         0.0019      0.019      0.099      0.921      -0.035       0.039
mo_5                        -0.0087      0.020     -0.437      0.662      -0.048       0.030
mo_6                        -0.0256      0.020     -1.306      0.192      -0.064       0.013
mo_7                        -0.0226      0.019     -1.188      0.235      -0.060       0.015
mo_8                        -0.0241      0.018     -1.315      0.189      -0.060       0.012
mo_9                        -0.0283      0.019     -1.515      0.130      -0.065       0.008
mo_10                       -0.0080      0.018     -0.435      0.664      -0.044       0.028
mo_11                       -0.0206      0.019     -1.095      0.274      -0.058       0.016
mo_12                       -0.0242      0.018     -1.328      0.184      -0.060       0.012
genre_Action                -0.0565      0.011     -5.294      0.000      -0.077      -0.036
genre_Adventure             -0.0011      0.011     -0.098      0.922      -0.023       0.021
genre_Animation             -0.0140      0.018     -0.782      0.434      -0.049       0.021
genre_Biography             -0.0942      0.014     -6.585      0.000      -0.122      -0.066
genre_Comedy                -0.0129      0.009     -1.361      0.173      -0.031       0.006
genre_Crime                 -0.1013      0.010     -9.987      0.000      -0.121      -0.081
genre_Drama                  0.0094      0.010      0.989      0.323      -0.009       0.028
genre_Family                 0.0813      0.015      5.578      0.000       0.053       0.110
genre_Fantasy                0.0097      0.013      0.763      0.446      -0.015       0.035
genre_History                0.0286      0.020      1.399      0.162      -0.012       0.069
genre_Horror                -0.0392      0.015     -2.672      0.008      -0.068      -0.010
genre_Music                  0.1023      0.019      5.329      0.000       0.065       0.140
genre_Musical                0.3294      0.043      7.590      0.000       0.244       0.415
genre_Mystery               -0.0588      0.013     -4.652      0.000      -0.084      -0.034
genre_News                7.654e-18   5.64e-18      1.358      0.175    -3.4e-18    1.87e-17
genre_Romance               -0.0172      0.010     -1.659      0.097      -0.038       0.003
genre_Sci_Fi                -0.0135      0.014     -0.990      0.322      -0.040       0.013
genre_Short               1.216e-18   4.41e-18      0.276      0.783   -7.43e-18    9.86e-18
genre_Sport                 -0.0420      0.021     -2.015      0.044      -0.083      -0.001
genre_Thriller              -0.0810      0.011     -7.596      0.000      -0.102      -0.060
genre_War                    0.0077      0.029      0.264      0.792      -0.050       0.065
genre_Western               -0.0420      0.052     -0.812      0.417      -0.143       0.059
==============================================================================
Omnibus:                     1690.587   Durbin-Watson:                   2.008
Prob(Omnibus):                  0.000   Jarque-Bera (JB):            14198.845
Skew:                           1.793   Prob(JB):                         0.00
Kurtosis:                      11.490   Cond. No.                     1.02e+16
==============================================================================

Notes:
[1] Standard Errors assume that the covariance matrix of the errors is correctly specified.
[2] The smallest eigenvalue is 6.39e-27. This might indicate that there are
strong multicollinearity problems or that the design matrix is singular.