                            OLS Regression Results                            
==============================================================================
Dep. Variable:              sd_pooled   R-squared:                       0.557
Model:                            OLS   Adj. R-squared:                  0.550
Method:                 Least Squares   F-statistic:                     77.47
Date:                Sun, 29 Mar 2026   Prob (F-statistic):               0.00
Time:                        15:25:46   Log-Likelihood:                 509.67
No. Observations:                4012   AIC:                            -889.3
Df Residuals:                    3947   BIC:                            -480.0
Df Model:                          64                                         
Covariance Type:            nonrobust                                         
============================================================================================
                               coef    std err          t      P>|t|      [0.025      0.975]
--------------------------------------------------------------------------------------------
const                        3.3989      0.049     69.299      0.000       3.303       3.495
FLead                        0.0525      0.008      6.524      0.000       0.037       0.068
mean_pooled                 -0.2362      0.004    -53.514      0.000      -0.245      -0.228
kim_violence_gore            0.0090      0.003      3.570      0.000       0.004       0.014
kim_sex_nudity               0.0073      0.002      3.754      0.000       0.003       0.011
kim_language                -0.0087      0.002     -4.041      0.000      -0.013      -0.004
major                       -0.0385      0.008     -4.767      0.000      -0.054      -0.023
log_bom_opening_theaters     0.0058      0.002      3.287      0.001       0.002       0.009
genres_count                -0.0058      0.007     -0.861      0.390      -0.019       0.007
yr_1993                     -0.0084      0.035     -0.242      0.809      -0.076       0.060
yr_1994                     -0.0028      0.035     -0.080      0.937      -0.072       0.067
yr_1995                      0.0366      0.035      1.050      0.294      -0.032       0.105
yr_1996                     -0.0031      0.034     -0.090      0.928      -0.070       0.064
yr_1997                   9.057e-05      0.035      0.003      0.998      -0.068       0.068
yr_1998                      0.0488      0.034      1.453      0.146      -0.017       0.115
yr_1999                      0.0493      0.033      1.506      0.132      -0.015       0.113
yr_2000                     -0.0178      0.034     -0.527      0.598      -0.084       0.048
yr_2001                      0.0483      0.033      1.457      0.145      -0.017       0.113
yr_2002                      0.0087      0.033      0.267      0.790      -0.055       0.073
yr_2003                     -0.0057      0.033     -0.175      0.861      -0.070       0.059
yr_2004                      0.0610      0.033      1.869      0.062      -0.003       0.125
yr_2005                      0.0458      0.032      1.415      0.157      -0.018       0.109
yr_2006                      0.0959      0.032      2.983      0.003       0.033       0.159
yr_2007                      0.1079      0.032      3.369      0.001       0.045       0.171
yr_2008                      0.0480      0.032      1.490      0.136      -0.015       0.111
yr_2009                      0.0255      0.033      0.780      0.436      -0.039       0.090
yr_2010                      0.0197      0.033      0.605      0.545      -0.044       0.084
yr_2011                      0.0248      0.032      0.775      0.439      -0.038       0.087
yr_2012                      0.0065      0.032      0.204      0.839      -0.056       0.069
yr_2013                     -0.0019      0.032     -0.059      0.953      -0.065       0.061
yr_2014                      0.0293      0.032      0.905      0.366      -0.034       0.093
yr_2015                     -0.0436      0.032     -1.356      0.175      -0.107       0.019
yr_2016                     -0.0477      0.032     -1.472      0.141      -0.111       0.016
yr_2017                      0.0107      0.033      0.326      0.744      -0.053       0.075
yr_2018                      0.0025      0.033      0.076      0.940      -0.062       0.067
mo_2                         0.0107      0.020      0.549      0.583      -0.028       0.049
mo_3                        -0.0044      0.019     -0.238      0.812      -0.041       0.032
mo_4                         0.0026      0.019      0.137      0.891      -0.034       0.039
mo_5                        -0.0087      0.020     -0.440      0.660      -0.048       0.030
mo_6                        -0.0238      0.020     -1.216      0.224      -0.062       0.015
mo_7                        -0.0234      0.019     -1.230      0.219      -0.061       0.014
mo_8                        -0.0251      0.018     -1.370      0.171      -0.061       0.011
mo_9                        -0.0284      0.019     -1.519      0.129      -0.065       0.008
mo_10                       -0.0082      0.018     -0.446      0.655      -0.044       0.028
mo_11                       -0.0206      0.019     -1.092      0.275      -0.058       0.016
mo_12                       -0.0243      0.018     -1.335      0.182      -0.060       0.011
genre_Action                -0.0583      0.011     -5.466      0.000      -0.079      -0.037
genre_Adventure              0.0021      0.011      0.190      0.850      -0.020       0.024
genre_Animation             -0.0180      0.018     -0.998      0.318      -0.053       0.017
genre_Biography             -0.0953      0.014     -6.662      0.000      -0.123      -0.067
genre_Comedy                -0.0127      0.009     -1.343      0.179      -0.031       0.006
genre_Crime                 -0.0990      0.010     -9.702      0.000      -0.119      -0.079
genre_Drama                  0.0098      0.010      1.027      0.304      -0.009       0.029
genre_Family                 0.0806      0.015      5.524      0.000       0.052       0.109
genre_Fantasy                0.0094      0.013      0.742      0.458      -0.015       0.034
genre_History                0.0280      0.020      1.367      0.172      -0.012       0.068
genre_Horror                -0.0382      0.015     -2.602      0.009      -0.067      -0.009
genre_Music                  0.1034      0.019      5.385      0.000       0.066       0.141
genre_Musical                0.3300      0.043      7.604      0.000       0.245       0.415
genre_Mystery               -0.0582      0.013     -4.602      0.000      -0.083      -0.033
genre_News               -1.046e-17   2.21e-18     -4.741      0.000   -1.48e-17   -6.14e-18
genre_Romance               -0.0181      0.010     -1.742      0.082      -0.038       0.002
genre_Sci_Fi                -0.0149      0.014     -1.096      0.273      -0.042       0.012
genre_Short              -5.312e-19   2.33e-18     -0.228      0.820    -5.1e-18    4.03e-18
genre_Sport                 -0.0384      0.021     -1.843      0.065      -0.079       0.002
genre_Thriller              -0.0818      0.011     -7.681      0.000      -0.103      -0.061
genre_War                    0.0063      0.029      0.213      0.831      -0.051       0.064
genre_Western               -0.0425      0.052     -0.820      0.412      -0.144       0.059
==============================================================================
Omnibus:                     1702.363   Durbin-Watson:                   2.008
Prob(Omnibus):                  0.000   Jarque-Bera (JB):            14527.572
Skew:                           1.803   Prob(JB):                         0.00
Kurtosis:                      11.597   Cond. No.                     1.02e+16
==============================================================================

Notes:
[1] Standard Errors assume that the covariance matrix of the errors is correctly specified.
[2] The smallest eigenvalue is 6.41e-27. This might indicate that there are
strong multicollinearity problems or that the design matrix is singular.