                            OLS Regression Results                            
==============================================================================
Dep. Variable:              sd_pooled   R-squared:                       0.575
Model:                            OLS   Adj. R-squared:                  0.566
Method:                 Least Squares   F-statistic:                     66.44
Date:                Sun, 29 Mar 2026   Prob (F-statistic):               0.00
Time:                        15:15:06   Log-Likelihood:                 454.54
No. Observations:                3210   AIC:                            -779.1
Df Residuals:                    3145   BIC:                            -384.3
Df Model:                          64                                         
Covariance Type:            nonrobust                                         
============================================================================================
                               coef    std err          t      P>|t|      [0.025      0.975]
--------------------------------------------------------------------------------------------
const                        3.4057      0.054     63.031      0.000       3.300       3.512
FLead                        0.0438      0.009      4.868      0.000       0.026       0.061
mean_pooled                 -0.2349      0.005    -48.349      0.000      -0.244      -0.225
kim_violence_gore            0.0121      0.003      4.232      0.000       0.007       0.018
kim_sex_nudity               0.0100      0.002      4.396      0.000       0.006       0.015
kim_language                -0.0135      0.002     -6.376      0.000      -0.018      -0.009
major                       -0.0458      0.009     -5.124      0.000      -0.063      -0.028
log_bom_opening_theaters     0.0064      0.002      3.273      0.001       0.003       0.010
genres_count                -0.0103      0.008     -1.370      0.171      -0.025       0.004
yr_1993                     -0.0227      0.039     -0.585      0.559      -0.099       0.053
yr_1994                     -0.0092      0.039     -0.236      0.813      -0.086       0.067
yr_1995                      0.0326      0.039      0.828      0.408      -0.045       0.110
yr_1996                     -0.0003      0.038     -0.008      0.993      -0.075       0.075
yr_1997                      0.0086      0.039      0.220      0.826      -0.068       0.085
yr_1998                      0.0450      0.038      1.178      0.239      -0.030       0.120
yr_1999                      0.0454      0.037      1.233      0.218      -0.027       0.118
yr_2000                     -0.0179      0.038     -0.478      0.633      -0.092       0.056
yr_2001                      0.0602      0.037      1.622      0.105      -0.013       0.133
yr_2002                     -0.0040      0.037     -0.110      0.912      -0.076       0.068
yr_2003                     -0.0134      0.037     -0.365      0.715      -0.086       0.059
yr_2004                      0.0495      0.037      1.352      0.177      -0.022       0.121
yr_2005                      0.0419      0.037      1.144      0.253      -0.030       0.114
yr_2006                      0.1052      0.036      2.926      0.003       0.035       0.176
yr_2007                      0.1032      0.036      2.867      0.004       0.033       0.174
yr_2008                      0.0475      0.036      1.311      0.190      -0.024       0.119
yr_2009                      0.0270      0.037      0.736      0.462      -0.045       0.099
yr_2010                      0.0241      0.036      0.662      0.508      -0.047       0.096
yr_2011                      0.0115      0.036      0.321      0.748      -0.059       0.082
yr_2012                      0.0112      0.036      0.313      0.754      -0.059       0.081
yr_2013                      0.0071      0.036      0.197      0.844      -0.064       0.078
yr_2014                     -0.0015      0.036     -0.041      0.967      -0.073       0.070
yr_2015                     -0.0360      0.037     -0.985      0.325      -0.108       0.036
yr_2016                     -0.0496      0.037     -1.357      0.175      -0.121       0.022
yr_2017                      0.0052      0.037      0.139      0.889      -0.067       0.078
yr_2018                     -0.0042      0.037     -0.113      0.910      -0.076       0.068
mo_2                        -0.0115      0.022     -0.532      0.595      -0.054       0.031
mo_3                        -0.0158      0.021     -0.762      0.446      -0.057       0.025
mo_4                         0.0052      0.021      0.250      0.803      -0.036       0.046
mo_5                        -0.0251      0.022     -1.140      0.255      -0.068       0.018
mo_6                        -0.0364      0.022     -1.681      0.093      -0.079       0.006
mo_7                        -0.0379      0.021     -1.795      0.073      -0.079       0.004
mo_8                        -0.0429      0.020     -2.116      0.034      -0.083      -0.003
mo_9                        -0.0357      0.021     -1.716      0.086      -0.076       0.005
mo_10                       -0.0289      0.020     -1.419      0.156      -0.069       0.011
mo_11                       -0.0348      0.021     -1.674      0.094      -0.076       0.006
mo_12                       -0.0347      0.020     -1.704      0.088      -0.075       0.005
genre_Action                -0.0538      0.012     -4.593      0.000      -0.077      -0.031
genre_Adventure             -0.0131      0.013     -1.040      0.298      -0.038       0.012
genre_Animation             -0.0220      0.020     -1.106      0.269      -0.061       0.017
genre_Biography             -0.0903      0.016     -5.669      0.000      -0.122      -0.059
genre_Comedy                -0.0006      0.011     -0.054      0.957      -0.021       0.020
genre_Crime                 -0.0961      0.011     -8.465      0.000      -0.118      -0.074
genre_Drama                  0.0174      0.011      1.641      0.101      -0.003       0.038
genre_Family                 0.0613      0.016      3.786      0.000       0.030       0.093
genre_Fantasy                0.0118      0.014      0.846      0.397      -0.016       0.039
genre_History                0.0089      0.022      0.397      0.691      -0.035       0.053
genre_Horror                -0.0363      0.016     -2.212      0.027      -0.069      -0.004
genre_Music                  0.1128      0.021      5.447      0.000       0.072       0.153
genre_Musical                0.3364      0.048      6.938      0.000       0.241       0.431
genre_Mystery               -0.0635      0.014     -4.609      0.000      -0.090      -0.036
genre_News                -7.87e-18   6.13e-18     -1.283      0.200   -1.99e-17    4.16e-18
genre_Romance               -0.0181      0.011     -1.583      0.114      -0.041       0.004
genre_Sci_Fi                 0.0028      0.015      0.183      0.855      -0.027       0.033
genre_Short              -2.173e-18   1.18e-18     -1.844      0.065   -4.48e-18    1.38e-19
genre_Sport                 -0.0359      0.024     -1.526      0.127      -0.082       0.010
genre_Thriller              -0.0754      0.012     -6.430      0.000      -0.098      -0.052
genre_War                   -0.0071      0.031     -0.229      0.819      -0.068       0.054
genre_Western               -0.0495      0.055     -0.902      0.367      -0.157       0.058
==============================================================================
Omnibus:                     1334.120   Durbin-Watson:                   1.968
Prob(Omnibus):                  0.000   Jarque-Bera (JB):            11825.030
Skew:                           1.737   Prob(JB):                         0.00
Kurtosis:                      11.737   Cond. No.                     1.02e+16
==============================================================================

Notes:
[1] Standard Errors assume that the covariance matrix of the errors is correctly specified.
[2] The smallest eigenvalue is 5.11e-27. This might indicate that there are
strong multicollinearity problems or that the design matrix is singular.