                            OLS Regression Results                            
==============================================================================
Dep. Variable:              sd_pooled   R-squared:                       0.571
Model:                            OLS   Adj. R-squared:                  0.563
Method:                 Least Squares   F-statistic:                     65.47
Date:                Sun, 29 Mar 2026   Prob (F-statistic):               0.00
Time:                        15:15:17   Log-Likelihood:                 448.18
No. Observations:                3210   AIC:                            -766.4
Df Residuals:                    3145   BIC:                            -371.5
Df Model:                          64                                         
Covariance Type:            nonrobust                                         
============================================================================================
                               coef    std err          t      P>|t|      [0.025      0.975]
--------------------------------------------------------------------------------------------
const                        3.3852      0.054     62.988      0.000       3.280       3.491
FLead                        0.0511      0.009      5.661      0.000       0.033       0.069
mean_pooled                 -0.2344      0.005    -47.603      0.000      -0.244      -0.225
kim_violence_gore            0.0120      0.003      4.216      0.000       0.006       0.018
kim_sex_nudity               0.0099      0.002      4.441      0.000       0.006       0.014
kim_language                -0.0147      0.002     -7.057      0.000      -0.019      -0.011
major                       -0.0420      0.009     -4.672      0.000      -0.060      -0.024
log_bom_opening_theaters     0.0059      0.002      3.009      0.003       0.002       0.010
genres_count                -0.0071      0.008     -0.924      0.356      -0.022       0.008
yr_1993                     -0.0138      0.038     -0.361      0.718      -0.089       0.061
yr_1994                      0.0111      0.038      0.290      0.771      -0.064       0.086
yr_1995                      0.0451      0.039      1.147      0.252      -0.032       0.122
yr_1996                      0.0205      0.037      0.549      0.583      -0.053       0.094
yr_1997                      0.0297      0.038      0.777      0.437      -0.045       0.105
yr_1998                      0.0900      0.037      2.414      0.016       0.017       0.163
yr_1999                      0.0789      0.036      2.199      0.028       0.009       0.149
yr_2000                     -0.0025      0.037     -0.068      0.945      -0.075       0.070
yr_2001                      0.0588      0.036      1.616      0.106      -0.013       0.130
yr_2002                      0.0282      0.036      0.784      0.433      -0.042       0.099
yr_2003                      0.0007      0.036      0.019      0.985      -0.070       0.071
yr_2004                      0.0697      0.036      1.950      0.051      -0.000       0.140
yr_2005                      0.0610      0.035      1.721      0.085      -0.009       0.130
yr_2006                      0.1067      0.035      3.007      0.003       0.037       0.176
yr_2007                      0.1391      0.035      3.980      0.000       0.071       0.208
yr_2008                      0.0731      0.035      2.066      0.039       0.004       0.142
yr_2009                      0.0248      0.036      0.692      0.489      -0.046       0.095
yr_2010                      0.0271      0.036      0.756      0.450      -0.043       0.097
yr_2011                      0.0440      0.035      1.257      0.209      -0.025       0.113
yr_2012                      0.0264      0.035      0.759      0.448      -0.042       0.095
yr_2013                      0.0085      0.035      0.242      0.809      -0.060       0.077
yr_2014                      0.0403      0.035      1.137      0.256      -0.029       0.110
yr_2015                     -0.0409      0.035     -1.156      0.248      -0.110       0.028
yr_2016                     -0.0022      0.036     -0.062      0.950      -0.072       0.068
yr_2017                      0.0238      0.036      0.666      0.505      -0.046       0.094
yr_2018                      0.0097      0.036      0.269      0.788      -0.061       0.080
mo_2                         0.0131      0.021      0.611      0.541      -0.029       0.055
mo_3                        -0.0162      0.020     -0.795      0.426      -0.056       0.024
mo_4                         0.0096      0.021      0.460      0.646      -0.031       0.050
mo_5                        -0.0114      0.022     -0.522      0.602      -0.054       0.032
mo_6                        -0.0171      0.022     -0.790      0.429      -0.059       0.025
mo_7                        -0.0117      0.021     -0.557      0.578      -0.053       0.029
mo_8                        -0.0273      0.020     -1.361      0.174      -0.067       0.012
mo_9                        -0.0221      0.021     -1.069      0.285      -0.062       0.018
mo_10                       -0.0004      0.020     -0.020      0.984      -0.040       0.039
mo_11                       -0.0265      0.021     -1.283      0.200      -0.067       0.014
mo_12                       -0.0285      0.020     -1.411      0.158      -0.068       0.011
genre_Action                -0.0581      0.012     -4.829      0.000      -0.082      -0.035
genre_Adventure             -0.0090      0.013     -0.711      0.477      -0.034       0.016
genre_Animation             -0.0389      0.020     -1.915      0.056      -0.079       0.001
genre_Biography             -0.0935      0.016     -5.823      0.000      -0.125      -0.062
genre_Comedy                -0.0101      0.011     -0.926      0.355      -0.031       0.011
genre_Crime                 -0.0992      0.012     -8.601      0.000      -0.122      -0.077
genre_Drama                  0.0099      0.011      0.926      0.355      -0.011       0.031
genre_Family                 0.0673      0.016      4.204      0.000       0.036       0.099
genre_Fantasy               -0.0023      0.014     -0.165      0.869      -0.030       0.025
genre_History                0.0144      0.023      0.631      0.528      -0.030       0.059
genre_Horror                -0.0394      0.016     -2.411      0.016      -0.071      -0.007
genre_Music                  0.1060      0.022      4.785      0.000       0.063       0.150
genre_Musical                0.4197      0.059      7.065      0.000       0.303       0.536
genre_Mystery               -0.0622      0.014     -4.438      0.000      -0.090      -0.035
genre_News               -8.344e-18   1.91e-17     -0.436      0.663   -4.59e-17    2.92e-17
genre_Romance               -0.0215      0.012     -1.854      0.064      -0.044       0.001
genre_Sci_Fi                -0.0210      0.015     -1.369      0.171      -0.051       0.009
genre_Short               -2.41e-17   5.29e-17     -0.456      0.649   -1.28e-16    7.96e-17
genre_Sport                 -0.0506      0.023     -2.214      0.027      -0.095      -0.006
genre_Thriller              -0.0877      0.012     -7.381      0.000      -0.111      -0.064
genre_War                    0.0114      0.032      0.351      0.726      -0.052       0.075
genre_Western               -0.0424      0.057     -0.743      0.457      -0.154       0.069
==============================================================================
Omnibus:                     1352.967   Durbin-Watson:                   1.987
Prob(Omnibus):                  0.000   Jarque-Bera (JB):            11880.333
Skew:                           1.771   Prob(JB):                         0.00
Kurtosis:                      11.734   Cond. No.                     1.02e+16
==============================================================================

Notes:
[1] Standard Errors assume that the covariance matrix of the errors is correctly specified.
[2] The smallest eigenvalue is 5.11e-27. This might indicate that there are
strong multicollinearity problems or that the design matrix is singular.