                            OLS Regression Results                            
==============================================================================
Dep. Variable:              sd_pooled   R-squared:                       0.561
Model:                            OLS   Adj. R-squared:                  0.554
Method:                 Least Squares   F-statistic:                     78.85
Date:                Tue, 31 Mar 2026   Prob (F-statistic):               0.00
Time:                        21:19:20   Log-Likelihood:                 529.47
No. Observations:                4012   AIC:                            -928.9
Df Residuals:                    3947   BIC:                            -519.6
Df Model:                          64                                         
Covariance Type:            nonrobust                                         
============================================================================================
                               coef    std err          t      P>|t|      [0.025      0.975]
--------------------------------------------------------------------------------------------
const                        3.3860      0.048     69.982      0.000       3.291       3.481
FLead                        0.0467      0.008      5.799      0.000       0.031       0.062
mean_pooled                 -0.2340      0.004    -53.111      0.000      -0.243      -0.225
kim_violence_gore            0.0127      0.003      4.983      0.000       0.008       0.018
kim_sex_nudity               0.0101      0.002      4.918      0.000       0.006       0.014
kim_language                -0.0142      0.002     -7.647      0.000      -0.018      -0.011
major                       -0.0398      0.008     -4.953      0.000      -0.056      -0.024
log_bom_opening_theaters     0.0054      0.002      3.077      0.002       0.002       0.009
genres_count                -0.0110      0.007     -1.629      0.103      -0.024       0.002
yr_1993                     -0.0074      0.034     -0.213      0.831      -0.075       0.060
yr_1994                     -0.0027      0.035     -0.078      0.938      -0.072       0.066
yr_1995                      0.0425      0.035      1.223      0.221      -0.026       0.111
yr_1996                      0.0073      0.034      0.215      0.829      -0.059       0.074
yr_1997                      0.0119      0.035      0.342      0.733      -0.056       0.080
yr_1998                      0.0588      0.033      1.757      0.079      -0.007       0.124
yr_1999                      0.0611      0.033      1.874      0.061      -0.003       0.125
yr_2000                     -0.0077      0.034     -0.230      0.818      -0.074       0.058
yr_2001                      0.0570      0.033      1.726      0.084      -0.008       0.122
yr_2002                      0.0163      0.032      0.501      0.616      -0.047       0.080
yr_2003                     -0.0005      0.033     -0.014      0.989      -0.065       0.064
yr_2004                      0.0629      0.032      1.937      0.053      -0.001       0.127
yr_2005                      0.0490      0.032      1.522      0.128      -0.014       0.112
yr_2006                      0.0994      0.032      3.108      0.002       0.037       0.162
yr_2007                      0.1121      0.032      3.517      0.000       0.050       0.175
yr_2008                      0.0541      0.032      1.687      0.092      -0.009       0.117
yr_2009                      0.0349      0.032      1.074      0.283      -0.029       0.099
yr_2010                      0.0281      0.032      0.868      0.386      -0.035       0.092
yr_2011                      0.0315      0.032      0.990      0.322      -0.031       0.094
yr_2012                      0.0159      0.032      0.502      0.616      -0.046       0.078
yr_2013                      0.0070      0.032      0.221      0.825      -0.055       0.070
yr_2014                      0.0394      0.032      1.223      0.221      -0.024       0.103
yr_2015                     -0.0312      0.032     -0.976      0.329      -0.094       0.032
yr_2016                     -0.0359      0.032     -1.112      0.266      -0.099       0.027
yr_2017                      0.0206      0.033      0.631      0.528      -0.043       0.084
yr_2018                      0.0150      0.033      0.458      0.647      -0.049       0.079
mo_2                         0.0094      0.019      0.483      0.629      -0.029       0.048
mo_3                        -0.0035      0.019     -0.187      0.852      -0.040       0.033
mo_4                         0.0009      0.019      0.046      0.963      -0.036       0.038
mo_5                        -0.0112      0.020     -0.569      0.569      -0.050       0.027
mo_6                        -0.0246      0.019     -1.264      0.206      -0.063       0.014
mo_7                        -0.0222      0.019     -1.174      0.240      -0.059       0.015
mo_8                        -0.0242      0.018     -1.325      0.185      -0.060       0.012
mo_9                        -0.0273      0.019     -1.470      0.142      -0.064       0.009
mo_10                       -0.0058      0.018     -0.316      0.752      -0.042       0.030
mo_11                       -0.0233      0.019     -1.243      0.214      -0.060       0.013
mo_12                       -0.0253      0.018     -1.395      0.163      -0.061       0.010
genre_Action                -0.0569      0.011     -5.372      0.000      -0.078      -0.036
genre_Adventure             -0.0059      0.011     -0.526      0.599      -0.028       0.016
genre_Animation             -0.0283      0.018     -1.572      0.116      -0.064       0.007
genre_Biography             -0.0907      0.014     -6.374      0.000      -0.119      -0.063
genre_Comedy                -0.0023      0.010     -0.241      0.810      -0.021       0.016
genre_Crime                 -0.0892      0.010     -8.698      0.000      -0.109      -0.069
genre_Drama                  0.0140      0.010      1.467      0.142      -0.005       0.033
genre_Family                 0.0700      0.015      4.801      0.000       0.041       0.099
genre_Fantasy                0.0044      0.013      0.345      0.730      -0.020       0.029
genre_History                0.0182      0.020      0.893      0.372      -0.022       0.058
genre_Horror                -0.0360      0.015     -2.468      0.014      -0.065      -0.007
genre_Music                  0.1119      0.019      5.845      0.000       0.074       0.149
genre_Musical                0.3236      0.043      7.491      0.000       0.239       0.408
genre_Mystery               -0.0582      0.013     -4.621      0.000      -0.083      -0.033
genre_News               -1.823e-17   6.96e-18     -2.620      0.009   -3.19e-17   -4.59e-18
genre_Romance               -0.0162      0.010     -1.573      0.116      -0.036       0.004
genre_Sci_Fi                -0.0127      0.014     -0.939      0.348      -0.039       0.014
genre_Short               1.711e-18   6.54e-19      2.616      0.009    4.29e-19    2.99e-18
genre_Sport                 -0.0387      0.021     -1.864      0.062      -0.079       0.002
genre_Thriller              -0.0745      0.011     -6.992      0.000      -0.095      -0.054
genre_War                    0.0078      0.029      0.267      0.789      -0.049       0.065
genre_Western               -0.0512      0.051     -0.994      0.320      -0.152       0.050
==============================================================================
Omnibus:                     1643.042   Durbin-Watson:                   2.007
Prob(Omnibus):                  0.000   Jarque-Bera (JB):            13188.226
Skew:                           1.747   Prob(JB):                         0.00
Kurtosis:                      11.166   Cond. No.                     1.02e+16
==============================================================================

Notes:
[1] Standard Errors assume that the covariance matrix of the errors is correctly specified.
[2] The smallest eigenvalue is 6.35e-27. This might indicate that there are
strong multicollinearity problems or that the design matrix is singular.