                            OLS Regression Results                            
==============================================================================
Dep. Variable:              sd_pooled   R-squared:                       0.580
Model:                            OLS   Adj. R-squared:                  0.567
Method:                 Least Squares   F-statistic:                     41.95
Date:                Tue, 31 Mar 2026   Prob (F-statistic):               0.00
Time:                        17:09:56   Log-Likelihood:                 299.69
No. Observations:                2006   AIC:                            -469.4
Df Residuals:                    1941   BIC:                            -105.1
Df Model:                          64                                         
Covariance Type:            nonrobust                                         
============================================================================================
                               coef    std err          t      P>|t|      [0.025      0.975]
--------------------------------------------------------------------------------------------
const                        3.4396      0.068     50.426      0.000       3.306       3.573
FLead                        0.0550      0.011      4.877      0.000       0.033       0.077
mean_pooled                 -0.2393      0.006    -37.895      0.000      -0.252      -0.227
kim_violence_gore            0.0119      0.004      3.266      0.001       0.005       0.019
kim_sex_nudity               0.0111      0.003      3.788      0.000       0.005       0.017
kim_language                -0.0130      0.003     -4.924      0.000      -0.018      -0.008
major                       -0.0268      0.011     -2.358      0.018      -0.049      -0.005
log_bom_opening_theaters     0.0053      0.003      2.136      0.033       0.000       0.010
genres_count                -0.0157      0.010     -1.589      0.112      -0.035       0.004
yr_1993                      0.0042      0.049      0.085      0.932      -0.092       0.100
yr_1994                     -0.0460      0.049     -0.931      0.352      -0.143       0.051
yr_1995                      0.0190      0.047      0.403      0.687      -0.073       0.111
yr_1996                     -0.0397      0.046     -0.863      0.388      -0.130       0.051
yr_1997                     -0.0333      0.047     -0.710      0.478      -0.125       0.059
yr_1998                      0.0637      0.047      1.360      0.174      -0.028       0.156
yr_1999                      0.0162      0.044      0.366      0.714      -0.071       0.103
yr_2000                     -0.0180      0.046     -0.393      0.694      -0.108       0.072
yr_2001                      0.0389      0.044      0.881      0.379      -0.048       0.126
yr_2002                     -0.0079      0.043     -0.184      0.854      -0.093       0.077
yr_2003                     -0.0330      0.045     -0.738      0.460      -0.121       0.055
yr_2004                      0.0271      0.044      0.620      0.535      -0.059       0.113
yr_2005                      0.0474      0.043      1.099      0.272      -0.037       0.132
yr_2006                      0.0987      0.043      2.287      0.022       0.014       0.183
yr_2007                      0.1130      0.043      2.607      0.009       0.028       0.198
yr_2008                      0.0156      0.044      0.351      0.725      -0.071       0.103
yr_2009                      0.0123      0.045      0.275      0.783      -0.075       0.100
yr_2010                     -0.0101      0.044     -0.229      0.819      -0.096       0.076
yr_2011                     -0.0108      0.044     -0.249      0.804      -0.096       0.075
yr_2012                     -0.0281      0.043     -0.654      0.513      -0.113       0.056
yr_2013                      0.0065      0.043      0.151      0.880      -0.078       0.091
yr_2014                      0.0189      0.043      0.434      0.665      -0.066       0.104
yr_2015                     -0.0468      0.044     -1.069      0.285      -0.133       0.039
yr_2016                     -0.0569      0.043     -1.320      0.187      -0.141       0.028
yr_2017                      0.0099      0.044      0.227      0.820      -0.076       0.095
yr_2018                     -0.0198      0.044     -0.449      0.653      -0.106       0.067
mo_2                         0.0363      0.028      1.286      0.199      -0.019       0.092
mo_3                         0.0077      0.027      0.282      0.778      -0.046       0.061
mo_4                        -0.0260      0.027     -0.950      0.342      -0.080       0.028
mo_5                        -0.0315      0.029     -1.088      0.277      -0.088       0.025
mo_6                        -0.0532      0.028     -1.867      0.062      -0.109       0.003
mo_7                        -0.0197      0.027     -0.731      0.465      -0.073       0.033
mo_8                        -0.0452      0.027     -1.703      0.089      -0.097       0.007
mo_9                        -0.0479      0.027     -1.758      0.079      -0.101       0.006
mo_10                       -0.0153      0.026     -0.577      0.564      -0.067       0.037
mo_11                       -0.0281      0.027     -1.031      0.303      -0.082       0.025
mo_12                       -0.0347      0.026     -1.317      0.188      -0.086       0.017
genre_Action                -0.0484      0.015     -3.199      0.001      -0.078      -0.019
genre_Adventure              0.0106      0.016      0.668      0.504      -0.021       0.042
genre_Animation             -0.0108      0.025     -0.435      0.663      -0.060       0.038
genre_Biography             -0.0832      0.019     -4.285      0.000      -0.121      -0.045
genre_Comedy                -0.0071      0.014     -0.522      0.601      -0.034       0.019
genre_Crime                 -0.0837      0.015     -5.766      0.000      -0.112      -0.055
genre_Drama                  0.0179      0.014      1.325      0.185      -0.009       0.044
genre_Family                 0.1023      0.020      5.044      0.000       0.063       0.142
genre_Fantasy               -0.0201      0.018     -1.108      0.268      -0.056       0.016
genre_History                0.0170      0.030      0.574      0.566      -0.041       0.075
genre_Horror                -0.0166      0.020     -0.813      0.416      -0.057       0.023
genre_Music                  0.1664      0.027      6.179      0.000       0.114       0.219
genre_Musical                0.2199      0.060      3.657      0.000       0.102       0.338
genre_Mystery               -0.0789      0.018     -4.308      0.000      -0.115      -0.043
genre_News               -1.813e-17   1.16e-17     -1.562      0.118   -4.09e-17    4.63e-18
genre_Romance               -0.0122      0.014     -0.843      0.399      -0.041       0.016
genre_Sci_Fi                -0.0308      0.019     -1.627      0.104      -0.068       0.006
genre_Short              -6.381e-18   3.07e-18     -2.076      0.038   -1.24e-17   -3.53e-19
genre_Sport                 -0.0552      0.029     -1.932      0.053      -0.111       0.001
genre_Thriller              -0.0761      0.015     -4.971      0.000      -0.106      -0.046
genre_War                    0.0666      0.048      1.400      0.162      -0.027       0.160
genre_Western               -0.0931      0.073     -1.280      0.201      -0.236       0.050
==============================================================================
Omnibus:                      553.723   Durbin-Watson:                   1.973
Prob(Omnibus):                  0.000   Jarque-Bera (JB):             2067.033
Skew:                           1.316   Prob(JB):                         0.00
Kurtosis:                       7.219   Cond. No.                     1.02e+16
==============================================================================

Notes:
[1] Standard Errors assume that the covariance matrix of the errors is correctly specified.
[2] The smallest eigenvalue is 3.18e-27. This might indicate that there are
strong multicollinearity problems or that the design matrix is singular.