                            OLS Regression Results                            
==============================================================================
Dep. Variable:              sd_pooled   R-squared:                       0.559
Model:                            OLS   Adj. R-squared:                  0.552
Method:                 Least Squares   F-statistic:                     78.08
Date:                Tue, 31 Mar 2026   Prob (F-statistic):               0.00
Time:                        22:23:45   Log-Likelihood:                 518.36
No. Observations:                4012   AIC:                            -906.7
Df Residuals:                    3947   BIC:                            -497.4
Df Model:                          64                                         
Covariance Type:            nonrobust                                         
============================================================================================
                               coef    std err          t      P>|t|      [0.025      0.975]
--------------------------------------------------------------------------------------------
const                        3.4067      0.049     70.084      0.000       3.311       3.502
FLead                        0.0490      0.008      6.062      0.000       0.033       0.065
mean_pooled                 -0.2357      0.004    -53.406      0.000      -0.244      -0.227
kim_violence_gore            0.0147      0.003      5.854      0.000       0.010       0.020
kim_sex_nudity               0.0033      0.002      1.507      0.132      -0.001       0.008
kim_language                -0.0119      0.002     -6.457      0.000      -0.016      -0.008
major                       -0.0396      0.008     -4.903      0.000      -0.055      -0.024
log_bom_opening_theaters     0.0048      0.002      2.738      0.006       0.001       0.008
genres_count                -0.0140      0.007     -2.071      0.038      -0.027      -0.001
yr_1993                     -0.0082      0.035     -0.236      0.813      -0.076       0.060
yr_1994                     -0.0026      0.035     -0.073      0.942      -0.072       0.067
yr_1995                      0.0407      0.035      1.168      0.243      -0.028       0.109
yr_1996                      0.0033      0.034      0.095      0.924      -0.064       0.070
yr_1997                      0.0056      0.035      0.161      0.872      -0.063       0.074
yr_1998                      0.0565      0.034      1.683      0.093      -0.009       0.122
yr_1999                      0.0622      0.033      1.903      0.057      -0.002       0.126
yr_2000                     -0.0043      0.034     -0.127      0.899      -0.070       0.062
yr_2001                      0.0617      0.033      1.864      0.062      -0.003       0.127
yr_2002                      0.0196      0.033      0.603      0.547      -0.044       0.083
yr_2003                      0.0061      0.033      0.187      0.852      -0.058       0.070
yr_2004                      0.0706      0.033      2.169      0.030       0.007       0.134
yr_2005                      0.0540      0.032      1.672      0.095      -0.009       0.117
yr_2006                      0.1061      0.032      3.310      0.001       0.043       0.169
yr_2007                      0.1182      0.032      3.701      0.000       0.056       0.181
yr_2008                      0.0597      0.032      1.855      0.064      -0.003       0.123
yr_2009                      0.0423      0.033      1.299      0.194      -0.022       0.106
yr_2010                      0.0343      0.032      1.057      0.291      -0.029       0.098
yr_2011                      0.0372      0.032      1.165      0.244      -0.025       0.100
yr_2012                      0.0191      0.032      0.602      0.547      -0.043       0.081
yr_2013                      0.0121      0.032      0.377      0.706      -0.051       0.075
yr_2014                      0.0421      0.032      1.303      0.193      -0.021       0.106
yr_2015                     -0.0277      0.032     -0.863      0.388      -0.091       0.035
yr_2016                     -0.0344      0.032     -1.064      0.287      -0.098       0.029
yr_2017                      0.0242      0.033      0.741      0.459      -0.040       0.088
yr_2018                      0.0149      0.033      0.456      0.649      -0.049       0.079
mo_2                         0.0104      0.020      0.532      0.595      -0.028       0.049
mo_3                        -0.0028      0.019     -0.150      0.881      -0.039       0.034
mo_4                         0.0022      0.019      0.120      0.905      -0.035       0.039
mo_5                        -0.0095      0.020     -0.478      0.633      -0.048       0.029
mo_6                        -0.0232      0.020     -1.187      0.235      -0.061       0.015
mo_7                        -0.0209      0.019     -1.102      0.270      -0.058       0.016
mo_8                        -0.0234      0.018     -1.278      0.201      -0.059       0.012
mo_9                        -0.0255      0.019     -1.372      0.170      -0.062       0.011
mo_10                       -0.0059      0.018     -0.323      0.747      -0.042       0.030
mo_11                       -0.0201      0.019     -1.069      0.285      -0.057       0.017
mo_12                       -0.0254      0.018     -1.394      0.163      -0.061       0.010
genre_Action                -0.0605      0.011     -5.695      0.000      -0.081      -0.040
genre_Adventure             -0.0064      0.011     -0.568      0.570      -0.029       0.016
genre_Animation             -0.0307      0.018     -1.702      0.089      -0.066       0.005
genre_Biography             -0.0894      0.014     -6.265      0.000      -0.117      -0.061
genre_Comedy                 0.0023      0.010      0.245      0.807      -0.016       0.021
genre_Crime                 -0.0883      0.010     -8.584      0.000      -0.108      -0.068
genre_Drama                  0.0155      0.010      1.623      0.105      -0.003       0.034
genre_Family                 0.0651      0.015      4.447      0.000       0.036       0.094
genre_Fantasy                0.0065      0.013      0.515      0.607      -0.018       0.031
genre_History                0.0189      0.020      0.922      0.357      -0.021       0.059
genre_Horror                -0.0410      0.015     -2.804      0.005      -0.070      -0.012
genre_Music                  0.1155      0.019      6.012      0.000       0.078       0.153
genre_Musical                0.3253      0.043      7.504      0.000       0.240       0.410
genre_Mystery               -0.0564      0.013     -4.472      0.000      -0.081      -0.032
genre_News                1.021e-18    1.3e-17      0.078      0.938   -2.45e-17    2.66e-17
genre_Romance               -0.0077      0.010     -0.756      0.449      -0.028       0.012
genre_Sci_Fi                -0.0133      0.014     -0.974      0.330      -0.040       0.013
genre_Short               8.529e-19   6.08e-18      0.140      0.888   -1.11e-17    1.28e-17
genre_Sport                 -0.0390      0.021     -1.876      0.061      -0.080       0.002
genre_Thriller              -0.0751      0.011     -7.018      0.000      -0.096      -0.054
genre_War                    0.0008      0.029      0.027      0.979      -0.057       0.058
genre_Western               -0.0562      0.052     -1.088      0.277      -0.157       0.045
==============================================================================
Omnibus:                     1636.307   Durbin-Watson:                   2.006
Prob(Omnibus):                  0.000   Jarque-Bera (JB):            12939.870
Skew:                           1.743   Prob(JB):                         0.00
Kurtosis:                      11.078   Cond. No.                     1.02e+16
==============================================================================

Notes:
[1] Standard Errors assume that the covariance matrix of the errors is correctly specified.
[2] The smallest eigenvalue is 6.25e-27. This might indicate that there are
strong multicollinearity problems or that the design matrix is singular.