                            OLS Regression Results                            
==============================================================================
Dep. Variable:              sd_pooled   R-squared:                       0.559
Model:                            OLS   Adj. R-squared:                  0.552
Method:                 Least Squares   F-statistic:                     78.17
Date:                Tue, 31 Mar 2026   Prob (F-statistic):               0.00
Time:                        22:22:31   Log-Likelihood:                 519.77
No. Observations:                4012   AIC:                            -909.5
Df Residuals:                    3947   BIC:                            -500.2
Df Model:                          64                                         
Covariance Type:            nonrobust                                         
============================================================================================
                               coef    std err          t      P>|t|      [0.025      0.975]
--------------------------------------------------------------------------------------------
const                        3.4030      0.048     70.170      0.000       3.308       3.498
FLead                        0.0485      0.008      6.003      0.000       0.033       0.064
mean_pooled                 -0.2355      0.004    -53.388      0.000      -0.244      -0.227
kim_violence_gore            0.0144      0.003      5.711      0.000       0.009       0.019
kim_sex_nudity               0.0050      0.002      2.243      0.025       0.001       0.009
kim_language                -0.0122      0.002     -6.692      0.000      -0.016      -0.009
major                       -0.0398      0.008     -4.939      0.000      -0.056      -0.024
log_bom_opening_theaters     0.0050      0.002      2.809      0.005       0.002       0.008
genres_count                -0.0132      0.007     -1.955      0.051      -0.027    4.05e-05
yr_1993                     -0.0092      0.035     -0.267      0.790      -0.077       0.059
yr_1994                     -0.0042      0.035     -0.119      0.905      -0.073       0.065
yr_1995                      0.0400      0.035      1.149      0.251      -0.028       0.108
yr_1996                      0.0035      0.034      0.104      0.917      -0.063       0.070
yr_1997                      0.0053      0.035      0.152      0.879      -0.063       0.073
yr_1998                      0.0557      0.034      1.659      0.097      -0.010       0.121
yr_1999                      0.0612      0.033      1.871      0.061      -0.003       0.125
yr_2000                     -0.0068      0.034     -0.201      0.841      -0.073       0.059
yr_2001                      0.0605      0.033      1.826      0.068      -0.004       0.125
yr_2002                      0.0173      0.033      0.532      0.595      -0.047       0.081
yr_2003                      0.0040      0.033      0.121      0.904      -0.060       0.068
yr_2004                      0.0688      0.033      2.113      0.035       0.005       0.133
yr_2005                      0.0532      0.032      1.649      0.099      -0.010       0.117
yr_2006                      0.1039      0.032      3.240      0.001       0.041       0.167
yr_2007                      0.1160      0.032      3.627      0.000       0.053       0.179
yr_2008                      0.0568      0.032      1.763      0.078      -0.006       0.120
yr_2009                      0.0399      0.033      1.223      0.221      -0.024       0.104
yr_2010                      0.0326      0.032      1.004      0.315      -0.031       0.096
yr_2011                      0.0353      0.032      1.106      0.269      -0.027       0.098
yr_2012                      0.0176      0.032      0.553      0.581      -0.045       0.080
yr_2013                      0.0104      0.032      0.326      0.745      -0.052       0.073
yr_2014                      0.0409      0.032      1.266      0.206      -0.022       0.104
yr_2015                     -0.0290      0.032     -0.903      0.367      -0.092       0.034
yr_2016                     -0.0356      0.032     -1.102      0.271      -0.099       0.028
yr_2017                      0.0225      0.033      0.690      0.491      -0.042       0.087
yr_2018                      0.0134      0.033      0.409      0.682      -0.051       0.078
mo_2                         0.0098      0.020      0.501      0.616      -0.028       0.048
mo_3                        -0.0034      0.019     -0.185      0.853      -0.040       0.033
mo_4                         0.0017      0.019      0.090      0.929      -0.035       0.038
mo_5                        -0.0102      0.020     -0.517      0.605      -0.049       0.029
mo_6                        -0.0235      0.020     -1.206      0.228      -0.062       0.015
mo_7                        -0.0217      0.019     -1.145      0.252      -0.059       0.015
mo_8                        -0.0243      0.018     -1.330      0.184      -0.060       0.012
mo_9                        -0.0265      0.019     -1.421      0.155      -0.063       0.010
mo_10                       -0.0069      0.018     -0.376      0.707      -0.043       0.029
mo_11                       -0.0206      0.019     -1.097      0.273      -0.058       0.016
mo_12                       -0.0259      0.018     -1.425      0.154      -0.062       0.010
genre_Action                -0.0600      0.011     -5.659      0.000      -0.081      -0.039
genre_Adventure             -0.0067      0.011     -0.595      0.552      -0.029       0.015
genre_Animation             -0.0294      0.018     -1.631      0.103      -0.065       0.006
genre_Biography             -0.0895      0.014     -6.270      0.000      -0.117      -0.061
genre_Comedy                 0.0010      0.010      0.108      0.914      -0.018       0.020
genre_Crime                 -0.0888      0.010     -8.635      0.000      -0.109      -0.069
genre_Drama                  0.0146      0.010      1.534      0.125      -0.004       0.033
genre_Family                 0.0663      0.015      4.530      0.000       0.038       0.095
genre_Fantasy                0.0062      0.013      0.491      0.623      -0.019       0.031
genre_History                0.0194      0.020      0.947      0.343      -0.021       0.060
genre_Horror                -0.0408      0.015     -2.797      0.005      -0.069      -0.012
genre_Music                  0.1151      0.019      6.001      0.000       0.078       0.153
genre_Musical                0.3252      0.043      7.507      0.000       0.240       0.410
genre_Mystery               -0.0564      0.013     -4.472      0.000      -0.081      -0.032
genre_News                1.611e-18   6.18e-18      0.261      0.794   -1.05e-17    1.37e-17
genre_Romance               -0.0089      0.010     -0.875      0.382      -0.029       0.011
genre_Sci_Fi                -0.0138      0.014     -1.015      0.310      -0.040       0.013
genre_Short               4.494e-18   2.31e-18      1.947      0.052   -3.13e-20    9.02e-18
genre_Sport                 -0.0388      0.021     -1.868      0.062      -0.080       0.002
genre_Thriller              -0.0754      0.011     -7.064      0.000      -0.096      -0.055
genre_War                    0.0022      0.029      0.074      0.941      -0.055       0.059
genre_Western               -0.0546      0.052     -1.057      0.290      -0.156       0.047
==============================================================================
Omnibus:                     1634.275   Durbin-Watson:                   2.004
Prob(Omnibus):                  0.000   Jarque-Bera (JB):            12904.269
Skew:                           1.741   Prob(JB):                         0.00
Kurtosis:                      11.067   Cond. No.                     1.02e+16
==============================================================================

Notes:
[1] Standard Errors assume that the covariance matrix of the errors is correctly specified.
[2] The smallest eigenvalue is 6.24e-27. This might indicate that there are
strong multicollinearity problems or that the design matrix is singular.