                            OLS Regression Results                            
==============================================================================
Dep. Variable:              sd_pooled   R-squared:                       0.559
Model:                            OLS   Adj. R-squared:                  0.552
Method:                 Least Squares   F-statistic:                     78.07
Date:                Sun, 29 Mar 2026   Prob (F-statistic):               0.00
Time:                        16:01:47   Log-Likelihood:                 518.21
No. Observations:                4012   AIC:                            -906.4
Df Residuals:                    3947   BIC:                            -497.1
Df Model:                          64                                         
Covariance Type:            nonrobust                                         
============================================================================================
                               coef    std err          t      P>|t|      [0.025      0.975]
--------------------------------------------------------------------------------------------
const                        3.4086      0.048     70.295      0.000       3.314       3.504
FLead                        0.0495      0.008      6.142      0.000       0.034       0.065
mean_pooled                 -0.2360      0.004    -53.601      0.000      -0.245      -0.227
kim_violence_gore            0.0148      0.003      5.893      0.000       0.010       0.020
kim_sex_nudity               0.0033      0.002      1.403      0.161      -0.001       0.008
kim_language                -0.0115      0.002     -6.464      0.000      -0.015      -0.008
major                       -0.0399      0.008     -4.941      0.000      -0.056      -0.024
log_bom_opening_theaters     0.0048      0.002      2.724      0.006       0.001       0.008
genres_count                -0.0144      0.007     -2.139      0.032      -0.028      -0.001
yr_1993                     -0.0093      0.035     -0.268      0.789      -0.077       0.059
yr_1994                     -0.0035      0.035     -0.099      0.921      -0.073       0.066
yr_1995                      0.0398      0.035      1.142      0.254      -0.028       0.108
yr_1996                      0.0026      0.034      0.077      0.938      -0.064       0.070
yr_1997                      0.0048      0.035      0.139      0.890      -0.063       0.073
yr_1998                      0.0559      0.034      1.666      0.096      -0.010       0.122
yr_1999                      0.0616      0.033      1.883      0.060      -0.003       0.126
yr_2000                     -0.0048      0.034     -0.142      0.887      -0.071       0.061
yr_2001                      0.0614      0.033      1.854      0.064      -0.004       0.126
yr_2002                      0.0188      0.033      0.576      0.565      -0.045       0.083
yr_2003                      0.0049      0.033      0.150      0.880      -0.059       0.069
yr_2004                      0.0695      0.033      2.131      0.033       0.006       0.133
yr_2005                      0.0539      0.032      1.667      0.096      -0.009       0.117
yr_2006                      0.1055      0.032      3.286      0.001       0.043       0.168
yr_2007                      0.1174      0.032      3.670      0.000       0.055       0.180
yr_2008                      0.0585      0.032      1.816      0.069      -0.005       0.122
yr_2009                      0.0421      0.033      1.291      0.197      -0.022       0.106
yr_2010                      0.0341      0.033      1.050      0.294      -0.030       0.098
yr_2011                      0.0364      0.032      1.138      0.255      -0.026       0.099
yr_2012                      0.0192      0.032      0.603      0.546      -0.043       0.082
yr_2013                      0.0113      0.032      0.352      0.725      -0.051       0.074
yr_2014                      0.0412      0.032      1.274      0.203      -0.022       0.105
yr_2015                     -0.0282      0.032     -0.878      0.380      -0.091       0.035
yr_2016                     -0.0347      0.032     -1.072      0.284      -0.098       0.029
yr_2017                      0.0234      0.033      0.716      0.474      -0.041       0.087
yr_2018                      0.0140      0.033      0.427      0.669      -0.050       0.078
mo_2                         0.0105      0.020      0.536      0.592      -0.028       0.049
mo_3                        -0.0029      0.019     -0.154      0.877      -0.039       0.034
mo_4                         0.0024      0.019      0.127      0.899      -0.034       0.039
mo_5                        -0.0095      0.020     -0.478      0.633      -0.048       0.029
mo_6                        -0.0230      0.020     -1.180      0.238      -0.061       0.015
mo_7                        -0.0208      0.019     -1.098      0.272      -0.058       0.016
mo_8                        -0.0233      0.018     -1.275      0.203      -0.059       0.013
mo_9                        -0.0257      0.019     -1.383      0.167      -0.062       0.011
mo_10                       -0.0058      0.018     -0.316      0.752      -0.042       0.030
mo_11                       -0.0201      0.019     -1.070      0.285      -0.057       0.017
mo_12                       -0.0251      0.018     -1.381      0.167      -0.061       0.011
genre_Action                -0.0608      0.011     -5.736      0.000      -0.082      -0.040
genre_Adventure             -0.0063      0.011     -0.562      0.574      -0.028       0.016
genre_Animation             -0.0296      0.018     -1.637      0.102      -0.065       0.006
genre_Biography             -0.0897      0.014     -6.280      0.000      -0.118      -0.062
genre_Comedy                 0.0023      0.010      0.242      0.809      -0.016       0.021
genre_Crime                 -0.0885      0.010     -8.602      0.000      -0.109      -0.068
genre_Drama                  0.0152      0.010      1.593      0.111      -0.004       0.034
genre_Family                 0.0657      0.015      4.464      0.000       0.037       0.095
genre_Fantasy                0.0065      0.013      0.512      0.608      -0.018       0.031
genre_History                0.0192      0.020      0.936      0.349      -0.021       0.059
genre_Horror                -0.0421      0.015     -2.885      0.004      -0.071      -0.013
genre_Music                  0.1162      0.019      6.052      0.000       0.079       0.154
genre_Musical                0.3256      0.043      7.509      0.000       0.241       0.411
genre_Mystery               -0.0564      0.013     -4.469      0.000      -0.081      -0.032
genre_News                8.814e-18   4.04e-18      2.182      0.029    8.95e-19    1.67e-17
genre_Romance               -0.0074      0.010     -0.728      0.467      -0.027       0.013
genre_Sci_Fi                -0.0131      0.014     -0.962      0.336      -0.040       0.014
genre_Short               8.731e-19   9.36e-19      0.933      0.351   -9.61e-19    2.71e-18
genre_Sport                 -0.0387      0.021     -1.862      0.063      -0.079       0.002
genre_Thriller              -0.0757      0.011     -7.085      0.000      -0.097      -0.055
genre_War                    0.0003      0.029      0.011      0.991      -0.057       0.058
genre_Western               -0.0569      0.052     -1.102      0.271      -0.158       0.044
==============================================================================
Omnibus:                     1634.880   Durbin-Watson:                   2.007
Prob(Omnibus):                  0.000   Jarque-Bera (JB):            12908.231
Skew:                           1.742   Prob(JB):                         0.00
Kurtosis:                      11.067   Cond. No.                     1.02e+16
==============================================================================

Notes:
[1] Standard Errors assume that the covariance matrix of the errors is correctly specified.
[2] The smallest eigenvalue is 6.2e-27. This might indicate that there are
strong multicollinearity problems or that the design matrix is singular.