                            OLS Regression Results                            
==============================================================================
Dep. Variable:              sd_pooled   R-squared:                       0.562
Model:                            OLS   Adj. R-squared:                  0.555
Method:                 Least Squares   F-statistic:                     79.07
Date:                Sun, 29 Mar 2026   Prob (F-statistic):               0.00
Time:                        15:51:57   Log-Likelihood:                 532.55
No. Observations:                4012   AIC:                            -935.1
Df Residuals:                    3947   BIC:                            -525.8
Df Model:                          64                                         
Covariance Type:            nonrobust                                         
============================================================================================
                               coef    std err          t      P>|t|      [0.025      0.975]
--------------------------------------------------------------------------------------------
const                        3.3804      0.048     69.853      0.000       3.286       3.475
FLead                        0.0469      0.008      5.840      0.000       0.031       0.063
mean_pooled                 -0.2336      0.004    -53.032      0.000      -0.242      -0.225
kim_violence_gore            0.0123      0.003      4.835      0.000       0.007       0.017
kim_sex_nudity               0.0112      0.002      5.505      0.000       0.007       0.015
kim_language                -0.0148      0.002     -7.899      0.000      -0.018      -0.011
major                       -0.0397      0.008     -4.936      0.000      -0.055      -0.024
log_bom_opening_theaters     0.0056      0.002      3.150      0.002       0.002       0.009
genres_count                -0.0099      0.007     -1.458      0.145      -0.023       0.003
yr_1993                     -0.0059      0.034     -0.172      0.864      -0.073       0.062
yr_1994                     -0.0033      0.035     -0.093      0.926      -0.072       0.066
yr_1995                      0.0434      0.035      1.252      0.211      -0.025       0.111
yr_1996                      0.0085      0.034      0.250      0.803      -0.058       0.075
yr_1997                      0.0126      0.035      0.364      0.716      -0.055       0.081
yr_1998                      0.0594      0.033      1.774      0.076      -0.006       0.125
yr_1999                      0.0604      0.033      1.854      0.064      -0.003       0.124
yr_2000                     -0.0074      0.034     -0.221      0.825      -0.073       0.058
yr_2001                      0.0562      0.033      1.703      0.089      -0.008       0.121
yr_2002                      0.0167      0.032      0.515      0.607      -0.047       0.080
yr_2003                   1.859e-05      0.033      0.001      1.000      -0.064       0.064
yr_2004                      0.0612      0.032      1.885      0.059      -0.002       0.125
yr_2005                      0.0480      0.032      1.491      0.136      -0.015       0.111
yr_2006                      0.0969      0.032      3.029      0.002       0.034       0.160
yr_2007                      0.1111      0.032      3.488      0.000       0.049       0.173
yr_2008                      0.0520      0.032      1.622      0.105      -0.011       0.115
yr_2009                      0.0319      0.032      0.982      0.326      -0.032       0.096
yr_2010                      0.0264      0.032      0.816      0.415      -0.037       0.090
yr_2011                      0.0301      0.032      0.947      0.344      -0.032       0.092
yr_2012                      0.0150      0.032      0.474      0.635      -0.047       0.077
yr_2013                      0.0077      0.032      0.241      0.810      -0.055       0.070
yr_2014                      0.0395      0.032      1.228      0.220      -0.024       0.103
yr_2015                     -0.0315      0.032     -0.985      0.325      -0.094       0.031
yr_2016                     -0.0358      0.032     -1.110      0.267      -0.099       0.027
yr_2017                      0.0208      0.033      0.639      0.523      -0.043       0.085
yr_2018                      0.0154      0.033      0.472      0.637      -0.049       0.079
mo_2                         0.0077      0.019      0.398      0.691      -0.030       0.046
mo_3                        -0.0043      0.019     -0.230      0.818      -0.041       0.032
mo_4                         0.0009      0.019      0.046      0.963      -0.036       0.038
mo_5                        -0.0121      0.020     -0.614      0.539      -0.051       0.027
mo_6                        -0.0254      0.019     -1.305      0.192      -0.064       0.013
mo_7                        -0.0230      0.019     -1.215      0.225      -0.060       0.014
mo_8                        -0.0252      0.018     -1.381      0.167      -0.061       0.011
mo_9                        -0.0276      0.019     -1.486      0.137      -0.064       0.009
mo_10                       -0.0067      0.018     -0.368      0.713      -0.042       0.029
mo_11                       -0.0237      0.019     -1.265      0.206      -0.060       0.013
mo_12                       -0.0261      0.018     -1.442      0.149      -0.062       0.009
genre_Action                -0.0555      0.011     -5.236      0.000      -0.076      -0.035
genre_Adventure             -0.0060      0.011     -0.532      0.595      -0.028       0.016
genre_Animation             -0.0281      0.018     -1.563      0.118      -0.063       0.007
genre_Biography             -0.0920      0.014     -6.466      0.000      -0.120      -0.064
genre_Comedy                -0.0029      0.010     -0.305      0.760      -0.022       0.016
genre_Crime                 -0.0889      0.010     -8.680      0.000      -0.109      -0.069
genre_Drama                  0.0137      0.010      1.442      0.149      -0.005       0.032
genre_Family                 0.0709      0.015      4.867      0.000       0.042       0.099
genre_Fantasy                0.0042      0.013      0.333      0.739      -0.021       0.029
genre_History                0.0183      0.020      0.896      0.370      -0.022       0.058
genre_Horror                -0.0347      0.015     -2.378      0.017      -0.063      -0.006
genre_Music                  0.1121      0.019      5.864      0.000       0.075       0.150
genre_Musical                0.3187      0.043      7.379      0.000       0.234       0.403
genre_Mystery               -0.0586      0.013     -4.659      0.000      -0.083      -0.034
genre_News                 1.01e-17   4.08e-18      2.473      0.013    2.09e-18    1.81e-17
genre_Romance               -0.0178      0.010     -1.733      0.083      -0.038       0.002
genre_Sci_Fi                -0.0129      0.014     -0.951      0.342      -0.039       0.014
genre_Short               3.823e-18    2.8e-17      0.137      0.891   -5.11e-17    5.87e-17
genre_Sport                 -0.0373      0.021     -1.799      0.072      -0.078       0.003
genre_Thriller              -0.0745      0.011     -6.997      0.000      -0.095      -0.054
genre_War                    0.0097      0.029      0.334      0.738      -0.047       0.067
genre_Western               -0.0482      0.051     -0.937      0.349      -0.149       0.053
==============================================================================
Omnibus:                     1645.030   Durbin-Watson:                   2.006
Prob(Omnibus):                  0.000   Jarque-Bera (JB):            13292.893
Skew:                           1.747   Prob(JB):                         0.00
Kurtosis:                      11.204   Cond. No.                     1.02e+16
==============================================================================

Notes:
[1] Standard Errors assume that the covariance matrix of the errors is correctly specified.
[2] The smallest eigenvalue is 6.38e-27. This might indicate that there are
strong multicollinearity problems or that the design matrix is singular.