                            OLS Regression Results                            
==============================================================================
Dep. Variable:              sd_pooled   R-squared:                       0.560
Model:                            OLS   Adj. R-squared:                  0.553
Method:                 Least Squares   F-statistic:                     78.59
Date:                Tue, 31 Mar 2026   Prob (F-statistic):               0.00
Time:                        15:08:12   Log-Likelihood:                 525.75
No. Observations:                4012   AIC:                            -921.5
Df Residuals:                    3947   BIC:                            -512.2
Df Model:                          64                                         
Covariance Type:            nonrobust                                         
============================================================================================
                               coef    std err          t      P>|t|      [0.025      0.975]
--------------------------------------------------------------------------------------------
const                        3.3889      0.048     70.003      0.000       3.294       3.484
FLead                        0.0457      0.008      5.669      0.000       0.030       0.061
mean_pooled                 -0.2326      0.004    -52.763      0.000      -0.241      -0.224
kim_violence_gore            0.0056      0.002      2.728      0.006       0.002       0.010
kim_sex_nudity               0.0129      0.002      6.423      0.000       0.009       0.017
kim_language                -0.0142      0.002     -7.523      0.000      -0.018      -0.010
major                       -0.0399      0.008     -4.950      0.000      -0.056      -0.024
log_bom_opening_theaters     0.0057      0.002      3.240      0.001       0.002       0.009
genres_count                -0.0070      0.007     -1.030      0.303      -0.020       0.006
yr_1993                      0.0004      0.034      0.011      0.991      -0.067       0.068
yr_1994                      0.0023      0.035      0.064      0.949      -0.067       0.071
yr_1995                      0.0498      0.035      1.433      0.152      -0.018       0.118
yr_1996                      0.0137      0.034      0.403      0.687      -0.053       0.081
yr_1997                      0.0194      0.035      0.560      0.576      -0.049       0.087
yr_1998                      0.0642      0.034      1.916      0.055      -0.001       0.130
yr_1999                      0.0677      0.033      2.078      0.038       0.004       0.132
yr_2000                     -0.0031      0.034     -0.093      0.926      -0.069       0.063
yr_2001                      0.0656      0.033      1.989      0.047       0.001       0.130
yr_2002                      0.0221      0.032      0.679      0.497      -0.042       0.086
yr_2003                      0.0058      0.033      0.178      0.859      -0.058       0.070
yr_2004                      0.0694      0.032      2.139      0.032       0.006       0.133
yr_2005                      0.0575      0.032      1.788      0.074      -0.006       0.121
yr_2006                      0.1073      0.032      3.361      0.001       0.045       0.170
yr_2007                      0.1207      0.032      3.795      0.000       0.058       0.183
yr_2008                      0.0609      0.032      1.902      0.057      -0.002       0.124
yr_2009                      0.0421      0.032      1.298      0.194      -0.021       0.106
yr_2010                      0.0371      0.032      1.146      0.252      -0.026       0.100
yr_2011                      0.0387      0.032      1.217      0.224      -0.024       0.101
yr_2012                      0.0235      0.032      0.742      0.458      -0.039       0.086
yr_2013                      0.0151      0.032      0.474      0.636      -0.047       0.078
yr_2014                      0.0452      0.032      1.402      0.161      -0.018       0.108
yr_2015                     -0.0276      0.032     -0.861      0.390      -0.090       0.035
yr_2016                     -0.0294      0.032     -0.913      0.362      -0.093       0.034
yr_2017                      0.0252      0.033      0.772      0.440      -0.039       0.089
yr_2018                      0.0206      0.033      0.631      0.528      -0.043       0.085
mo_2                         0.0071      0.019      0.363      0.717      -0.031       0.045
mo_3                        -0.0044      0.019     -0.238      0.812      -0.041       0.032
mo_4                         0.0009      0.019      0.050      0.960      -0.036       0.038
mo_5                        -0.0129      0.020     -0.652      0.515      -0.052       0.026
mo_6                        -0.0261      0.019     -1.338      0.181      -0.064       0.012
mo_7                        -0.0238      0.019     -1.257      0.209      -0.061       0.013
mo_8                        -0.0264      0.018     -1.445      0.149      -0.062       0.009
mo_9                        -0.0287      0.019     -1.545      0.122      -0.065       0.008
mo_10                       -0.0062      0.018     -0.338      0.735      -0.042       0.030
mo_11                       -0.0243      0.019     -1.293      0.196      -0.061       0.013
mo_12                       -0.0265      0.018     -1.457      0.145      -0.062       0.009
genre_Action                -0.0488      0.010     -4.644      0.000      -0.069      -0.028
genre_Adventure             -0.0045      0.011     -0.401      0.688      -0.027       0.018
genre_Animation             -0.0341      0.018     -1.900      0.058      -0.069       0.001
genre_Biography             -0.0952      0.014     -6.687      0.000      -0.123      -0.067
genre_Comedy                -0.0152      0.009     -1.677      0.094      -0.033       0.003
genre_Crime                 -0.0848      0.010     -8.308      0.000      -0.105      -0.065
genre_Drama                  0.0091      0.009      0.962      0.336      -0.009       0.028
genre_Family                 0.0650      0.015      4.476      0.000       0.037       0.093
genre_Fantasy                0.0049      0.013      0.390      0.697      -0.020       0.030
genre_History                0.0223      0.020      1.094      0.274      -0.018       0.062
genre_Horror                -0.0179      0.014     -1.277      0.202      -0.045       0.010
genre_Music                  0.1014      0.019      5.342      0.000       0.064       0.139
genre_Musical                0.3179      0.043      7.339      0.000       0.233       0.403
genre_Mystery               -0.0597      0.013     -4.738      0.000      -0.084      -0.035
genre_News               -5.178e-18   6.06e-18     -0.854      0.393   -1.71e-17    6.71e-18
genre_Romance               -0.0286      0.010     -2.858      0.004      -0.048      -0.009
genre_Sci_Fi                -0.0130      0.014     -0.960      0.337      -0.040       0.014
genre_Short               7.093e-18   4.77e-18      1.486      0.137   -2.27e-18    1.65e-17
genre_Sport                 -0.0422      0.021     -2.039      0.042      -0.083      -0.002
genre_Thriller              -0.0734      0.011     -6.878      0.000      -0.094      -0.052
genre_War                    0.0255      0.029      0.880      0.379      -0.031       0.082
genre_Western               -0.0357      0.051     -0.694      0.488      -0.137       0.065
==============================================================================
Omnibus:                     1663.698   Durbin-Watson:                   2.006
Prob(Omnibus):                  0.000   Jarque-Bera (JB):            13723.610
Skew:                           1.764   Prob(JB):                         0.00
Kurtosis:                      11.346   Cond. No.                     1.02e+16
==============================================================================

Notes:
[1] Standard Errors assume that the covariance matrix of the errors is correctly specified.
[2] The smallest eigenvalue is 6.38e-27. This might indicate that there are
strong multicollinearity problems or that the design matrix is singular.