                            OLS Regression Results                            
==============================================================================
Dep. Variable:              sd_pooled   R-squared:                       0.560
Model:                            OLS   Adj. R-squared:                  0.552
Method:                 Least Squares   F-statistic:                     78.35
Date:                Tue, 31 Mar 2026   Prob (F-statistic):               0.00
Time:                        20:19:13   Log-Likelihood:                 522.25
No. Observations:                4012   AIC:                            -914.5
Df Residuals:                    3947   BIC:                            -505.2
Df Model:                          64                                         
Covariance Type:            nonrobust                                         
============================================================================================
                               coef    std err          t      P>|t|      [0.025      0.975]
--------------------------------------------------------------------------------------------
const                        3.3920      0.048     70.019      0.000       3.297       3.487
FLead                        0.0443      0.008      5.503      0.000       0.029       0.060
mean_pooled                 -0.2321      0.004    -52.598      0.000      -0.241      -0.223
kim_violence_gore            0.0014      0.002      0.744      0.457      -0.002       0.005
kim_sex_nudity               0.0134      0.002      6.673      0.000       0.009       0.017
kim_language                -0.0131      0.002     -7.098      0.000      -0.017      -0.010
major                       -0.0406      0.008     -5.023      0.000      -0.056      -0.025
log_bom_opening_theaters     0.0061      0.002      3.415      0.001       0.003       0.010
genres_count                -0.0050      0.007     -0.743      0.457      -0.018       0.008
yr_1993                      0.0016      0.035      0.047      0.963      -0.066       0.069
yr_1994                      0.0014      0.035      0.039      0.969      -0.068       0.071
yr_1995                      0.0504      0.035      1.450      0.147      -0.018       0.119
yr_1996                      0.0149      0.034      0.436      0.663      -0.052       0.082
yr_1997                      0.0207      0.035      0.596      0.551      -0.047       0.089
yr_1998                      0.0627      0.034      1.869      0.062      -0.003       0.128
yr_1999                      0.0679      0.033      2.081      0.037       0.004       0.132
yr_2000                     -0.0032      0.034     -0.096      0.924      -0.069       0.063
yr_2001                      0.0672      0.033      2.037      0.042       0.003       0.132
yr_2002                      0.0235      0.032      0.724      0.469      -0.040       0.087
yr_2003                      0.0074      0.033      0.227      0.820      -0.057       0.072
yr_2004                      0.0709      0.032      2.184      0.029       0.007       0.135
yr_2005                      0.0583      0.032      1.812      0.070      -0.005       0.121
yr_2006                      0.1096      0.032      3.430      0.001       0.047       0.172
yr_2007                      0.1227      0.032      3.854      0.000       0.060       0.185
yr_2008                      0.0626      0.032      1.952      0.051      -0.000       0.126
yr_2009                      0.0425      0.032      1.308      0.191      -0.021       0.106
yr_2010                      0.0379      0.032      1.171      0.242      -0.026       0.101
yr_2011                      0.0399      0.032      1.255      0.210      -0.022       0.102
yr_2012                      0.0245      0.032      0.774      0.439      -0.038       0.087
yr_2013                      0.0166      0.032      0.520      0.603      -0.046       0.079
yr_2014                      0.0459      0.032      1.422      0.155      -0.017       0.109
yr_2015                     -0.0270      0.032     -0.843      0.399      -0.090       0.036
yr_2016                     -0.0286      0.032     -0.887      0.375      -0.092       0.035
yr_2017                      0.0267      0.033      0.818      0.414      -0.037       0.091
yr_2018                      0.0220      0.033      0.674      0.501      -0.042       0.086
mo_2                         0.0073      0.020      0.374      0.709      -0.031       0.046
mo_3                        -0.0046      0.019     -0.246      0.806      -0.041       0.032
mo_4                         0.0018      0.019      0.098      0.922      -0.035       0.039
mo_5                        -0.0126      0.020     -0.639      0.523      -0.051       0.026
mo_6                        -0.0264      0.020     -1.352      0.177      -0.065       0.012
mo_7                        -0.0246      0.019     -1.299      0.194      -0.062       0.013
mo_8                        -0.0266      0.018     -1.455      0.146      -0.062       0.009
mo_9                        -0.0292      0.019     -1.572      0.116      -0.066       0.007
mo_10                       -0.0062      0.018     -0.337      0.736      -0.042       0.030
mo_11                       -0.0244      0.019     -1.298      0.194      -0.061       0.012
mo_12                       -0.0253      0.018     -1.390      0.165      -0.061       0.010
genre_Action                -0.0451      0.010     -4.325      0.000      -0.066      -0.025
genre_Adventure             -0.0045      0.011     -0.404      0.687      -0.027       0.018
genre_Animation             -0.0359      0.018     -2.001      0.045      -0.071      -0.001
genre_Biography             -0.0963      0.014     -6.758      0.000      -0.124      -0.068
genre_Comedy                -0.0185      0.009     -2.049      0.040      -0.036      -0.001
genre_Crime                 -0.0833      0.010     -8.163      0.000      -0.103      -0.063
genre_Drama                  0.0082      0.009      0.862      0.389      -0.010       0.027
genre_Family                 0.0642      0.015      4.413      0.000       0.036       0.093
genre_Fantasy                0.0061      0.013      0.485      0.627      -0.019       0.031
genre_History                0.0238      0.020      1.164      0.244      -0.016       0.064
genre_Horror                -0.0112      0.014     -0.809      0.419      -0.038       0.016
genre_Music                  0.0978      0.019      5.163      0.000       0.061       0.135
genre_Musical                0.3109      0.043      7.184      0.000       0.226       0.396
genre_Mystery               -0.0599      0.013     -4.747      0.000      -0.085      -0.035
genre_News               -7.614e-19    5.3e-18     -0.144      0.886   -1.12e-17    9.63e-18
genre_Romance               -0.0317      0.010     -3.186      0.001      -0.051      -0.012
genre_Sci_Fi                -0.0114      0.014     -0.837      0.403      -0.038       0.015
genre_Short               2.007e-18      2e-18      1.004      0.315   -1.91e-18    5.93e-18
genre_Sport                 -0.0430      0.021     -2.072      0.038      -0.084      -0.002
genre_Thriller              -0.0723      0.011     -6.778      0.000      -0.093      -0.051
genre_War                    0.0288      0.029      0.993      0.321      -0.028       0.086
genre_Western               -0.0317      0.052     -0.615      0.539      -0.133       0.069
==============================================================================
Omnibus:                     1665.004   Durbin-Watson:                   2.005
Prob(Omnibus):                  0.000   Jarque-Bera (JB):            13799.814
Skew:                           1.764   Prob(JB):                         0.00
Kurtosis:                      11.373   Cond. No.                     1.02e+16
==============================================================================

Notes:
[1] Standard Errors assume that the covariance matrix of the errors is correctly specified.
[2] The smallest eigenvalue is 6.38e-27. This might indicate that there are
strong multicollinearity problems or that the design matrix is singular.