                            OLS Regression Results                            
==============================================================================
Dep. Variable:              sd_pooled   R-squared:                       0.561
Model:                            OLS   Adj. R-squared:                  0.554
Method:                 Least Squares   F-statistic:                     78.86
Date:                Sun, 29 Mar 2026   Prob (F-statistic):               0.00
Time:                        15:15:40   Log-Likelihood:                 529.51
No. Observations:                4012   AIC:                            -929.0
Df Residuals:                    3947   BIC:                            -519.7
Df Model:                          64                                         
Covariance Type:            nonrobust                                         
============================================================================================
                               coef    std err          t      P>|t|      [0.025      0.975]
--------------------------------------------------------------------------------------------
const                        3.4066      0.048     70.419      0.000       3.312       3.501
FLead                        0.0464      0.008      5.767      0.000       0.031       0.062
mean_pooled                 -0.2348      0.004    -52.886      0.000      -0.244      -0.226
kim_violence_gore            0.0125      0.003      4.887      0.000       0.007       0.017
kim_sex_nudity               0.0112      0.002      5.524      0.000       0.007       0.015
kim_language                -0.0150      0.002     -7.987      0.000      -0.019      -0.011
major                       -0.0342      0.008     -4.269      0.000      -0.050      -0.019
log_bom_opening_theaters     0.0024      0.002      1.420      0.156      -0.001       0.006
genres_count                -0.0087      0.007     -1.280      0.200      -0.022       0.005
yr_1993                     -0.0072      0.034     -0.209      0.834      -0.075       0.060
yr_1994                     -0.0048      0.035     -0.135      0.893      -0.074       0.064
yr_1995                      0.0425      0.035      1.223      0.221      -0.026       0.111
yr_1996                      0.0074      0.034      0.217      0.828      -0.059       0.074
yr_1997                      0.0123      0.035      0.355      0.723      -0.056       0.080
yr_1998                      0.0583      0.033      1.742      0.082      -0.007       0.124
yr_1999                      0.0588      0.033      1.802      0.072      -0.005       0.123
yr_2000                     -0.0090      0.034     -0.269      0.788      -0.075       0.057
yr_2001                      0.0551      0.033      1.669      0.095      -0.010       0.120
yr_2002                      0.0150      0.032      0.462      0.644      -0.049       0.079
yr_2003                     -0.0017      0.033     -0.051      0.959      -0.066       0.062
yr_2004                      0.0608      0.032      1.872      0.061      -0.003       0.124
yr_2005                      0.0460      0.032      1.428      0.153      -0.017       0.109
yr_2006                      0.0957      0.032      2.991      0.003       0.033       0.158
yr_2007                      0.1102      0.032      3.457      0.001       0.048       0.173
yr_2008                      0.0523      0.032      1.630      0.103      -0.011       0.115
yr_2009                      0.0312      0.033      0.961      0.337      -0.032       0.095
yr_2010                      0.0258      0.032      0.797      0.426      -0.038       0.089
yr_2011                      0.0285      0.032      0.895      0.371      -0.034       0.091
yr_2012                      0.0125      0.032      0.396      0.692      -0.050       0.075
yr_2013                      0.0048      0.032      0.149      0.881      -0.058       0.067
yr_2014                      0.0384      0.032      1.190      0.234      -0.025       0.102
yr_2015                     -0.0330      0.032     -1.030      0.303      -0.096       0.030
yr_2016                     -0.0360      0.032     -1.115      0.265      -0.099       0.027
yr_2017                      0.0213      0.033      0.655      0.512      -0.043       0.085
yr_2018                      0.0148      0.033      0.453      0.651      -0.049       0.079
mo_2                         0.0082      0.019      0.423      0.672      -0.030       0.046
mo_3                        -0.0050      0.019     -0.270      0.787      -0.041       0.031
mo_4                        -0.0004      0.019     -0.021      0.983      -0.037       0.036
mo_5                        -0.0146      0.020     -0.739      0.460      -0.053       0.024
mo_6                        -0.0273      0.019     -1.402      0.161      -0.065       0.011
mo_7                        -0.0251      0.019     -1.328      0.184      -0.062       0.012
mo_8                        -0.0258      0.018     -1.416      0.157      -0.062       0.010
mo_9                        -0.0288      0.019     -1.552      0.121      -0.065       0.008
mo_10                       -0.0086      0.018     -0.470      0.638      -0.044       0.027
mo_11                       -0.0256      0.019     -1.364      0.173      -0.062       0.011
mo_12                       -0.0315      0.018     -1.745      0.081      -0.067       0.004
genre_Action                -0.0544      0.011     -5.125      0.000      -0.075      -0.034
genre_Adventure             -0.0055      0.011     -0.492      0.623      -0.028       0.017
genre_Animation             -0.0279      0.018     -1.554      0.120      -0.063       0.007
genre_Biography             -0.0950      0.014     -6.686      0.000      -0.123      -0.067
genre_Comedy                -0.0028      0.010     -0.299      0.765      -0.022       0.016
genre_Crime                 -0.0889      0.010     -8.668      0.000      -0.109      -0.069
genre_Drama                  0.0103      0.009      1.088      0.277      -0.008       0.029
genre_Family                 0.0716      0.015      4.907      0.000       0.043       0.100
genre_Fantasy                0.0044      0.013      0.351      0.726      -0.020       0.029
genre_History                0.0175      0.020      0.856      0.392      -0.023       0.058
genre_Horror                -0.0333      0.015     -2.281      0.023      -0.062      -0.005
genre_Music                  0.1115      0.019      5.825      0.000       0.074       0.149
genre_Musical                0.3194      0.043      7.388      0.000       0.235       0.404
genre_Mystery               -0.0590      0.013     -4.686      0.000      -0.084      -0.034
genre_News                9.695e-18   2.21e-17      0.438      0.661   -3.37e-17    5.31e-17
genre_Romance               -0.0185      0.010     -1.796      0.073      -0.039       0.002
genre_Sci_Fi                -0.0123      0.014     -0.909      0.363      -0.039       0.014
genre_Short               1.847e-17   3.41e-17      0.541      0.589   -4.85e-17    8.54e-17
genre_Sport                 -0.0340      0.021     -1.641      0.101      -0.075       0.007
genre_Thriller              -0.0737      0.011     -6.913      0.000      -0.095      -0.053
genre_War                    0.0067      0.029      0.231      0.817      -0.050       0.064
genre_Western               -0.0446      0.052     -0.866      0.387      -0.146       0.056
==============================================================================
Omnibus:                     1667.907   Durbin-Watson:                   2.007
Prob(Omnibus):                  0.000   Jarque-Bera (JB):            13790.203
Skew:                           1.769   Prob(JB):                         0.00
Kurtosis:                      11.365   Cond. No.                     1.02e+16
==============================================================================

Notes:
[1] Standard Errors assume that the covariance matrix of the errors is correctly specified.
[2] The smallest eigenvalue is 6.36e-27. This might indicate that there are
strong multicollinearity problems or that the design matrix is singular.