                            OLS Regression Results                            
==============================================================================
Dep. Variable:              sd_pooled   R-squared:                       0.560
Model:                            OLS   Adj. R-squared:                  0.553
Method:                 Least Squares   F-statistic:                     78.48
Date:                Tue, 31 Mar 2026   Prob (F-statistic):               0.00
Time:                        16:05:59   Log-Likelihood:                 524.15
No. Observations:                4012   AIC:                            -918.3
Df Residuals:                    3947   BIC:                            -509.0
Df Model:                          64                                         
Covariance Type:            nonrobust                                         
============================================================================================
                               coef    std err          t      P>|t|      [0.025      0.975]
--------------------------------------------------------------------------------------------
const                        3.3903      0.048     70.012      0.000       3.295       3.485
FLead                        0.0444      0.008      5.521      0.000       0.029       0.060
mean_pooled                 -0.2324      0.004    -52.703      0.000      -0.241      -0.224
kim_violence_gore            0.0041      0.002      2.073      0.038       0.000       0.008
kim_sex_nudity               0.0129      0.002      6.416      0.000       0.009       0.017
kim_language                -0.0138      0.002     -7.357      0.000      -0.017      -0.010
major                       -0.0408      0.008     -5.071      0.000      -0.057      -0.025
log_bom_opening_theaters     0.0059      0.002      3.341      0.001       0.002       0.009
genres_count                -0.0060      0.007     -0.889      0.374      -0.019       0.007
yr_1993                      0.0007      0.034      0.020      0.984      -0.067       0.068
yr_1994                      0.0001      0.035      0.004      0.997      -0.069       0.069
yr_1995                      0.0485      0.035      1.394      0.163      -0.020       0.117
yr_1996                      0.0132      0.034      0.388      0.698      -0.054       0.080
yr_1997                      0.0190      0.035      0.547      0.584      -0.049       0.087
yr_1998                      0.0615      0.034      1.834      0.067      -0.004       0.127
yr_1999                      0.0668      0.033      2.047      0.041       0.003       0.131
yr_2000                     -0.0047      0.034     -0.139      0.889      -0.071       0.061
yr_2001                      0.0660      0.033      2.002      0.045       0.001       0.131
yr_2002                      0.0217      0.032      0.669      0.504      -0.042       0.085
yr_2003                      0.0061      0.033      0.186      0.852      -0.058       0.070
yr_2004                      0.0695      0.032      2.141      0.032       0.006       0.133
yr_2005                      0.0569      0.032      1.768      0.077      -0.006       0.120
yr_2006                      0.1069      0.032      3.345      0.001       0.044       0.170
yr_2007                      0.1218      0.032      3.832      0.000       0.059       0.184
yr_2008                      0.0618      0.032      1.929      0.054      -0.001       0.125
yr_2009                      0.0407      0.032      1.253      0.210      -0.023       0.104
yr_2010                      0.0366      0.032      1.132      0.258      -0.027       0.100
yr_2011                      0.0377      0.032      1.184      0.236      -0.025       0.100
yr_2012                      0.0231      0.032      0.728      0.467      -0.039       0.085
yr_2013                      0.0153      0.032      0.480      0.631      -0.047       0.078
yr_2014                      0.0448      0.032      1.389      0.165      -0.018       0.108
yr_2015                     -0.0280      0.032     -0.874      0.382      -0.091       0.035
yr_2016                     -0.0292      0.032     -0.905      0.366      -0.092       0.034
yr_2017                      0.0257      0.033      0.790      0.430      -0.038       0.090
yr_2018                      0.0208      0.033      0.636      0.525      -0.043       0.085
mo_2                         0.0080      0.019      0.408      0.683      -0.030       0.046
mo_3                        -0.0041      0.019     -0.219      0.826      -0.040       0.032
mo_4                         0.0006      0.019      0.031      0.975      -0.036       0.037
mo_5                        -0.0137      0.020     -0.691      0.490      -0.052       0.025
mo_6                        -0.0265      0.019     -1.357      0.175      -0.065       0.012
mo_7                        -0.0243      0.019     -1.285      0.199      -0.061       0.013
mo_8                        -0.0262      0.018     -1.434      0.152      -0.062       0.010
mo_9                        -0.0288      0.019     -1.550      0.121      -0.065       0.008
mo_10                       -0.0066      0.018     -0.363      0.717      -0.042       0.029
mo_11                       -0.0245      0.019     -1.301      0.193      -0.061       0.012
mo_12                       -0.0255      0.018     -1.402      0.161      -0.061       0.010
genre_Action                -0.0467      0.010     -4.470      0.000      -0.067      -0.026
genre_Adventure             -0.0053      0.011     -0.467      0.641      -0.027       0.017
genre_Animation             -0.0346      0.018     -1.928      0.054      -0.070       0.001
genre_Biography             -0.0957      0.014     -6.718      0.000      -0.124      -0.068
genre_Comedy                -0.0161      0.009     -1.782      0.075      -0.034       0.002
genre_Crime                 -0.0845      0.010     -8.270      0.000      -0.105      -0.064
genre_Drama                  0.0091      0.009      0.965      0.335      -0.009       0.028
genre_Family                 0.0654      0.015      4.498      0.000       0.037       0.094
genre_Fantasy                0.0055      0.013      0.431      0.666      -0.019       0.030
genre_History                0.0227      0.020      1.112      0.266      -0.017       0.063
genre_Horror                -0.0153      0.014     -1.092      0.275      -0.043       0.012
genre_Music                  0.1015      0.019      5.334      0.000       0.064       0.139
genre_Musical                0.3122      0.043      7.218      0.000       0.227       0.397
genre_Mystery               -0.0596      0.013     -4.732      0.000      -0.084      -0.035
genre_News               -1.424e-18   3.75e-18     -0.380      0.704   -8.77e-18    5.92e-18
genre_Romance               -0.0297      0.010     -2.974      0.003      -0.049      -0.010
genre_Sci_Fi                -0.0126      0.014     -0.925      0.355      -0.039       0.014
genre_Short              -3.997e-19   4.17e-19     -0.959      0.338   -1.22e-18    4.17e-19
genre_Sport                 -0.0434      0.021     -2.093      0.036      -0.084      -0.003
genre_Thriller              -0.0721      0.011     -6.757      0.000      -0.093      -0.051
genre_War                    0.0262      0.029      0.903      0.367      -0.031       0.083
genre_Western               -0.0332      0.051     -0.645      0.519      -0.134       0.068
==============================================================================
Omnibus:                     1658.737   Durbin-Watson:                   2.004
Prob(Omnibus):                  0.000   Jarque-Bera (JB):            13589.534
Skew:                           1.760   Prob(JB):                         0.00
Kurtosis:                      11.301   Cond. No.                     1.02e+16
==============================================================================

Notes:
[1] Standard Errors assume that the covariance matrix of the errors is correctly specified.
[2] The smallest eigenvalue is 6.4e-27. This might indicate that there are
strong multicollinearity problems or that the design matrix is singular.