                            OLS Regression Results                            
==============================================================================
Dep. Variable:              sd_pooled   R-squared:                       0.562
Model:                            OLS   Adj. R-squared:                  0.555
Method:                 Least Squares   F-statistic:                     79.06
Date:                Tue, 31 Mar 2026   Prob (F-statistic):               0.00
Time:                        18:52:35   Log-Likelihood:                 532.49
No. Observations:                4012   AIC:                            -935.0
Df Residuals:                    3947   BIC:                            -525.7
Df Model:                          64                                         
Covariance Type:            nonrobust                                         
============================================================================================
                               coef    std err          t      P>|t|      [0.025      0.975]
--------------------------------------------------------------------------------------------
const                        3.3855      0.048     70.105      0.000       3.291       3.480
FLead                        0.0468      0.008      5.820      0.000       0.031       0.063
mean_pooled                 -0.2338      0.004    -53.088      0.000      -0.242      -0.225
kim_violence_gore            0.0122      0.003      4.787      0.000       0.007       0.017
kim_sex_nudity               0.0115      0.002      5.647      0.000       0.007       0.015
kim_language                -0.0150      0.002     -7.983      0.000      -0.019      -0.011
major                       -0.0384      0.008     -4.790      0.000      -0.054      -0.023
log_bom_opening_theaters     0.0049      0.002      2.809      0.005       0.001       0.008
genres_count                -0.0094      0.007     -1.393      0.164      -0.023       0.004
yr_1993                     -0.0060      0.034     -0.173      0.863      -0.074       0.062
yr_1994                     -0.0036      0.035     -0.102      0.919      -0.073       0.065
yr_1995                      0.0434      0.035      1.251      0.211      -0.025       0.111
yr_1996                      0.0088      0.034      0.259      0.795      -0.058       0.076
yr_1997                      0.0131      0.035      0.379      0.705      -0.055       0.081
yr_1998                      0.0589      0.033      1.760      0.078      -0.007       0.124
yr_1999                      0.0597      0.033      1.834      0.067      -0.004       0.124
yr_2000                     -0.0087      0.034     -0.260      0.795      -0.075       0.057
yr_2001                      0.0559      0.033      1.695      0.090      -0.009       0.121
yr_2002                      0.0157      0.032      0.485      0.628      -0.048       0.079
yr_2003                     -0.0002      0.033     -0.007      0.994      -0.064       0.064
yr_2004                      0.0606      0.032      1.868      0.062      -0.003       0.124
yr_2005                      0.0474      0.032      1.474      0.141      -0.016       0.111
yr_2006                      0.0967      0.032      3.025      0.003       0.034       0.159
yr_2007                      0.1103      0.032      3.464      0.001       0.048       0.173
yr_2008                      0.0520      0.032      1.620      0.105      -0.011       0.115
yr_2009                      0.0317      0.032      0.976      0.329      -0.032       0.095
yr_2010                      0.0264      0.032      0.816      0.414      -0.037       0.090
yr_2011                      0.0295      0.032      0.928      0.353      -0.033       0.092
yr_2012                      0.0145      0.032      0.459      0.646      -0.048       0.077
yr_2013                      0.0064      0.032      0.201      0.841      -0.056       0.069
yr_2014                      0.0390      0.032      1.211      0.226      -0.024       0.102
yr_2015                     -0.0321      0.032     -1.005      0.315      -0.095       0.031
yr_2016                     -0.0354      0.032     -1.099      0.272      -0.099       0.028
yr_2017                      0.0206      0.033      0.634      0.526      -0.043       0.084
yr_2018                      0.0148      0.033      0.453      0.650      -0.049       0.079
mo_2                         0.0082      0.019      0.423      0.673      -0.030       0.046
mo_3                        -0.0041      0.019     -0.224      0.823      -0.040       0.032
mo_4                         0.0007      0.019      0.039      0.969      -0.036       0.037
mo_5                        -0.0128      0.020     -0.649      0.516      -0.051       0.026
mo_6                        -0.0256      0.019     -1.317      0.188      -0.064       0.013
mo_7                        -0.0234      0.019     -1.238      0.216      -0.060       0.014
mo_8                        -0.0247      0.018     -1.355      0.175      -0.060       0.011
mo_9                        -0.0275      0.019     -1.484      0.138      -0.064       0.009
mo_10                       -0.0072      0.018     -0.392      0.695      -0.043       0.029
mo_11                       -0.0245      0.019     -1.307      0.191      -0.061       0.012
mo_12                       -0.0275      0.018     -1.519      0.129      -0.063       0.008
genre_Action                -0.0550      0.011     -5.186      0.000      -0.076      -0.034
genre_Adventure             -0.0060      0.011     -0.538      0.591      -0.028       0.016
genre_Animation             -0.0278      0.018     -1.549      0.121      -0.063       0.007
genre_Biography             -0.0925      0.014     -6.496      0.000      -0.120      -0.065
genre_Comedy                -0.0032      0.010     -0.338      0.736      -0.022       0.015
genre_Crime                 -0.0890      0.010     -8.690      0.000      -0.109      -0.069
genre_Drama                  0.0128      0.009      1.353      0.176      -0.006       0.031
genre_Family                 0.0712      0.015      4.890      0.000       0.043       0.100
genre_Fantasy                0.0043      0.013      0.341      0.733      -0.020       0.029
genre_History                0.0180      0.020      0.881      0.379      -0.022       0.058
genre_Horror                -0.0342      0.015     -2.345      0.019      -0.063      -0.006
genre_Music                  0.1117      0.019      5.840      0.000       0.074       0.149
genre_Musical                0.3191      0.043      7.388      0.000       0.234       0.404
genre_Mystery               -0.0589      0.013     -4.678      0.000      -0.084      -0.034
genre_News                5.482e-18   5.03e-18      1.090      0.276   -4.38e-18    1.53e-17
genre_Romance               -0.0186      0.010     -1.808      0.071      -0.039       0.002
genre_Sci_Fi                -0.0125      0.014     -0.920      0.358      -0.039       0.014
genre_Short              -8.623e-19   3.91e-18     -0.221      0.825   -8.52e-18     6.8e-18
genre_Sport                 -0.0373      0.021     -1.800      0.072      -0.078       0.003
genre_Thriller              -0.0740      0.011     -6.950      0.000      -0.095      -0.053
genre_War                    0.0098      0.029      0.335      0.737      -0.047       0.067
genre_Western               -0.0472      0.051     -0.918      0.359      -0.148       0.054
==============================================================================
Omnibus:                     1654.664   Durbin-Watson:                   2.006
Prob(Omnibus):                  0.000   Jarque-Bera (JB):            13520.185
Skew:                           1.755   Prob(JB):                         0.00
Kurtosis:                      11.280   Cond. No.                     1.02e+16
==============================================================================

Notes:
[1] Standard Errors assume that the covariance matrix of the errors is correctly specified.
[2] The smallest eigenvalue is 6.39e-27. This might indicate that there are
strong multicollinearity problems or that the design matrix is singular.