                            OLS Regression Results                            
==============================================================================
Dep. Variable:              sd_pooled   R-squared:                       0.560
Model:                            OLS   Adj. R-squared:                  0.553
Method:                 Least Squares   F-statistic:                     78.61
Date:                Tue, 31 Mar 2026   Prob (F-statistic):               0.00
Time:                        19:36:05   Log-Likelihood:                 526.04
No. Observations:                4012   AIC:                            -922.1
Df Residuals:                    3947   BIC:                            -512.8
Df Model:                          64                                         
Covariance Type:            nonrobust                                         
============================================================================================
                               coef    std err          t      P>|t|      [0.025      0.975]
--------------------------------------------------------------------------------------------
const                        3.3883      0.048     69.986      0.000       3.293       3.483
FLead                        0.0458      0.008      5.687      0.000       0.030       0.062
mean_pooled                 -0.2323      0.004    -52.761      0.000      -0.241      -0.224
kim_violence_gore            0.0059      0.002      2.830      0.005       0.002       0.010
kim_sex_nudity               0.0129      0.002      6.442      0.000       0.009       0.017
kim_language                -0.0143      0.002     -7.558      0.000      -0.018      -0.011
major                       -0.0397      0.008     -4.922      0.000      -0.055      -0.024
log_bom_opening_theaters     0.0057      0.002      3.192      0.001       0.002       0.009
genres_count                -0.0072      0.007     -1.069      0.285      -0.021       0.006
yr_1993                     -0.0024      0.034     -0.070      0.944      -0.070       0.065
yr_1994                     -0.0016      0.035     -0.046      0.963      -0.071       0.068
yr_1995                      0.0479      0.035      1.380      0.168      -0.020       0.116
yr_1996                      0.0128      0.034      0.375      0.708      -0.054       0.080
yr_1997                      0.0160      0.035      0.461      0.645      -0.052       0.084
yr_1998                      0.0593      0.034      1.769      0.077      -0.006       0.125
yr_1999                      0.0649      0.033      1.989      0.047       0.001       0.129
yr_2000                     -0.0054      0.034     -0.160      0.873      -0.071       0.061
yr_2001                      0.0627      0.033      1.899      0.058      -0.002       0.127
yr_2002                      0.0200      0.032      0.616      0.538      -0.044       0.084
yr_2003                      0.0032      0.033      0.097      0.923      -0.061       0.067
yr_2004                      0.0653      0.032      2.009      0.045       0.002       0.129
yr_2005                      0.0532      0.032      1.652      0.099      -0.010       0.116
yr_2006                      0.1036      0.032      3.237      0.001       0.041       0.166
yr_2007                      0.1177      0.032      3.697      0.000       0.055       0.180
yr_2008                      0.0572      0.032      1.780      0.075      -0.006       0.120
yr_2009                      0.0370      0.033      1.138      0.255      -0.027       0.101
yr_2010                      0.0324      0.032      1.000      0.317      -0.031       0.096
yr_2011                      0.0345      0.032      1.084      0.278      -0.028       0.097
yr_2012                      0.0205      0.032      0.647      0.518      -0.042       0.083
yr_2013                      0.0119      0.032      0.373      0.709      -0.051       0.074
yr_2014                      0.0429      0.032      1.331      0.183      -0.020       0.106
yr_2015                     -0.0301      0.032     -0.938      0.348      -0.093       0.033
yr_2016                     -0.0320      0.032     -0.991      0.322      -0.095       0.031
yr_2017                      0.0237      0.033      0.728      0.467      -0.040       0.088
yr_2018                      0.0187      0.033      0.571      0.568      -0.045       0.083
mo_2                         0.0066      0.019      0.341      0.733      -0.032       0.045
mo_3                        -0.0052      0.019     -0.281      0.778      -0.042       0.031
mo_4                         0.0012      0.019      0.063      0.950      -0.036       0.038
mo_5                        -0.0132      0.020     -0.667      0.505      -0.052       0.026
mo_6                        -0.0274      0.019     -1.405      0.160      -0.066       0.011
mo_7                        -0.0246      0.019     -1.301      0.193      -0.062       0.012
mo_8                        -0.0261      0.018     -1.429      0.153      -0.062       0.010
mo_9                        -0.0294      0.019     -1.580      0.114      -0.066       0.007
mo_10                       -0.0072      0.018     -0.396      0.692      -0.043       0.029
mo_11                       -0.0251      0.019     -1.333      0.183      -0.062       0.012
mo_12                       -0.0259      0.018     -1.429      0.153      -0.062       0.010
genre_Action                -0.0477      0.010     -4.571      0.000      -0.068      -0.027
genre_Adventure             -0.0051      0.011     -0.453      0.651      -0.027       0.017
genre_Animation             -0.0336      0.018     -1.871      0.061      -0.069       0.002
genre_Biography             -0.0954      0.014     -6.703      0.000      -0.123      -0.067
genre_Comedy                -0.0133      0.009     -1.451      0.147      -0.031       0.005
genre_Crime                 -0.0848      0.010     -8.313      0.000      -0.105      -0.065
genre_Drama                  0.0095      0.009      1.005      0.315      -0.009       0.028
genre_Family                 0.0666      0.015      4.579      0.000       0.038       0.095
genre_Fantasy                0.0054      0.013      0.428      0.669      -0.019       0.030
genre_History                0.0221      0.020      1.082      0.280      -0.018       0.062
genre_Horror                -0.0180      0.014     -1.282      0.200      -0.045       0.010
genre_Music                  0.1020      0.019      5.372      0.000       0.065       0.139
genre_Musical                0.3090      0.043      7.148      0.000       0.224       0.394
genre_Mystery               -0.0583      0.013     -4.627      0.000      -0.083      -0.034
genre_News               -8.928e-18      6e-18     -1.488      0.137   -2.07e-17    2.84e-18
genre_Romance               -0.0278      0.010     -2.769      0.006      -0.047      -0.008
genre_Sci_Fi                -0.0117      0.014     -0.863      0.388      -0.038       0.015
genre_Short              -4.071e-19   9.27e-19     -0.439      0.661   -2.22e-18    1.41e-18
genre_Sport                 -0.0422      0.021     -2.038      0.042      -0.083      -0.002
genre_Thriller              -0.0734      0.011     -6.881      0.000      -0.094      -0.052
genre_War                    0.0245      0.029      0.845      0.398      -0.032       0.081
genre_Western               -0.0351      0.051     -0.681      0.496      -0.136       0.066
==============================================================================
Omnibus:                     1660.852   Durbin-Watson:                   2.005
Prob(Omnibus):                  0.000   Jarque-Bera (JB):            13632.448
Skew:                           1.762   Prob(JB):                         0.00
Kurtosis:                      11.315   Cond. No.                     1.02e+16
==============================================================================

Notes:
[1] Standard Errors assume that the covariance matrix of the errors is correctly specified.
[2] The smallest eigenvalue is 6.4e-27. This might indicate that there are
strong multicollinearity problems or that the design matrix is singular.