                            OLS Regression Results                            
==============================================================================
Dep. Variable:              sd_pooled   R-squared:                       0.562
Model:                            OLS   Adj. R-squared:                  0.555
Method:                 Least Squares   F-statistic:                     79.12
Date:                Sun, 29 Mar 2026   Prob (F-statistic):               0.00
Time:                        15:26:59   Log-Likelihood:                 533.25
No. Observations:                4012   AIC:                            -936.5
Df Residuals:                    3947   BIC:                            -527.2
Df Model:                          64                                         
Covariance Type:            nonrobust                                         
============================================================================================
                               coef    std err          t      P>|t|      [0.025      0.975]
--------------------------------------------------------------------------------------------
const                        3.3802      0.048     69.876      0.000       3.285       3.475
FLead                        0.0467      0.008      5.813      0.000       0.031       0.062
mean_pooled                 -0.2335      0.004    -53.000      0.000      -0.242      -0.225
kim_violence_gore            0.0119      0.003      4.718      0.000       0.007       0.017
kim_sex_nudity               0.0115      0.002      5.697      0.000       0.008       0.016
kim_language                -0.0150      0.002     -7.980      0.000      -0.019      -0.011
major                       -0.0394      0.008     -4.905      0.000      -0.055      -0.024
log_bom_opening_theaters     0.0056      0.002      3.167      0.002       0.002       0.009
genres_count                -0.0097      0.007     -1.424      0.154      -0.023       0.004
yr_1993                     -0.0058      0.034     -0.168      0.866      -0.073       0.062
yr_1994                     -0.0029      0.035     -0.081      0.935      -0.072       0.066
yr_1995                      0.0433      0.035      1.249      0.212      -0.025       0.111
yr_1996                      0.0090      0.034      0.263      0.792      -0.058       0.076
yr_1997                      0.0137      0.035      0.396      0.692      -0.054       0.082
yr_1998                      0.0578      0.033      1.727      0.084      -0.008       0.123
yr_1999                      0.0607      0.033      1.862      0.063      -0.003       0.125
yr_2000                     -0.0086      0.034     -0.256      0.798      -0.074       0.057
yr_2001                      0.0566      0.033      1.715      0.086      -0.008       0.121
yr_2002                      0.0165      0.032      0.508      0.611      -0.047       0.080
yr_2003                   1.762e-05      0.033      0.001      1.000      -0.064       0.064
yr_2004                      0.0619      0.032      1.910      0.056      -0.002       0.126
yr_2005                      0.0485      0.032      1.507      0.132      -0.015       0.112
yr_2006                      0.0971      0.032      3.038      0.002       0.034       0.160
yr_2007                      0.1103      0.032      3.465      0.001       0.048       0.173
yr_2008                      0.0524      0.032      1.635      0.102      -0.010       0.115
yr_2009                      0.0318      0.032      0.980      0.327      -0.032       0.095
yr_2010                      0.0268      0.032      0.830      0.407      -0.037       0.090
yr_2011                      0.0300      0.032      0.943      0.346      -0.032       0.092
yr_2012                      0.0153      0.032      0.482      0.630      -0.047       0.077
yr_2013                      0.0072      0.032      0.226      0.821      -0.055       0.070
yr_2014                      0.0398      0.032      1.236      0.217      -0.023       0.103
yr_2015                     -0.0316      0.032     -0.988      0.323      -0.094       0.031
yr_2016                     -0.0355      0.032     -1.102      0.271      -0.099       0.028
yr_2017                      0.0210      0.033      0.644      0.519      -0.043       0.085
yr_2018                      0.0150      0.033      0.458      0.647      -0.049       0.079
mo_2                         0.0076      0.019      0.392      0.695      -0.031       0.046
mo_3                        -0.0042      0.019     -0.229      0.819      -0.041       0.032
mo_4                         0.0007      0.019      0.036      0.971      -0.036       0.037
mo_5                        -0.0123      0.020     -0.623      0.533      -0.051       0.026
mo_6                        -0.0254      0.019     -1.304      0.192      -0.064       0.013
mo_7                        -0.0232      0.019     -1.226      0.220      -0.060       0.014
mo_8                        -0.0252      0.018     -1.383      0.167      -0.061       0.011
mo_9                        -0.0276      0.019     -1.487      0.137      -0.064       0.009
mo_10                       -0.0067      0.018     -0.368      0.713      -0.042       0.029
mo_11                       -0.0244      0.019     -1.303      0.193      -0.061       0.012
mo_12                       -0.0265      0.018     -1.461      0.144      -0.062       0.009
genre_Action                -0.0549      0.011     -5.185      0.000      -0.076      -0.034
genre_Adventure             -0.0055      0.011     -0.487      0.626      -0.027       0.017
genre_Animation             -0.0285      0.018     -1.588      0.112      -0.064       0.007
genre_Biography             -0.0918      0.014     -6.453      0.000      -0.120      -0.064
genre_Comedy                -0.0034      0.010     -0.354      0.723      -0.022       0.015
genre_Crime                 -0.0886      0.010     -8.653      0.000      -0.109      -0.068
genre_Drama                  0.0137      0.010      1.440      0.150      -0.005       0.032
genre_Family                 0.0707      0.015      4.859      0.000       0.042       0.099
genre_Fantasy                0.0039      0.013      0.308      0.758      -0.021       0.029
genre_History                0.0186      0.020      0.910      0.363      -0.021       0.059
genre_Horror                -0.0329      0.015     -2.261      0.024      -0.061      -0.004
genre_Music                  0.1114      0.019      5.828      0.000       0.074       0.149
genre_Musical                0.3155      0.043      7.309      0.000       0.231       0.400
genre_Mystery               -0.0587      0.013     -4.667      0.000      -0.083      -0.034
genre_News                5.915e-18   4.33e-18      1.366      0.172   -2.58e-18    1.44e-17
genre_Romance               -0.0190      0.010     -1.847      0.065      -0.039       0.001
genre_Sci_Fi                -0.0128      0.014     -0.947      0.344      -0.039       0.014
genre_Short               1.783e-18   7.21e-19      2.473      0.013    3.69e-19     3.2e-18
genre_Sport                 -0.0379      0.021     -1.832      0.067      -0.079       0.003
genre_Thriller              -0.0737      0.011     -6.928      0.000      -0.095      -0.053
genre_War                    0.0112      0.029      0.386      0.700      -0.046       0.068
genre_Western               -0.0469      0.051     -0.912      0.362      -0.148       0.054
==============================================================================
Omnibus:                     1648.457   Durbin-Watson:                   2.006
Prob(Omnibus):                  0.000   Jarque-Bera (JB):            13371.827
Skew:                           1.750   Prob(JB):                         0.00
Kurtosis:                      11.231   Cond. No.                     1.02e+16
==============================================================================

Notes:
[1] Standard Errors assume that the covariance matrix of the errors is correctly specified.
[2] The smallest eigenvalue is 6.39e-27. This might indicate that there are
strong multicollinearity problems or that the design matrix is singular.