                            OLS Regression Results                            
==============================================================================
Dep. Variable:              sd_pooled   R-squared:                       0.561
Model:                            OLS   Adj. R-squared:                  0.554
Method:                 Least Squares   F-statistic:                     78.86
Date:                Sun, 29 Mar 2026   Prob (F-statistic):               0.00
Time:                        16:06:02   Log-Likelihood:                 529.64
No. Observations:                4012   AIC:                            -929.3
Df Residuals:                    3947   BIC:                            -520.0
Df Model:                          64                                         
Covariance Type:            nonrobust                                         
============================================================================================
                               coef    std err          t      P>|t|      [0.025      0.975]
--------------------------------------------------------------------------------------------
const                        3.4036      0.049     69.800      0.000       3.308       3.499
FLead                        0.0464      0.008      5.772      0.000       0.031       0.062
mean_pooled                 -0.2345      0.004    -52.360      0.000      -0.243      -0.226
kim_violence_gore            0.0125      0.003      4.886      0.000       0.007       0.017
kim_sex_nudity               0.0113      0.002      5.550      0.000       0.007       0.015
kim_language                -0.0150      0.002     -8.012      0.000      -0.019      -0.011
major                       -0.0347      0.008     -4.299      0.000      -0.050      -0.019
log_bom_opening_theaters     0.0024      0.002      1.504      0.133      -0.001       0.006
genres_count                -0.0089      0.007     -1.307      0.191      -0.022       0.004
yr_1993                     -0.0062      0.034     -0.179      0.858      -0.074       0.061
yr_1994                     -0.0036      0.035     -0.101      0.920      -0.073       0.066
yr_1995                      0.0436      0.035      1.254      0.210      -0.025       0.112
yr_1996                      0.0079      0.034      0.232      0.816      -0.059       0.075
yr_1997                      0.0132      0.035      0.380      0.704      -0.055       0.081
yr_1998                      0.0591      0.033      1.766      0.077      -0.007       0.125
yr_1999                      0.0603      0.033      1.847      0.065      -0.004       0.124
yr_2000                     -0.0083      0.034     -0.248      0.804      -0.074       0.058
yr_2001                      0.0558      0.033      1.689      0.091      -0.009       0.121
yr_2002                      0.0164      0.032      0.504      0.614      -0.047       0.080
yr_2003                   5.713e-05      0.033      0.002      0.999      -0.064       0.064
yr_2004                      0.0624      0.032      1.920      0.055      -0.001       0.126
yr_2005                      0.0482      0.032      1.496      0.135      -0.015       0.111
yr_2006                      0.0970      0.032      3.029      0.002       0.034       0.160
yr_2007                      0.1110      0.032      3.484      0.001       0.049       0.174
yr_2008                      0.0535      0.032      1.668      0.095      -0.009       0.116
yr_2009                      0.0333      0.033      1.024      0.306      -0.030       0.097
yr_2010                      0.0270      0.032      0.834      0.404      -0.037       0.091
yr_2011                      0.0300      0.032      0.941      0.347      -0.032       0.092
yr_2012                      0.0138      0.032      0.434      0.664      -0.048       0.076
yr_2013                      0.0063      0.032      0.197      0.844      -0.056       0.069
yr_2014                      0.0396      0.032      1.229      0.219      -0.024       0.103
yr_2015                     -0.0314      0.032     -0.980      0.327      -0.094       0.031
yr_2016                     -0.0342      0.032     -1.060      0.289      -0.097       0.029
yr_2017                      0.0226      0.033      0.693      0.488      -0.041       0.086
yr_2018                      0.0157      0.033      0.482      0.630      -0.048       0.080
mo_2                         0.0095      0.019      0.487      0.626      -0.029       0.048
mo_3                        -0.0038      0.019     -0.206      0.837      -0.040       0.033
mo_4                         0.0010      0.019      0.051      0.959      -0.036       0.038
mo_5                        -0.0130      0.020     -0.656      0.512      -0.052       0.026
mo_6                        -0.0259      0.019     -1.326      0.185      -0.064       0.012
mo_7                        -0.0238      0.019     -1.255      0.210      -0.061       0.013
mo_8                        -0.0248      0.018     -1.360      0.174      -0.061       0.011
mo_9                        -0.0273      0.019     -1.470      0.142      -0.064       0.009
mo_10                       -0.0074      0.018     -0.404      0.686      -0.043       0.028
mo_11                       -0.0239      0.019     -1.271      0.204      -0.061       0.013
mo_12                       -0.0300      0.018     -1.652      0.099      -0.066       0.006
genre_Action                -0.0543      0.011     -5.116      0.000      -0.075      -0.033
genre_Adventure             -0.0057      0.011     -0.504      0.614      -0.028       0.016
genre_Animation             -0.0276      0.018     -1.534      0.125      -0.063       0.008
genre_Biography             -0.0951      0.014     -6.694      0.000      -0.123      -0.067
genre_Comedy                -0.0031      0.010     -0.320      0.749      -0.022       0.016
genre_Crime                 -0.0885      0.010     -8.631      0.000      -0.109      -0.068
genre_Drama                  0.0101      0.009      1.074      0.283      -0.008       0.029
genre_Family                 0.0710      0.015      4.864      0.000       0.042       0.100
genre_Fantasy                0.0044      0.013      0.349      0.727      -0.020       0.029
genre_History                0.0176      0.020      0.862      0.389      -0.022       0.058
genre_Horror                -0.0332      0.015     -2.274      0.023      -0.062      -0.005
genre_Music                  0.1113      0.019      5.814      0.000       0.074       0.149
genre_Musical                0.3209      0.043      7.425      0.000       0.236       0.406
genre_Mystery               -0.0589      0.013     -4.675      0.000      -0.084      -0.034
genre_News               -1.904e-17   7.24e-18     -2.631      0.009   -3.32e-17   -4.85e-18
genre_Romance               -0.0184      0.010     -1.788      0.074      -0.039       0.002
genre_Sci_Fi                -0.0126      0.014     -0.929      0.353      -0.039       0.014
genre_Short              -1.051e-17   3.95e-18     -2.663      0.008   -1.82e-17   -2.77e-18
genre_Sport                 -0.0342      0.021     -1.652      0.099      -0.075       0.006
genre_Thriller              -0.0739      0.011     -6.934      0.000      -0.095      -0.053
genre_War                    0.0064      0.029      0.221      0.825      -0.051       0.064
genre_Western               -0.0453      0.052     -0.880      0.379      -0.146       0.056
==============================================================================
Omnibus:                     1671.127   Durbin-Watson:                   2.008
Prob(Omnibus):                  0.000   Jarque-Bera (JB):            13920.631
Skew:                           1.770   Prob(JB):                         0.00
Kurtosis:                      11.411   Cond. No.                     1.02e+16
==============================================================================

Notes:
[1] Standard Errors assume that the covariance matrix of the errors is correctly specified.
[2] The smallest eigenvalue is 6.21e-27. This might indicate that there are
strong multicollinearity problems or that the design matrix is singular.