                            OLS Regression Results                            
==============================================================================
Dep. Variable:              sd_pooled   R-squared:                       0.560
Model:                            OLS   Adj. R-squared:                  0.553
Method:                 Least Squares   F-statistic:                     78.48
Date:                Tue, 31 Mar 2026   Prob (F-statistic):               0.00
Time:                        14:22:59   Log-Likelihood:                 524.07
No. Observations:                4012   AIC:                            -918.1
Df Residuals:                    3947   BIC:                            -508.8
Df Model:                          64                                         
Covariance Type:            nonrobust                                         
============================================================================================
                               coef    std err          t      P>|t|      [0.025      0.975]
--------------------------------------------------------------------------------------------
const                        3.3901      0.049     69.763      0.000       3.295       3.485
FLead                        0.0476      0.008      5.907      0.000       0.032       0.063
mean_pooled                 -0.2345      0.004    -53.072      0.000      -0.243      -0.226
kim_violence_gore            0.0136      0.003      5.354      0.000       0.009       0.019
kim_sex_nudity               0.0073      0.002      3.677      0.000       0.003       0.011
kim_language                -0.0135      0.002     -7.223      0.000      -0.017      -0.010
major                       -0.0395      0.008     -4.900      0.000      -0.055      -0.024
log_bom_opening_theaters     0.0053      0.002      2.992      0.003       0.002       0.009
genres_count                -0.0117      0.007     -1.718      0.086      -0.025       0.002
yr_1993                     -0.0089      0.035     -0.258      0.796      -0.077       0.059
yr_1994                     -0.0044      0.035     -0.124      0.902      -0.073       0.065
yr_1995                      0.0406      0.035      1.168      0.243      -0.028       0.109
yr_1996                      0.0033      0.034      0.098      0.922      -0.063       0.070
yr_1997                      0.0065      0.035      0.187      0.852      -0.062       0.075
yr_1998                      0.0572      0.034      1.705      0.088      -0.009       0.123
yr_1999                      0.0595      0.033      1.821      0.069      -0.005       0.124
yr_2000                     -0.0071      0.034     -0.210      0.834      -0.073       0.059
yr_2001                      0.0595      0.033      1.800      0.072      -0.005       0.124
yr_2002                      0.0170      0.033      0.522      0.602      -0.047       0.081
yr_2003                      0.0023      0.033      0.070      0.945      -0.062       0.066
yr_2004                      0.0662      0.033      2.037      0.042       0.002       0.130
yr_2005                      0.0503      0.032      1.561      0.119      -0.013       0.114
yr_2006                      0.1006      0.032      3.141      0.002       0.038       0.163
yr_2007                      0.1137      0.032      3.563      0.000       0.051       0.176
yr_2008                      0.0548      0.032      1.706      0.088      -0.008       0.118
yr_2009                      0.0374      0.033      1.149      0.251      -0.026       0.101
yr_2010                      0.0296      0.032      0.911      0.362      -0.034       0.093
yr_2011                      0.0334      0.032      1.049      0.294      -0.029       0.096
yr_2012                      0.0165      0.032      0.520      0.603      -0.046       0.079
yr_2013                      0.0101      0.032      0.317      0.751      -0.052       0.073
yr_2014                      0.0402      0.032      1.245      0.213      -0.023       0.104
yr_2015                     -0.0314      0.032     -0.978      0.328      -0.094       0.032
yr_2016                     -0.0360      0.032     -1.116      0.265      -0.099       0.027
yr_2017                      0.0211      0.033      0.647      0.518      -0.043       0.085
yr_2018                      0.0128      0.033      0.390      0.696      -0.051       0.077
mo_2                         0.0097      0.019      0.495      0.621      -0.029       0.048
mo_3                        -0.0032      0.019     -0.173      0.863      -0.040       0.033
mo_4                         0.0018      0.019      0.095      0.924      -0.035       0.039
mo_5                        -0.0100      0.020     -0.507      0.613      -0.049       0.029
mo_6                        -0.0241      0.019     -1.238      0.216      -0.062       0.014
mo_7                        -0.0222      0.019     -1.171      0.242      -0.059       0.015
mo_8                        -0.0234      0.018     -1.279      0.201      -0.059       0.012
mo_9                        -0.0264      0.019     -1.419      0.156      -0.063       0.010
mo_10                       -0.0057      0.018     -0.314      0.754      -0.042       0.030
mo_11                       -0.0217      0.019     -1.156      0.248      -0.059       0.015
mo_12                       -0.0252      0.018     -1.389      0.165      -0.061       0.010
genre_Action                -0.0579      0.011     -5.455      0.000      -0.079      -0.037
genre_Adventure             -0.0066      0.011     -0.590      0.555      -0.029       0.015
genre_Animation             -0.0294      0.018     -1.632      0.103      -0.065       0.006
genre_Biography             -0.0910      0.014     -6.378      0.000      -0.119      -0.063
genre_Comedy                 0.0001      0.010      0.014      0.989      -0.019       0.019
genre_Crime                 -0.0881      0.010     -8.584      0.000      -0.108      -0.068
genre_Drama                  0.0152      0.010      1.593      0.111      -0.004       0.034
genre_Family                 0.0672      0.015      4.612      0.000       0.039       0.096
genre_Fantasy                0.0056      0.013      0.441      0.660      -0.019       0.030
genre_History                0.0184      0.020      0.900      0.368      -0.022       0.059
genre_Horror                -0.0387      0.015     -2.649      0.008      -0.067      -0.010
genre_Music                  0.1132      0.019      5.907      0.000       0.076       0.151
genre_Musical                0.3218      0.043      7.436      0.000       0.237       0.407
genre_Mystery               -0.0575      0.013     -4.561      0.000      -0.082      -0.033
genre_News                2.797e-18   3.04e-18      0.920      0.358   -3.16e-18    8.76e-18
genre_Romance               -0.0122      0.010     -1.195      0.232      -0.032       0.008
genre_Sci_Fi                -0.0123      0.014     -0.901      0.367      -0.039       0.014
genre_Short               4.611e-18   2.55e-18      1.809      0.071   -3.88e-19    9.61e-18
genre_Sport                 -0.0376      0.021     -1.811      0.070      -0.078       0.003
genre_Thriller              -0.0748      0.011     -7.008      0.000      -0.096      -0.054
genre_War                    0.0038      0.029      0.130      0.897      -0.053       0.061
genre_Western               -0.0510      0.052     -0.988      0.323      -0.152       0.050
==============================================================================
Omnibus:                     1634.772   Durbin-Watson:                   2.004
Prob(Omnibus):                  0.000   Jarque-Bera (JB):            12991.413
Skew:                           1.739   Prob(JB):                         0.00
Kurtosis:                      11.100   Cond. No.                     1.02e+16
==============================================================================

Notes:
[1] Standard Errors assume that the covariance matrix of the errors is correctly specified.
[2] The smallest eigenvalue is 6.4e-27. This might indicate that there are
strong multicollinearity problems or that the design matrix is singular.