                            OLS Regression Results                            
==============================================================================
Dep. Variable:              sd_pooled   R-squared:                       0.561
Model:                            OLS   Adj. R-squared:                  0.554
Method:                 Least Squares   F-statistic:                     78.84
Date:                Tue, 31 Mar 2026   Prob (F-statistic):               0.00
Time:                        20:40:45   Log-Likelihood:                 529.22
No. Observations:                4012   AIC:                            -928.4
Df Residuals:                    3947   BIC:                            -519.1
Df Model:                          64                                         
Covariance Type:            nonrobust                                         
============================================================================================
                               coef    std err          t      P>|t|      [0.025      0.975]
--------------------------------------------------------------------------------------------
const                        3.4087      0.049     69.929      0.000       3.313       3.504
FLead                        0.0466      0.008      5.794      0.000       0.031       0.062
mean_pooled                 -0.2350      0.004    -52.707      0.000      -0.244      -0.226
kim_violence_gore            0.0125      0.003      4.903      0.000       0.008       0.018
kim_sex_nudity               0.0112      0.002      5.513      0.000       0.007       0.015
kim_language                -0.0149      0.002     -7.973      0.000      -0.019      -0.011
major                       -0.0337      0.008     -4.184      0.000      -0.049      -0.018
log_bom_opening_theaters     0.0020      0.002      1.201      0.230      -0.001       0.005
genres_count                -0.0085      0.007     -1.248      0.212      -0.022       0.005
yr_1993                     -0.0071      0.034     -0.206      0.837      -0.075       0.061
yr_1994                     -0.0047      0.035     -0.134      0.894      -0.074       0.064
yr_1995                      0.0425      0.035      1.223      0.221      -0.026       0.111
yr_1996                      0.0074      0.034      0.216      0.829      -0.059       0.074
yr_1997                      0.0126      0.035      0.363      0.717      -0.055       0.081
yr_1998                      0.0587      0.033      1.754      0.080      -0.007       0.124
yr_1999                      0.0584      0.033      1.792      0.073      -0.006       0.122
yr_2000                     -0.0089      0.034     -0.266      0.790      -0.075       0.057
yr_2001                      0.0547      0.033      1.657      0.098      -0.010       0.119
yr_2002                      0.0151      0.032      0.464      0.643      -0.049       0.079
yr_2003                     -0.0012      0.033     -0.035      0.972      -0.065       0.063
yr_2004                      0.0611      0.032      1.882      0.060      -0.003       0.125
yr_2005                      0.0463      0.032      1.437      0.151      -0.017       0.109
yr_2006                      0.0956      0.032      2.987      0.003       0.033       0.158
yr_2007                      0.1113      0.032      3.493      0.000       0.049       0.174
yr_2008                      0.0530      0.032      1.651      0.099      -0.010       0.116
yr_2009                      0.0320      0.033      0.986      0.324      -0.032       0.096
yr_2010                      0.0252      0.032      0.779      0.436      -0.038       0.089
yr_2011                      0.0282      0.032      0.887      0.375      -0.034       0.091
yr_2012                      0.0120      0.032      0.379      0.705      -0.050       0.074
yr_2013                      0.0048      0.032      0.150      0.881      -0.058       0.067
yr_2014                      0.0385      0.032      1.195      0.232      -0.025       0.102
yr_2015                     -0.0328      0.032     -1.025      0.305      -0.096       0.030
yr_2016                     -0.0355      0.032     -1.100      0.271      -0.099       0.028
yr_2017                      0.0216      0.033      0.662      0.508      -0.042       0.085
yr_2018                      0.0152      0.033      0.466      0.641      -0.049       0.079
mo_2                         0.0091      0.019      0.469      0.639      -0.029       0.047
mo_3                        -0.0048      0.019     -0.257      0.797      -0.041       0.032
mo_4                         0.0004      0.019      0.019      0.985      -0.036       0.037
mo_5                        -0.0142      0.020     -0.720      0.472      -0.053       0.024
mo_6                        -0.0266      0.019     -1.365      0.172      -0.065       0.012
mo_7                        -0.0252      0.019     -1.330      0.183      -0.062       0.012
mo_8                        -0.0250      0.018     -1.367      0.172      -0.061       0.011
mo_9                        -0.0277      0.019     -1.491      0.136      -0.064       0.009
mo_10                       -0.0081      0.018     -0.443      0.658      -0.044       0.028
mo_11                       -0.0250      0.019     -1.333      0.183      -0.062       0.012
mo_12                       -0.0319      0.018     -1.766      0.078      -0.067       0.004
genre_Action                -0.0540      0.011     -5.089      0.000      -0.075      -0.033
genre_Adventure             -0.0053      0.011     -0.471      0.638      -0.027       0.017
genre_Animation             -0.0271      0.018     -1.506      0.132      -0.062       0.008
genre_Biography             -0.0954      0.014     -6.719      0.000      -0.123      -0.068
genre_Comedy                -0.0030      0.010     -0.319      0.750      -0.022       0.016
genre_Crime                 -0.0884      0.010     -8.624      0.000      -0.109      -0.068
genre_Drama                  0.0095      0.009      1.005      0.315      -0.009       0.028
genre_Family                 0.0718      0.015      4.923      0.000       0.043       0.100
genre_Fantasy                0.0050      0.013      0.396      0.692      -0.020       0.030
genre_History                0.0178      0.020      0.872      0.383      -0.022       0.058
genre_Horror                -0.0332      0.015     -2.271      0.023      -0.062      -0.005
genre_Music                  0.1118      0.019      5.840      0.000       0.074       0.149
genre_Musical                0.3192      0.043      7.383      0.000       0.234       0.404
genre_Mystery               -0.0590      0.013     -4.684      0.000      -0.084      -0.034
genre_News               -1.685e-18   4.22e-18     -0.399      0.690   -9.97e-18     6.6e-18
genre_Romance               -0.0182      0.010     -1.762      0.078      -0.038       0.002
genre_Sci_Fi                -0.0125      0.014     -0.921      0.357      -0.039       0.014
genre_Short               8.302e-18    2.4e-18      3.465      0.001     3.6e-18     1.3e-17
genre_Sport                 -0.0335      0.021     -1.621      0.105      -0.074       0.007
genre_Thriller              -0.0738      0.011     -6.923      0.000      -0.095      -0.053
genre_War                    0.0054      0.029      0.186      0.852      -0.052       0.063
genre_Western               -0.0455      0.052     -0.883      0.377      -0.146       0.056
==============================================================================
Omnibus:                     1677.099   Durbin-Watson:                   2.008
Prob(Omnibus):                  0.000   Jarque-Bera (JB):            14053.740
Skew:                           1.776   Prob(JB):                         0.00
Kurtosis:                      11.453   Cond. No.                     1.02e+16
==============================================================================

Notes:
[1] Standard Errors assume that the covariance matrix of the errors is correctly specified.
[2] The smallest eigenvalue is 6.37e-27. This might indicate that there are
strong multicollinearity problems or that the design matrix is singular.