                            OLS Regression Results                            
==============================================================================
Dep. Variable:              sd_pooled   R-squared:                       0.559
Model:                            OLS   Adj. R-squared:                  0.552
Method:                 Least Squares   F-statistic:                     78.23
Date:                Sun, 29 Mar 2026   Prob (F-statistic):               0.00
Time:                        15:48:08   Log-Likelihood:                 520.56
No. Observations:                4012   AIC:                            -911.1
Df Residuals:                    3947   BIC:                            -501.8
Df Model:                          64                                         
Covariance Type:            nonrobust                                         
============================================================================================
                               coef    std err          t      P>|t|      [0.025      0.975]
--------------------------------------------------------------------------------------------
const                        3.3988      0.049     69.927      0.000       3.303       3.494
FLead                        0.0486      0.008      6.031      0.000       0.033       0.064
mean_pooled                 -0.2353      0.004    -53.352      0.000      -0.244      -0.227
kim_violence_gore            0.0145      0.003      5.777      0.000       0.010       0.019
kim_sex_nudity               0.0046      0.002      2.570      0.010       0.001       0.008
kim_language                -0.0127      0.002     -6.816      0.000      -0.016      -0.009
major                       -0.0390      0.008     -4.834      0.000      -0.055      -0.023
log_bom_opening_theaters     0.0050      0.002      2.806      0.005       0.001       0.008
genres_count                -0.0130      0.007     -1.922      0.055      -0.026       0.000
yr_1993                     -0.0073      0.035     -0.210      0.833      -0.075       0.060
yr_1994                     -0.0017      0.035     -0.048      0.962      -0.071       0.068
yr_1995                      0.0411      0.035      1.182      0.237      -0.027       0.109
yr_1996                      0.0048      0.034      0.140      0.889      -0.062       0.072
yr_1997                      0.0059      0.035      0.170      0.865      -0.062       0.074
yr_1998                      0.0584      0.034      1.741      0.082      -0.007       0.124
yr_1999                      0.0629      0.033      1.924      0.054      -0.001       0.127
yr_2000                     -0.0032      0.034     -0.095      0.924      -0.069       0.063
yr_2001                      0.0627      0.033      1.895      0.058      -0.002       0.128
yr_2002                      0.0187      0.033      0.574      0.566      -0.045       0.083
yr_2003                      0.0072      0.033      0.221      0.825      -0.057       0.071
yr_2004                      0.0712      0.032      2.191      0.029       0.007       0.135
yr_2005                      0.0552      0.032      1.713      0.087      -0.008       0.118
yr_2006                      0.1061      0.032      3.313      0.001       0.043       0.169
yr_2007                      0.1189      0.032      3.729      0.000       0.056       0.181
yr_2008                      0.0606      0.032      1.886      0.059      -0.002       0.124
yr_2009                      0.0440      0.032      1.355      0.175      -0.020       0.108
yr_2010                      0.0354      0.032      1.091      0.276      -0.028       0.099
yr_2011                      0.0384      0.032      1.205      0.228      -0.024       0.101
yr_2012                      0.0205      0.032      0.647      0.517      -0.042       0.083
yr_2013                      0.0131      0.032      0.411      0.681      -0.049       0.076
yr_2014                      0.0435      0.032      1.345      0.179      -0.020       0.107
yr_2015                     -0.0269      0.032     -0.838      0.402      -0.090       0.036
yr_2016                     -0.0329      0.032     -1.018      0.309      -0.096       0.030
yr_2017                      0.0252      0.033      0.772      0.440      -0.039       0.089
yr_2018                      0.0156      0.033      0.475      0.635      -0.049       0.080
mo_2                         0.0102      0.020      0.521      0.602      -0.028       0.048
mo_3                        -0.0030      0.019     -0.162      0.871      -0.039       0.033
mo_4                         0.0020      0.019      0.109      0.913      -0.035       0.039
mo_5                        -0.0097      0.020     -0.489      0.625      -0.048       0.029
mo_6                        -0.0228      0.020     -1.168      0.243      -0.061       0.015
mo_7                        -0.0215      0.019     -1.134      0.257      -0.059       0.016
mo_8                        -0.0238      0.018     -1.301      0.193      -0.060       0.012
mo_9                        -0.0251      0.019     -1.350      0.177      -0.062       0.011
mo_10                       -0.0062      0.018     -0.337      0.736      -0.042       0.030
mo_11                       -0.0205      0.019     -1.090      0.276      -0.057       0.016
mo_12                       -0.0254      0.018     -1.398      0.162      -0.061       0.010
genre_Action                -0.0614      0.011     -5.801      0.000      -0.082      -0.041
genre_Adventure             -0.0061      0.011     -0.541      0.588      -0.028       0.016
genre_Animation             -0.0315      0.018     -1.748      0.081      -0.067       0.004
genre_Biography             -0.0896      0.014     -6.279      0.000      -0.118      -0.062
genre_Comedy                 0.0024      0.009      0.248      0.804      -0.016       0.021
genre_Crime                 -0.0879      0.010     -8.560      0.000      -0.108      -0.068
genre_Drama                  0.0153      0.010      1.606      0.108      -0.003       0.034
genre_Family                 0.0632      0.015      4.351      0.000       0.035       0.092
genre_Fantasy                0.0066      0.013      0.519      0.604      -0.018       0.031
genre_History                0.0191      0.020      0.932      0.352      -0.021       0.059
genre_Horror                -0.0407      0.015     -2.792      0.005      -0.069      -0.012
genre_Music                  0.1163      0.019      6.071      0.000       0.079       0.154
genre_Musical                0.3277      0.043      7.570      0.000       0.243       0.413
genre_Mystery               -0.0573      0.013     -4.544      0.000      -0.082      -0.033
genre_News                1.036e-17   3.81e-18      2.718      0.007    2.89e-18    1.78e-17
genre_Romance               -0.0082      0.010     -0.809      0.418      -0.028       0.012
genre_Sci_Fi                -0.0134      0.014     -0.988      0.323      -0.040       0.013
genre_Short                -8.5e-18   1.74e-18     -4.895      0.000   -1.19e-17    -5.1e-18
genre_Sport                 -0.0374      0.021     -1.800      0.072      -0.078       0.003
genre_Thriller              -0.0756      0.011     -7.079      0.000      -0.097      -0.055
genre_War                    0.0008      0.029      0.028      0.978      -0.056       0.058
genre_Western               -0.0552      0.052     -1.069      0.285      -0.156       0.046
==============================================================================
Omnibus:                     1649.052   Durbin-Watson:                   2.007
Prob(Omnibus):                  0.000   Jarque-Bera (JB):            13292.554
Skew:                           1.753   Prob(JB):                         0.00
Kurtosis:                      11.199   Cond. No.                     1.02e+16
==============================================================================

Notes:
[1] Standard Errors assume that the covariance matrix of the errors is correctly specified.
[2] The smallest eigenvalue is 6.4e-27. This might indicate that there are
strong multicollinearity problems or that the design matrix is singular.