                            OLS Regression Results                            
==============================================================================
Dep. Variable:              sd_pooled   R-squared:                       0.560
Model:                            OLS   Adj. R-squared:                  0.552
Method:                 Least Squares   F-statistic:                     78.33
Date:                Tue, 31 Mar 2026   Prob (F-statistic):               0.00
Time:                        20:25:32   Log-Likelihood:                 522.06
No. Observations:                4012   AIC:                            -914.1
Df Residuals:                    3947   BIC:                            -504.8
Df Model:                          64                                         
Covariance Type:            nonrobust                                         
============================================================================================
                               coef    std err          t      P>|t|      [0.025      0.975]
--------------------------------------------------------------------------------------------
const                        3.3918      0.049     69.569      0.000       3.296       3.487
FLead                        0.0483      0.008      5.992      0.000       0.032       0.064
mean_pooled                 -0.2349      0.004    -53.204      0.000      -0.244      -0.226
kim_violence_gore            0.0144      0.003      5.718      0.000       0.009       0.019
kim_sex_nudity               0.0055      0.002      3.090      0.002       0.002       0.009
kim_language                -0.0131      0.002     -7.003      0.000      -0.017      -0.009
major                       -0.0391      0.008     -4.847      0.000      -0.055      -0.023
log_bom_opening_theaters     0.0053      0.002      2.988      0.003       0.002       0.009
genres_count                -0.0127      0.007     -1.885      0.060      -0.026       0.001
yr_1993                     -0.0062      0.035     -0.180      0.857      -0.074       0.061
yr_1994                      0.0014      0.035      0.040      0.968      -0.068       0.071
yr_1995                      0.0422      0.035      1.214      0.225      -0.026       0.110
yr_1996                      0.0064      0.034      0.188      0.851      -0.061       0.073
yr_1997                      0.0075      0.035      0.215      0.830      -0.061       0.076
yr_1998                      0.0580      0.034      1.729      0.084      -0.008       0.124
yr_1999                      0.0652      0.033      1.996      0.046       0.001       0.129
yr_2000                     -0.0015      0.034     -0.044      0.965      -0.067       0.064
yr_2001                      0.0633      0.033      1.916      0.055      -0.001       0.128
yr_2002                      0.0217      0.033      0.668      0.504      -0.042       0.085
yr_2003                      0.0077      0.033      0.234      0.815      -0.056       0.072
yr_2004                      0.0729      0.032      2.246      0.025       0.009       0.137
yr_2005                      0.0573      0.032      1.778      0.075      -0.006       0.120
yr_2006                      0.1085      0.032      3.391      0.001       0.046       0.171
yr_2007                      0.1199      0.032      3.762      0.000       0.057       0.182
yr_2008                      0.0602      0.032      1.876      0.061      -0.003       0.123
yr_2009                      0.0441      0.032      1.359      0.174      -0.020       0.108
yr_2010                      0.0370      0.032      1.142      0.253      -0.027       0.101
yr_2011                      0.0386      0.032      1.212      0.226      -0.024       0.101
yr_2012                      0.0228      0.032      0.719      0.472      -0.039       0.085
yr_2013                      0.0152      0.032      0.476      0.634      -0.047       0.078
yr_2014                      0.0449      0.032      1.390      0.165      -0.018       0.108
yr_2015                     -0.0256      0.032     -0.799      0.424      -0.088       0.037
yr_2016                     -0.0324      0.032     -1.004      0.316      -0.096       0.031
yr_2017                      0.0266      0.033      0.817      0.414      -0.037       0.091
yr_2018                      0.0166      0.033      0.507      0.612      -0.048       0.081
mo_2                         0.0095      0.020      0.487      0.626      -0.029       0.048
mo_3                        -0.0046      0.019     -0.246      0.805      -0.041       0.032
mo_4                         0.0024      0.019      0.127      0.899      -0.034       0.039
mo_5                        -0.0099      0.020     -0.502      0.615      -0.049       0.029
mo_6                        -0.0243      0.020     -1.248      0.212      -0.063       0.014
mo_7                        -0.0214      0.019     -1.129      0.259      -0.059       0.016
mo_8                        -0.0246      0.018     -1.346      0.178      -0.060       0.011
mo_9                        -0.0262      0.019     -1.409      0.159      -0.063       0.010
mo_10                       -0.0065      0.018     -0.353      0.724      -0.042       0.029
mo_11                       -0.0209      0.019     -1.112      0.266      -0.058       0.016
mo_12                       -0.0257      0.018     -1.412      0.158      -0.061       0.010
genre_Action                -0.0605      0.011     -5.721      0.000      -0.081      -0.040
genre_Adventure             -0.0066      0.011     -0.584      0.560      -0.029       0.016
genre_Animation             -0.0300      0.018     -1.666      0.096      -0.065       0.005
genre_Biography             -0.0896      0.014     -6.282      0.000      -0.118      -0.062
genre_Comedy                 0.0018      0.009      0.187      0.852      -0.017       0.020
genre_Crime                 -0.0878      0.010     -8.546      0.000      -0.108      -0.068
genre_Drama                  0.0150      0.010      1.576      0.115      -0.004       0.034
genre_Family                 0.0640      0.015      4.401      0.000       0.035       0.092
genre_Fantasy                0.0066      0.013      0.523      0.601      -0.018       0.031
genre_History                0.0184      0.020      0.898      0.369      -0.022       0.059
genre_Horror                -0.0416      0.015     -2.859      0.004      -0.070      -0.013
genre_Music                  0.1169      0.019      6.108      0.000       0.079       0.154
genre_Musical                0.3249      0.043      7.506      0.000       0.240       0.410
genre_Mystery               -0.0561      0.013     -4.454      0.000      -0.081      -0.031
genre_News               -2.932e-19   6.09e-18     -0.048      0.962   -1.22e-17    1.16e-17
genre_Romance               -0.0089      0.010     -0.879      0.379      -0.029       0.011
genre_Sci_Fi                -0.0136      0.014     -0.999      0.318      -0.040       0.013
genre_Short              -1.332e-18   5.75e-18     -0.232      0.817   -1.26e-17    9.95e-18
genre_Sport                 -0.0385      0.021     -1.854      0.064      -0.079       0.002
genre_Thriller              -0.0758      0.011     -7.105      0.000      -0.097      -0.055
genre_War                    0.0037      0.029      0.127      0.899      -0.054       0.061
genre_Western               -0.0550      0.052     -1.065      0.287      -0.156       0.046
==============================================================================
Omnibus:                     1639.639   Durbin-Watson:                   2.008
Prob(Omnibus):                  0.000   Jarque-Bera (JB):            13005.048
Skew:                           1.746   Prob(JB):                         0.00
Kurtosis:                      11.099   Cond. No.                     1.02e+16
==============================================================================

Notes:
[1] Standard Errors assume that the covariance matrix of the errors is correctly specified.
[2] The smallest eigenvalue is 6.39e-27. This might indicate that there are
strong multicollinearity problems or that the design matrix is singular.