                            OLS Regression Results                            
==============================================================================
Dep. Variable:              sd_pooled   R-squared:                       0.559
Model:                            OLS   Adj. R-squared:                  0.552
Method:                 Least Squares   F-statistic:                     78.33
Date:                Sun, 29 Mar 2026   Prob (F-statistic):               0.00
Time:                        15:48:12   Log-Likelihood:                 521.98
No. Observations:                4012   AIC:                            -914.0
Df Residuals:                    3947   BIC:                            -504.6
Df Model:                          64                                         
Covariance Type:            nonrobust                                         
============================================================================================
                               coef    std err          t      P>|t|      [0.025      0.975]
--------------------------------------------------------------------------------------------
const                        3.3967      0.049     70.010      0.000       3.302       3.492
FLead                        0.0480      0.008      5.948      0.000       0.032       0.064
mean_pooled                 -0.2351      0.004    -53.302      0.000      -0.244      -0.226
kim_violence_gore            0.0142      0.003      5.648      0.000       0.009       0.019
kim_sex_nudity               0.0056      0.002      3.064      0.002       0.002       0.009
kim_language                -0.0132      0.002     -7.007      0.000      -0.017      -0.010
major                       -0.0395      0.008     -4.896      0.000      -0.055      -0.024
log_bom_opening_theaters     0.0051      0.002      2.886      0.004       0.002       0.009
genres_count                -0.0128      0.007     -1.887      0.059      -0.026       0.000
yr_1993                     -0.0076      0.035     -0.220      0.826      -0.075       0.060
yr_1994                     -0.0027      0.035     -0.076      0.939      -0.072       0.066
yr_1995                      0.0424      0.035      1.219      0.223      -0.026       0.111
yr_1996                      0.0049      0.034      0.144      0.886      -0.062       0.072
yr_1997                      0.0076      0.035      0.219      0.827      -0.061       0.076
yr_1998                      0.0581      0.034      1.731      0.084      -0.008       0.124
yr_1999                      0.0634      0.033      1.940      0.052      -0.001       0.127
yr_2000                     -0.0024      0.034     -0.073      0.942      -0.068       0.064
yr_2001                      0.0618      0.033      1.869      0.062      -0.003       0.127
yr_2002                      0.0207      0.033      0.637      0.524      -0.043       0.084
yr_2003                      0.0077      0.033      0.235      0.814      -0.056       0.072
yr_2004                      0.0720      0.032      2.217      0.027       0.008       0.136
yr_2005                      0.0548      0.032      1.701      0.089      -0.008       0.118
yr_2006                      0.1057      0.032      3.303      0.001       0.043       0.168
yr_2007                      0.1175      0.032      3.685      0.000       0.055       0.180
yr_2008                      0.0595      0.032      1.851      0.064      -0.004       0.122
yr_2009                      0.0422      0.032      1.299      0.194      -0.021       0.106
yr_2010                      0.0364      0.032      1.123      0.261      -0.027       0.100
yr_2011                      0.0368      0.032      1.154      0.249      -0.026       0.099
yr_2012                      0.0219      0.032      0.689      0.491      -0.040       0.084
yr_2013                      0.0135      0.032      0.424      0.672      -0.049       0.076
yr_2014                      0.0424      0.032      1.314      0.189      -0.021       0.106
yr_2015                     -0.0265      0.032     -0.828      0.408      -0.089       0.036
yr_2016                     -0.0338      0.032     -1.044      0.296      -0.097       0.030
yr_2017                      0.0234      0.033      0.718      0.473      -0.041       0.087
yr_2018                      0.0167      0.033      0.509      0.611      -0.048       0.081
mo_2                         0.0111      0.020      0.569      0.569      -0.027       0.049
mo_3                        -0.0032      0.019     -0.174      0.862      -0.040       0.033
mo_4                         0.0006      0.019      0.032      0.974      -0.036       0.037
mo_5                        -0.0102      0.020     -0.516      0.606      -0.049       0.029
mo_6                        -0.0239      0.020     -1.227      0.220      -0.062       0.014
mo_7                        -0.0216      0.019     -1.138      0.255      -0.059       0.016
mo_8                        -0.0250      0.018     -1.365      0.172      -0.061       0.011
mo_9                        -0.0260      0.019     -1.400      0.162      -0.063       0.010
mo_10                       -0.0066      0.018     -0.361      0.718      -0.042       0.029
mo_11                       -0.0222      0.019     -1.178      0.239      -0.059       0.015
mo_12                       -0.0252      0.018     -1.384      0.166      -0.061       0.010
genre_Action                -0.0608      0.011     -5.747      0.000      -0.082      -0.040
genre_Adventure             -0.0067      0.011     -0.593      0.553      -0.029       0.015
genre_Animation             -0.0309      0.018     -1.716      0.086      -0.066       0.004
genre_Biography             -0.0894      0.014     -6.270      0.000      -0.117      -0.061
genre_Comedy                 0.0015      0.009      0.158      0.875      -0.017       0.020
genre_Crime                 -0.0878      0.010     -8.544      0.000      -0.108      -0.068
genre_Drama                  0.0145      0.010      1.520      0.129      -0.004       0.033
genre_Family                 0.0646      0.015      4.443      0.000       0.036       0.093
genre_Fantasy                0.0071      0.013      0.561      0.575      -0.018       0.032
genre_History                0.0186      0.020      0.907      0.364      -0.022       0.059
genre_Horror                -0.0410      0.015     -2.814      0.005      -0.070      -0.012
genre_Music                  0.1164      0.019      6.077      0.000       0.079       0.154
genre_Musical                0.3250      0.043      7.509      0.000       0.240       0.410
genre_Mystery               -0.0556      0.013     -4.410      0.000      -0.080      -0.031
genre_News                1.881e-17   6.57e-18      2.864      0.004    5.94e-18    3.17e-17
genre_Romance               -0.0078      0.010     -0.775      0.439      -0.028       0.012
genre_Sci_Fi                -0.0122      0.014     -0.900      0.368      -0.039       0.014
genre_Short               1.925e-18   4.53e-18      0.425      0.671   -6.96e-18    1.08e-17
genre_Sport                 -0.0384      0.021     -1.848      0.065      -0.079       0.002
genre_Thriller              -0.0755      0.011     -7.074      0.000      -0.096      -0.055
genre_War                    0.0024      0.029      0.084      0.933      -0.055       0.060
genre_Western               -0.0568      0.052     -1.100      0.271      -0.158       0.044
==============================================================================
Omnibus:                     1644.732   Durbin-Watson:                   2.008
Prob(Omnibus):                  0.000   Jarque-Bera (JB):            13155.295
Skew:                           1.750   Prob(JB):                         0.00
Kurtosis:                      11.151   Cond. No.                     1.02e+16
==============================================================================

Notes:
[1] Standard Errors assume that the covariance matrix of the errors is correctly specified.
[2] The smallest eigenvalue is 6.39e-27. This might indicate that there are
strong multicollinearity problems or that the design matrix is singular.