                            OLS Regression Results                            
==============================================================================
Dep. Variable:              sd_pooled   R-squared:                       0.559
Model:                            OLS   Adj. R-squared:                  0.552
Method:                 Least Squares   F-statistic:                     78.10
Date:                Sun, 29 Mar 2026   Prob (F-statistic):               0.00
Time:                        15:47:53   Log-Likelihood:                 518.63
No. Observations:                4012   AIC:                            -907.3
Df Residuals:                    3947   BIC:                            -498.0
Df Model:                          64                                         
Covariance Type:            nonrobust                                         
============================================================================================
                               coef    std err          t      P>|t|      [0.025      0.975]
--------------------------------------------------------------------------------------------
const                        3.4034      0.049     69.747      0.000       3.308       3.499
FLead                        0.0488      0.008      6.045      0.000       0.033       0.065
mean_pooled                 -0.2356      0.004    -53.327      0.000      -0.244      -0.227
kim_violence_gore            0.0147      0.003      5.846      0.000       0.010       0.020
kim_sex_nudity               0.0030      0.002      1.672      0.095      -0.001       0.007
kim_language                -0.0122      0.002     -6.485      0.000      -0.016      -0.008
major                       -0.0396      0.008     -4.907      0.000      -0.055      -0.024
log_bom_opening_theaters     0.0050      0.002      2.803      0.005       0.001       0.008
genres_count                -0.0136      0.007     -2.005      0.045      -0.027      -0.000
yr_1993                     -0.0074      0.035     -0.214      0.830      -0.075       0.060
yr_1994                     -0.0027      0.035     -0.076      0.939      -0.072       0.067
yr_1995                      0.0412      0.035      1.185      0.236      -0.027       0.110
yr_1996                      0.0043      0.034      0.125      0.900      -0.063       0.071
yr_1997                      0.0057      0.035      0.163      0.871      -0.063       0.074
yr_1998                      0.0575      0.034      1.712      0.087      -0.008       0.123
yr_1999                      0.0641      0.033      1.961      0.050    1.89e-05       0.128
yr_2000                     -0.0027      0.034     -0.079      0.937      -0.069       0.063
yr_2001                      0.0630      0.033      1.905      0.057      -0.002       0.128
yr_2002                      0.0207      0.033      0.636      0.525      -0.043       0.085
yr_2003                      0.0078      0.033      0.237      0.813      -0.056       0.072
yr_2004                      0.0725      0.032      2.231      0.026       0.009       0.136
yr_2005                      0.0559      0.032      1.733      0.083      -0.007       0.119
yr_2006                      0.1077      0.032      3.364      0.001       0.045       0.170
yr_2007                      0.1201      0.032      3.766      0.000       0.058       0.183
yr_2008                      0.0608      0.032      1.891      0.059      -0.002       0.124
yr_2009                      0.0445      0.033      1.369      0.171      -0.019       0.108
yr_2010                      0.0365      0.032      1.126      0.260      -0.027       0.100
yr_2011                      0.0387      0.032      1.214      0.225      -0.024       0.101
yr_2012                      0.0213      0.032      0.669      0.503      -0.041       0.084
yr_2013                      0.0140      0.032      0.438      0.661      -0.049       0.077
yr_2014                      0.0439      0.032      1.359      0.174      -0.019       0.107
yr_2015                     -0.0260      0.032     -0.812      0.417      -0.089       0.037
yr_2016                     -0.0332      0.032     -1.027      0.304      -0.097       0.030
yr_2017                      0.0260      0.033      0.797      0.426      -0.038       0.090
yr_2018                      0.0165      0.033      0.502      0.616      -0.048       0.081
mo_2                         0.0111      0.020      0.568      0.570      -0.027       0.049
mo_3                        -0.0024      0.019     -0.127      0.899      -0.039       0.034
mo_4                         0.0025      0.019      0.133      0.894      -0.034       0.039
mo_5                        -0.0091      0.020     -0.457      0.647      -0.048       0.030
mo_6                        -0.0226      0.020     -1.158      0.247      -0.061       0.016
mo_7                        -0.0205      0.019     -1.082      0.279      -0.058       0.017
mo_8                        -0.0237      0.018     -1.295      0.195      -0.060       0.012
mo_9                        -0.0250      0.019     -1.344      0.179      -0.062       0.011
mo_10                       -0.0051      0.018     -0.279      0.780      -0.041       0.031
mo_11                       -0.0197      0.019     -1.046      0.295      -0.057       0.017
mo_12                       -0.0246      0.018     -1.350      0.177      -0.060       0.011
genre_Action                -0.0609      0.011     -5.744      0.000      -0.082      -0.040
genre_Adventure             -0.0067      0.011     -0.596      0.551      -0.029       0.015
genre_Animation             -0.0325      0.018     -1.802      0.072      -0.068       0.003
genre_Biography             -0.0896      0.014     -6.280      0.000      -0.118      -0.062
genre_Comedy                 0.0029      0.009      0.305      0.760      -0.016       0.022
genre_Crime                 -0.0885      0.010     -8.599      0.000      -0.109      -0.068
genre_Drama                  0.0152      0.010      1.590      0.112      -0.004       0.034
genre_Family                 0.0641      0.015      4.402      0.000       0.036       0.093
genre_Fantasy                0.0063      0.013      0.494      0.621      -0.019       0.031
genre_History                0.0186      0.020      0.906      0.365      -0.022       0.059
genre_Horror                -0.0414      0.015     -2.834      0.005      -0.070      -0.013
genre_Music                  0.1172      0.019      6.117      0.000       0.080       0.155
genre_Musical                0.3272      0.043      7.555      0.000       0.242       0.412
genre_Mystery               -0.0565      0.013     -4.481      0.000      -0.081      -0.032
genre_News               -2.141e-17   1.24e-17     -1.733      0.083   -4.56e-17    2.81e-18
genre_Romance               -0.0069      0.010     -0.682      0.496      -0.027       0.013
genre_Sci_Fi                -0.0130      0.014     -0.957      0.339      -0.040       0.014
genre_Short               2.062e-18   9.73e-19      2.120      0.034    1.55e-19    3.97e-18
genre_Sport                 -0.0379      0.021     -1.823      0.068      -0.079       0.003
genre_Thriller              -0.0757      0.011     -7.089      0.000      -0.097      -0.055
genre_War                    0.0004      0.029      0.012      0.990      -0.057       0.058
genre_Western               -0.0558      0.052     -1.080      0.280      -0.157       0.045
==============================================================================
Omnibus:                     1637.618   Durbin-Watson:                   2.007
Prob(Omnibus):                  0.000   Jarque-Bera (JB):            12971.689
Skew:                           1.744   Prob(JB):                         0.00
Kurtosis:                      11.089   Cond. No.                     1.02e+16
==============================================================================

Notes:
[1] Standard Errors assume that the covariance matrix of the errors is correctly specified.
[2] The smallest eigenvalue is 6.38e-27. This might indicate that there are
strong multicollinearity problems or that the design matrix is singular.