                            OLS Regression Results                            
==============================================================================
Dep. Variable:              sd_pooled   R-squared:                       0.560
Model:                            OLS   Adj. R-squared:                  0.553
Method:                 Least Squares   F-statistic:                     78.47
Date:                Wed, 01 Apr 2026   Prob (F-statistic):               0.00
Time:                        00:00:19   Log-Likelihood:                 523.93
No. Observations:                4012   AIC:                            -917.9
Df Residuals:                    3947   BIC:                            -508.6
Df Model:                          64                                         
Covariance Type:            nonrobust                                         
============================================================================================
                               coef    std err          t      P>|t|      [0.025      0.975]
--------------------------------------------------------------------------------------------
const                        3.4046      0.049     69.783      0.000       3.309       3.500
FLead                        0.0422      0.008      5.219      0.000       0.026       0.058
mean_pooled                 -0.2319      0.004    -52.678      0.000      -0.241      -0.223
kim_violence_gore           -0.0052      0.003     -1.964      0.050      -0.010   -1.02e-05
kim_sex_nudity               0.0136      0.002      6.873      0.000       0.010       0.018
kim_language                -0.0125      0.002     -6.822      0.000      -0.016      -0.009
major                       -0.0412      0.008     -5.122      0.000      -0.057      -0.025
log_bom_opening_theaters     0.0066      0.002      3.704      0.000       0.003       0.010
genres_count                -0.0039      0.007     -0.588      0.556      -0.017       0.009
yr_1993                      0.0042      0.034      0.123      0.902      -0.063       0.072
yr_1994                      0.0038      0.035      0.106      0.915      -0.065       0.073
yr_1995                      0.0538      0.035      1.546      0.122      -0.014       0.122
yr_1996                      0.0166      0.034      0.487      0.626      -0.050       0.083
yr_1997                      0.0234      0.035      0.674      0.500      -0.045       0.092
yr_1998                      0.0645      0.034      1.925      0.054      -0.001       0.130
yr_1999                      0.0716      0.033      2.195      0.028       0.008       0.136
yr_2000                      0.0004      0.034      0.010      0.992      -0.066       0.066
yr_2001                      0.0734      0.033      2.220      0.026       0.009       0.138
yr_2002                      0.0290      0.033      0.890      0.374      -0.035       0.093
yr_2003                      0.0117      0.033      0.357      0.721      -0.052       0.076
yr_2004                      0.0772      0.033      2.370      0.018       0.013       0.141
yr_2005                      0.0635      0.032      1.970      0.049       0.000       0.127
yr_2006                      0.1154      0.032      3.606      0.000       0.053       0.178
yr_2007                      0.1284      0.032      4.028      0.000       0.066       0.191
yr_2008                      0.0674      0.032      2.100      0.036       0.004       0.130
yr_2009                      0.0487      0.033      1.496      0.135      -0.015       0.113
yr_2010                      0.0430      0.032      1.328      0.184      -0.020       0.107
yr_2011                      0.0456      0.032      1.431      0.153      -0.017       0.108
yr_2012                      0.0308      0.032      0.971      0.332      -0.031       0.093
yr_2013                      0.0234      0.032      0.733      0.463      -0.039       0.086
yr_2014                      0.0516      0.032      1.596      0.111      -0.012       0.115
yr_2015                     -0.0216      0.032     -0.672      0.502      -0.085       0.041
yr_2016                     -0.0222      0.032     -0.687      0.492      -0.086       0.041
yr_2017                      0.0310      0.033      0.949      0.343      -0.033       0.095
yr_2018                      0.0279      0.033      0.850      0.395      -0.036       0.092
mo_2                         0.0078      0.019      0.401      0.688      -0.030       0.046
mo_3                        -0.0045      0.019     -0.245      0.806      -0.041       0.032
mo_4                         0.0022      0.019      0.118      0.906      -0.035       0.039
mo_5                        -0.0129      0.020     -0.653      0.514      -0.052       0.026
mo_6                        -0.0261      0.019     -1.337      0.181      -0.064       0.012
mo_7                        -0.0248      0.019     -1.311      0.190      -0.062       0.012
mo_8                        -0.0270      0.018     -1.477      0.140      -0.063       0.009
mo_9                        -0.0294      0.019     -1.582      0.114      -0.066       0.007
mo_10                       -0.0056      0.018     -0.305      0.760      -0.041       0.030
mo_11                       -0.0243      0.019     -1.292      0.197      -0.061       0.013
mo_12                       -0.0254      0.018     -1.400      0.162      -0.061       0.010
genre_Action                -0.0432      0.010     -4.152      0.000      -0.064      -0.023
genre_Adventure             -0.0030      0.011     -0.262      0.794      -0.025       0.019
genre_Animation             -0.0382      0.018     -2.127      0.033      -0.073      -0.003
genre_Biography             -0.0970      0.014     -6.814      0.000      -0.125      -0.069
genre_Comedy                -0.0216      0.009     -2.415      0.016      -0.039      -0.004
genre_Crime                 -0.0816      0.010     -7.994      0.000      -0.102      -0.062
genre_Drama                  0.0072      0.009      0.760      0.447      -0.011       0.026
genre_Family                 0.0620      0.015      4.265      0.000       0.033       0.090
genre_Fantasy                0.0065      0.013      0.516      0.606      -0.018       0.031
genre_History                0.0245      0.020      1.201      0.230      -0.016       0.065
genre_Horror                -0.0098      0.014     -0.717      0.473      -0.037       0.017
genre_Music                  0.0957      0.019      5.051      0.000       0.059       0.133
genre_Musical                0.3099      0.043      7.165      0.000       0.225       0.395
genre_Mystery               -0.0588      0.013     -4.665      0.000      -0.084      -0.034
genre_News               -9.535e-19   1.19e-17     -0.080      0.936   -2.42e-17    2.23e-17
genre_Romance               -0.0346      0.010     -3.473      0.001      -0.054      -0.015
genre_Sci_Fi                -0.0105      0.014     -0.773      0.440      -0.037       0.016
genre_Short              -1.789e-18   6.93e-18     -0.258      0.796   -1.54e-17    1.18e-17
genre_Sport                 -0.0430      0.021     -2.076      0.038      -0.084      -0.002
genre_Thriller              -0.0719      0.011     -6.743      0.000      -0.093      -0.051
genre_War                    0.0318      0.029      1.100      0.271      -0.025       0.089
genre_Western               -0.0283      0.051     -0.550      0.582      -0.129       0.073
==============================================================================
Omnibus:                     1663.113   Durbin-Watson:                   2.004
Prob(Omnibus):                  0.000   Jarque-Bera (JB):            13728.910
Skew:                           1.763   Prob(JB):                         0.00
Kurtosis:                      11.348   Cond. No.                     1.02e+16
==============================================================================

Notes:
[1] Standard Errors assume that the covariance matrix of the errors is correctly specified.
[2] The smallest eigenvalue is 5.94e-27. This might indicate that there are
strong multicollinearity problems or that the design matrix is singular.