                            OLS Regression Results                            
==============================================================================
Dep. Variable:              sd_pooled   R-squared:                       0.565
Model:                            OLS   Adj. R-squared:                  0.557
Method:                 Least Squares   F-statistic:                     71.84
Date:                Tue, 31 Mar 2026   Prob (F-statistic):               0.00
Time:                        18:58:00   Log-Likelihood:                 505.27
No. Observations:                3611   AIC:                            -880.5
Df Residuals:                    3546   BIC:                            -478.1
Df Model:                          64                                         
Covariance Type:            nonrobust                                         
============================================================================================
                               coef    std err          t      P>|t|      [0.025      0.975]
--------------------------------------------------------------------------------------------
const                        3.3789      0.050     67.258      0.000       3.280       3.477
FLead                        0.0438      0.008      5.198      0.000       0.027       0.060
mean_pooled                 -0.2324      0.005    -50.407      0.000      -0.241      -0.223
kim_violence_gore            0.0113      0.003      4.218      0.000       0.006       0.016
kim_sex_nudity               0.0118      0.002      5.556      0.000       0.008       0.016
kim_language                -0.0148      0.002     -7.544      0.000      -0.019      -0.011
major                       -0.0382      0.008     -4.526      0.000      -0.055      -0.022
log_bom_opening_theaters     0.0047      0.002      2.562      0.010       0.001       0.008
genres_count                -0.0078      0.007     -1.133      0.257      -0.021       0.006
yr_1993                      0.0057      0.035      0.159      0.873      -0.064       0.075
yr_1994                      0.0043      0.036      0.117      0.906      -0.067       0.075
yr_1995                      0.0478      0.036      1.343      0.179      -0.022       0.117
yr_1996                      0.0130      0.035      0.372      0.710      -0.056       0.082
yr_1997                      0.0196      0.036      0.549      0.583      -0.050       0.090
yr_1998                      0.0591      0.034      1.713      0.087      -0.009       0.127
yr_1999                      0.0634      0.033      1.894      0.058      -0.002       0.129
yr_2000                     -0.0056      0.034     -0.163      0.871      -0.073       0.062
yr_2001                      0.0571      0.034      1.670      0.095      -0.010       0.124
yr_2002                      0.0168      0.033      0.505      0.614      -0.049       0.082
yr_2003                      0.0042      0.033      0.127      0.899      -0.061       0.070
yr_2004                      0.0707      0.034      2.107      0.035       0.005       0.136
yr_2005                      0.0505      0.033      1.527      0.127      -0.014       0.115
yr_2006                      0.0989      0.033      3.018      0.003       0.035       0.163
yr_2007                      0.1164      0.033      3.549      0.000       0.052       0.181
yr_2008                      0.0627      0.033      1.890      0.059      -0.002       0.128
yr_2009                      0.0439      0.033      1.317      0.188      -0.021       0.109
yr_2010                      0.0394      0.033      1.182      0.237      -0.026       0.105
yr_2011                      0.0259      0.033      0.791      0.429      -0.038       0.090
yr_2012                      0.0169      0.032      0.521      0.602      -0.047       0.080
yr_2013                     -0.0006      0.033     -0.019      0.985      -0.065       0.064
yr_2014                      0.0467      0.033      1.413      0.158      -0.018       0.111
yr_2015                     -0.0437      0.033     -1.326      0.185      -0.108       0.021
yr_2016                     -0.0225      0.033     -0.675      0.500      -0.088       0.043
yr_2017                      0.0133      0.034      0.397      0.691      -0.053       0.079
yr_2018                      0.0192      0.034      0.572      0.567      -0.047       0.085
mo_2                         0.0061      0.021      0.295      0.768      -0.034       0.047
mo_3                        -0.0073      0.020     -0.373      0.709      -0.046       0.031
mo_4                        -0.0044      0.020     -0.225      0.822      -0.043       0.034
mo_5                        -0.0141      0.021     -0.677      0.498      -0.055       0.027
mo_6                        -0.0354      0.021     -1.720      0.086      -0.076       0.005
mo_7                        -0.0230      0.020     -1.153      0.249      -0.062       0.016
mo_8                        -0.0248      0.019     -1.291      0.197      -0.063       0.013
mo_9                        -0.0305      0.019     -1.569      0.117      -0.069       0.008
mo_10                       -0.0073      0.019     -0.378      0.705      -0.045       0.030
mo_11                       -0.0264      0.020     -1.332      0.183      -0.065       0.012
mo_12                       -0.0375      0.019     -1.957      0.050      -0.075    7.69e-05
genre_Action                -0.0575      0.011     -5.180      0.000      -0.079      -0.036
genre_Adventure             -0.0061      0.012     -0.520      0.603      -0.029       0.017
genre_Animation             -0.0270      0.019     -1.425      0.154      -0.064       0.010
genre_Biography             -0.0926      0.015     -6.203      0.000      -0.122      -0.063
genre_Comedy                -0.0064      0.010     -0.644      0.520      -0.026       0.013
genre_Crime                 -0.0910      0.011     -8.460      0.000      -0.112      -0.070
genre_Drama                  0.0123      0.010      1.234      0.217      -0.007       0.032
genre_Family                 0.0686      0.015      4.520      0.000       0.039       0.098
genre_Fantasy                0.0091      0.013      0.689      0.491      -0.017       0.035
genre_History                0.0117      0.021      0.555      0.579      -0.030       0.053
genre_Horror                -0.0341      0.015     -2.239      0.025      -0.064      -0.004
genre_Music                  0.1071      0.020      5.428      0.000       0.068       0.146
genre_Musical                0.3182      0.043      7.402      0.000       0.234       0.403
genre_Mystery               -0.0585      0.013     -4.414      0.000      -0.084      -0.033
genre_News                3.019e-18    5.6e-18      0.539      0.590   -7.97e-18     1.4e-17
genre_Romance               -0.0198      0.011     -1.846      0.065      -0.041       0.001
genre_Sci_Fi                -0.0158      0.014     -1.101      0.271      -0.044       0.012
genre_Short               3.745e-18   2.15e-18      1.742      0.082   -4.69e-19    7.96e-18
genre_Sport                 -0.0387      0.022     -1.782      0.075      -0.081       0.004
genre_Thriller              -0.0706      0.011     -6.243      0.000      -0.093      -0.048
genre_War                    0.0282      0.031      0.897      0.370      -0.033       0.090
genre_Western               -0.0450      0.051     -0.879      0.379      -0.145       0.055
==============================================================================
Omnibus:                     1479.588   Durbin-Watson:                   2.032
Prob(Omnibus):                  0.000   Jarque-Bera (JB):            12267.494
Skew:                           1.733   Prob(JB):                         0.00
Kurtosis:                      11.338   Cond. No.                     1.02e+16
==============================================================================

Notes:
[1] Standard Errors assume that the covariance matrix of the errors is correctly specified.
[2] The smallest eigenvalue is 5.72e-27. This might indicate that there are
strong multicollinearity problems or that the design matrix is singular.