                            OLS Regression Results                            
==============================================================================
Dep. Variable:              sd_pooled   R-squared:                       0.560
Model:                            OLS   Adj. R-squared:                  0.553
Method:                 Least Squares   F-statistic:                     78.40
Date:                Tue, 31 Mar 2026   Prob (F-statistic):               0.00
Time:                        19:05:30   Log-Likelihood:                 522.96
No. Observations:                4012   AIC:                            -915.9
Df Residuals:                    3947   BIC:                            -506.6
Df Model:                          64                                         
Covariance Type:            nonrobust                                         
============================================================================================
                               coef    std err          t      P>|t|      [0.025      0.975]
--------------------------------------------------------------------------------------------
const                        3.3791      0.049     69.661      0.000       3.284       3.474
FLead                        0.0478      0.008      5.923      0.000       0.032       0.064
mean_pooled                 -0.2344      0.004    -53.113      0.000      -0.243      -0.226
kim_violence_gore            0.0110      0.003      4.325      0.000       0.006       0.016
kim_sex_nudity               0.0105      0.002      5.142      0.000       0.006       0.014
kim_language                -0.0119      0.002     -6.534      0.000      -0.015      -0.008
major                       -0.0393      0.008     -4.872      0.000      -0.055      -0.023
log_bom_opening_theaters     0.0055      0.002      3.104      0.002       0.002       0.009
genres_count                -0.0083      0.007     -1.216      0.224      -0.022       0.005
yr_1993                     -0.0059      0.035     -0.172      0.863      -0.074       0.062
yr_1994                     -0.0040      0.035     -0.112      0.911      -0.073       0.065
yr_1995                      0.0414      0.035      1.190      0.234      -0.027       0.110
yr_1996                      0.0060      0.034      0.177      0.859      -0.061       0.073
yr_1997                      0.0111      0.035      0.319      0.750      -0.057       0.079
yr_1998                      0.0536      0.034      1.598      0.110      -0.012       0.119
yr_1999                      0.0571      0.033      1.748      0.081      -0.007       0.121
yr_2000                     -0.0118      0.034     -0.351      0.726      -0.078       0.054
yr_2001                      0.0535      0.033      1.619      0.106      -0.011       0.118
yr_2002                      0.0143      0.033      0.439      0.660      -0.049       0.078
yr_2003                     -0.0004      0.033     -0.013      0.989      -0.065       0.064
yr_2004                      0.0615      0.033      1.892      0.059      -0.002       0.125
yr_2005                      0.0480      0.032      1.489      0.136      -0.015       0.111
yr_2006                      0.0975      0.032      3.042      0.002       0.035       0.160
yr_2007                      0.1095      0.032      3.431      0.001       0.047       0.172
yr_2008                      0.0514      0.032      1.600      0.110      -0.012       0.114
yr_2009                      0.0312      0.033      0.958      0.338      -0.033       0.095
yr_2010                      0.0258      0.032      0.796      0.426      -0.038       0.089
yr_2011                      0.0280      0.032      0.878      0.380      -0.035       0.091
yr_2012                      0.0132      0.032      0.415      0.678      -0.049       0.075
yr_2013                      0.0054      0.032      0.169      0.866      -0.057       0.068
yr_2014                      0.0361      0.032      1.118      0.264      -0.027       0.099
yr_2015                     -0.0351      0.032     -1.096      0.273      -0.098       0.028
yr_2016                     -0.0387      0.032     -1.199      0.231      -0.102       0.025
yr_2017                      0.0169      0.033      0.520      0.603      -0.047       0.081
yr_2018                      0.0095      0.033      0.291      0.771      -0.055       0.074
mo_2                         0.0114      0.019      0.584      0.559      -0.027       0.050
mo_3                        -0.0027      0.019     -0.147      0.883      -0.039       0.034
mo_4                         0.0036      0.019      0.192      0.848      -0.033       0.040
mo_5                        -0.0080      0.020     -0.405      0.686      -0.047       0.031
mo_6                        -0.0242      0.020     -1.239      0.215      -0.062       0.014
mo_7                        -0.0206      0.019     -1.088      0.276      -0.058       0.017
mo_8                        -0.0235      0.018     -1.285      0.199      -0.059       0.012
mo_9                        -0.0265      0.019     -1.425      0.154      -0.063       0.010
mo_10                       -0.0055      0.018     -0.300      0.764      -0.041       0.030
mo_11                       -0.0216      0.019     -1.148      0.251      -0.058       0.015
mo_12                       -0.0231      0.018     -1.272      0.204      -0.059       0.013
genre_Action                -0.0556      0.011     -5.225      0.000      -0.076      -0.035
genre_Adventure             -0.0042      0.011     -0.370      0.711      -0.026       0.018
genre_Animation             -0.0208      0.018     -1.162      0.245      -0.056       0.014
genre_Biography             -0.0943      0.014     -6.610      0.000      -0.122      -0.066
genre_Comedy                -0.0072      0.010     -0.756      0.450      -0.026       0.011
genre_Crime                 -0.0938      0.010     -9.180      0.000      -0.114      -0.074
genre_Drama                  0.0121      0.010      1.266      0.206      -0.007       0.031
genre_Family                 0.0748      0.015      5.127      0.000       0.046       0.103
genre_Fantasy                0.0072      0.013      0.565      0.572      -0.018       0.032
genre_History                0.0219      0.020      1.071      0.284      -0.018       0.062
genre_Horror                -0.0357      0.015     -2.443      0.015      -0.064      -0.007
genre_Music                  0.1083      0.019      5.652      0.000       0.071       0.146
genre_Musical                0.3224      0.043      7.449      0.000       0.238       0.407
genre_Mystery               -0.0586      0.013     -4.646      0.000      -0.083      -0.034
genre_News               -1.434e-17    4.9e-18     -2.928      0.003   -2.39e-17   -4.74e-18
genre_Romance               -0.0186      0.010     -1.801      0.072      -0.039       0.002
genre_Sci_Fi                -0.0137      0.014     -1.008      0.313      -0.040       0.013
genre_Short               6.692e-18    9.3e-18      0.720      0.472   -1.15e-17    2.49e-17
genre_Sport                 -0.0386      0.021     -1.860      0.063      -0.079       0.002
genre_Thriller              -0.0761      0.011     -7.128      0.000      -0.097      -0.055
genre_War                    0.0094      0.029      0.321      0.748      -0.048       0.067
genre_Western               -0.0470      0.052     -0.911      0.362      -0.148       0.054
==============================================================================
Omnibus:                     1662.169   Durbin-Watson:                   2.008
Prob(Omnibus):                  0.000   Jarque-Bera (JB):            13625.236
Skew:                           1.764   Prob(JB):                         0.00
Kurtosis:                      11.310   Cond. No.                     1.02e+16
==============================================================================

Notes:
[1] Standard Errors assume that the covariance matrix of the errors is correctly specified.
[2] The smallest eigenvalue is 6.39e-27. This might indicate that there are
strong multicollinearity problems or that the design matrix is singular.