                            OLS Regression Results                            
==============================================================================
Dep. Variable:              sd_pooled   R-squared:                       0.562
Model:                            OLS   Adj. R-squared:                  0.555
Method:                 Least Squares   F-statistic:                     79.04
Date:                Tue, 31 Mar 2026   Prob (F-statistic):               0.00
Time:                        23:48:55   Log-Likelihood:                 532.13
No. Observations:                4012   AIC:                            -934.3
Df Residuals:                    3947   BIC:                            -524.9
Df Model:                          64                                         
Covariance Type:            nonrobust                                         
============================================================================================
                               coef    std err          t      P>|t|      [0.025      0.975]
--------------------------------------------------------------------------------------------
const                        3.3901      0.048     70.632      0.000       3.296       3.484
FLead                        0.0467      0.008      5.806      0.000       0.031       0.062
mean_pooled                 -0.2342      0.004    -53.386      0.000      -0.243      -0.226
kim_violence_gore            0.0124      0.003      4.869      0.000       0.007       0.017
kim_sex_nudity               0.0113      0.002      5.586      0.000       0.007       0.015
kim_language                -0.0150      0.002     -7.985      0.000      -0.019      -0.011
major                       -0.0362      0.008     -4.646      0.000      -0.052      -0.021
log_bom_opening_theaters     0.0049      0.002      2.678      0.007       0.001       0.008
genres_count                -0.0090      0.007     -1.331      0.183      -0.022       0.004
yr_1993                     -0.0072      0.034     -0.208      0.835      -0.075       0.060
yr_1994                     -0.0047      0.035     -0.134      0.893      -0.074       0.064
yr_1995                      0.0422      0.035      1.216      0.224      -0.026       0.110
yr_1996                      0.0071      0.034      0.207      0.836      -0.060       0.074
yr_1997                      0.0123      0.035      0.355      0.722      -0.056       0.080
yr_1998                      0.0592      0.033      1.769      0.077      -0.006       0.125
yr_1999                      0.0600      0.033      1.842      0.066      -0.004       0.124
yr_2000                     -0.0084      0.034     -0.251      0.802      -0.074       0.057
yr_2001                      0.0555      0.033      1.683      0.092      -0.009       0.120
yr_2002                      0.0167      0.032      0.516      0.606      -0.047       0.080
yr_2003                      0.0014      0.033      0.043      0.966      -0.063       0.065
yr_2004                      0.0612      0.032      1.887      0.059      -0.002       0.125
yr_2005                      0.0481      0.032      1.494      0.135      -0.015       0.111
yr_2006                      0.0973      0.032      3.042      0.002       0.035       0.160
yr_2007                      0.1106      0.032      3.473      0.001       0.048       0.173
yr_2008                      0.0524      0.032      1.634      0.102      -0.010       0.115
yr_2009                      0.0327      0.032      1.005      0.315      -0.031       0.096
yr_2010                      0.0271      0.032      0.837      0.403      -0.036       0.091
yr_2011                      0.0309      0.032      0.970      0.332      -0.032       0.093
yr_2012                      0.0146      0.032      0.461      0.645      -0.048       0.077
yr_2013                      0.0077      0.032      0.241      0.810      -0.055       0.070
yr_2014                      0.0400      0.032      1.240      0.215      -0.023       0.103
yr_2015                     -0.0306      0.032     -0.957      0.339      -0.093       0.032
yr_2016                     -0.0343      0.032     -1.064      0.287      -0.098       0.029
yr_2017                      0.0219      0.033      0.674      0.501      -0.042       0.086
yr_2018                      0.0157      0.033      0.479      0.632      -0.048       0.080
mo_2                         0.0084      0.019      0.433      0.665      -0.030       0.047
mo_3                        -0.0046      0.019     -0.250      0.803      -0.041       0.032
mo_4                         0.0003      0.019      0.017      0.986      -0.036       0.037
mo_5                        -0.0128      0.020     -0.647      0.518      -0.051       0.026
mo_6                        -0.0257      0.019     -1.318      0.187      -0.064       0.012
mo_7                        -0.0242      0.019     -1.282      0.200      -0.061       0.013
mo_8                        -0.0249      0.018     -1.364      0.173      -0.061       0.011
mo_9                        -0.0284      0.019     -1.529      0.126      -0.065       0.008
mo_10                       -0.0075      0.018     -0.412      0.680      -0.043       0.028
mo_11                       -0.0246      0.019     -1.313      0.189      -0.061       0.012
mo_12                       -0.0283      0.018     -1.564      0.118      -0.064       0.007
genre_Action                -0.0543      0.011     -5.126      0.000      -0.075      -0.034
genre_Adventure             -0.0055      0.011     -0.492      0.623      -0.028       0.017
genre_Animation             -0.0268      0.018     -1.493      0.136      -0.062       0.008
genre_Biography             -0.0940      0.014     -6.620      0.000      -0.122      -0.066
genre_Comedy                -0.0033      0.010     -0.347      0.729      -0.022       0.015
genre_Crime                 -0.0889      0.010     -8.679      0.000      -0.109      -0.069
genre_Drama                  0.0116      0.009      1.232      0.218      -0.007       0.030
genre_Family                 0.0716      0.015      4.916      0.000       0.043       0.100
genre_Fantasy                0.0040      0.013      0.315      0.752      -0.021       0.029
genre_History                0.0173      0.020      0.849      0.396      -0.023       0.057
genre_Horror                -0.0341      0.015     -2.334      0.020      -0.063      -0.005
genre_Music                  0.1115      0.019      5.831      0.000       0.074       0.149
genre_Musical                0.3191      0.043      7.388      0.000       0.234       0.404
genre_Mystery               -0.0586      0.013     -4.657      0.000      -0.083      -0.034
genre_News               -4.375e-18   2.91e-18     -1.506      0.132   -1.01e-17    1.32e-18
genre_Romance               -0.0187      0.010     -1.811      0.070      -0.039       0.002
genre_Sci_Fi                -0.0124      0.014     -0.918      0.359      -0.039       0.014
genre_Short              -7.099e-18   5.82e-18     -1.220      0.222   -1.85e-17    4.31e-18
genre_Sport                 -0.0356      0.021     -1.721      0.085      -0.076       0.005
genre_Thriller              -0.0740      0.011     -6.949      0.000      -0.095      -0.053
genre_War                    0.0085      0.029      0.291      0.771      -0.049       0.066
genre_Western               -0.0464      0.051     -0.901      0.368      -0.147       0.055
==============================================================================
Omnibus:                     1651.342   Durbin-Watson:                   2.006
Prob(Omnibus):                  0.000   Jarque-Bera (JB):            13407.049
Skew:                           1.753   Prob(JB):                         0.00
Kurtosis:                      11.240   Cond. No.                     1.02e+16
==============================================================================

Notes:
[1] Standard Errors assume that the covariance matrix of the errors is correctly specified.
[2] The smallest eigenvalue is 5.96e-27. This might indicate that there are
strong multicollinearity problems or that the design matrix is singular.