                            OLS Regression Results                            
==============================================================================
Dep. Variable:              sd_pooled   R-squared:                       0.562
Model:                            OLS   Adj. R-squared:                  0.555
Method:                 Least Squares   F-statistic:                     79.15
Date:                Tue, 31 Mar 2026   Prob (F-statistic):               0.00
Time:                        23:45:54   Log-Likelihood:                 533.74
No. Observations:                4012   AIC:                            -937.5
Df Residuals:                    3947   BIC:                            -528.2
Df Model:                          64                                         
Covariance Type:            nonrobust                                         
============================================================================================
                               coef    std err          t      P>|t|      [0.025      0.975]
--------------------------------------------------------------------------------------------
const                        3.3833      0.048     70.640      0.000       3.289       3.477
FLead                        0.0464      0.008      5.773      0.000       0.031       0.062
mean_pooled                 -0.2339      0.004    -53.437      0.000      -0.243      -0.225
kim_violence_gore            0.0122      0.003      4.809      0.000       0.007       0.017
kim_sex_nudity               0.0115      0.002      5.653      0.000       0.007       0.015
kim_language                -0.0150      0.002     -8.003      0.000      -0.019      -0.011
major                       -0.0373      0.008     -4.798      0.000      -0.053      -0.022
log_bom_opening_theaters     0.0059      0.002      3.217      0.001       0.002       0.009
genres_count                -0.0094      0.007     -1.393      0.164      -0.023       0.004
yr_1993                     -0.0065      0.034     -0.188      0.851      -0.074       0.061
yr_1994                     -0.0035      0.035     -0.099      0.921      -0.072       0.065
yr_1995                      0.0434      0.035      1.252      0.211      -0.025       0.111
yr_1996                      0.0086      0.034      0.252      0.801      -0.058       0.075
yr_1997                      0.0128      0.035      0.368      0.713      -0.055       0.081
yr_1998                      0.0590      0.033      1.766      0.078      -0.007       0.125
yr_1999                      0.0605      0.033      1.857      0.063      -0.003       0.124
yr_2000                     -0.0079      0.034     -0.237      0.813      -0.074       0.058
yr_2001                      0.0570      0.033      1.727      0.084      -0.008       0.122
yr_2002                      0.0168      0.032      0.519      0.604      -0.047       0.080
yr_2003                      0.0005      0.033      0.015      0.988      -0.064       0.065
yr_2004                      0.0624      0.032      1.925      0.054      -0.001       0.126
yr_2005                      0.0494      0.032      1.533      0.125      -0.014       0.112
yr_2006                      0.0977      0.032      3.058      0.002       0.035       0.160
yr_2007                      0.1121      0.032      3.520      0.000       0.050       0.174
yr_2008                      0.0544      0.032      1.697      0.090      -0.008       0.117
yr_2009                      0.0327      0.032      1.007      0.314      -0.031       0.096
yr_2010                      0.0279      0.032      0.861      0.389      -0.036       0.091
yr_2011                      0.0324      0.032      1.019      0.308      -0.030       0.095
yr_2012                      0.0156      0.032      0.494      0.621      -0.046       0.078
yr_2013                      0.0085      0.032      0.267      0.789      -0.054       0.071
yr_2014                      0.0409      0.032      1.269      0.205      -0.022       0.104
yr_2015                     -0.0295      0.032     -0.923      0.356      -0.092       0.033
yr_2016                     -0.0334      0.032     -1.037      0.300      -0.097       0.030
yr_2017                      0.0225      0.033      0.691      0.490      -0.041       0.086
yr_2018                      0.0169      0.033      0.517      0.605      -0.047       0.081
mo_2                         0.0079      0.019      0.405      0.685      -0.030       0.046
mo_3                        -0.0041      0.019     -0.220      0.826      -0.040       0.032
mo_4                         0.0002      0.019      0.013      0.990      -0.036       0.037
mo_5                        -0.0125      0.020     -0.631      0.528      -0.051       0.026
mo_6                        -0.0254      0.019     -1.305      0.192      -0.064       0.013
mo_7                        -0.0227      0.019     -1.203      0.229      -0.060       0.014
mo_8                        -0.0248      0.018     -1.362      0.173      -0.061       0.011
mo_9                        -0.0279      0.019     -1.505      0.132      -0.064       0.008
mo_10                       -0.0071      0.018     -0.392      0.695      -0.043       0.029
mo_11                       -0.0242      0.019     -1.291      0.197      -0.061       0.013
mo_12                       -0.0271      0.018     -1.501      0.133      -0.063       0.008
genre_Action                -0.0548      0.011     -5.175      0.000      -0.076      -0.034
genre_Adventure             -0.0052      0.011     -0.466      0.641      -0.027       0.017
genre_Animation             -0.0275      0.018     -1.533      0.125      -0.063       0.008
genre_Biography             -0.0931      0.014     -6.552      0.000      -0.121      -0.065
genre_Comedy                -0.0032      0.010     -0.340      0.734      -0.022       0.015
genre_Crime                 -0.0889      0.010     -8.676      0.000      -0.109      -0.069
genre_Drama                  0.0126      0.009      1.331      0.183      -0.006       0.031
genre_Family                 0.0714      0.015      4.907      0.000       0.043       0.100
genre_Fantasy                0.0039      0.013      0.312      0.755      -0.021       0.029
genre_History                0.0174      0.020      0.852      0.394      -0.023       0.057
genre_Horror                -0.0341      0.015     -2.334      0.020      -0.063      -0.005
genre_Music                  0.1111      0.019      5.811      0.000       0.074       0.149
genre_Musical                0.3198      0.043      7.408      0.000       0.235       0.404
genre_Mystery               -0.0589      0.013     -4.683      0.000      -0.084      -0.034
genre_News               -4.739e-18   2.84e-18     -1.669      0.095   -1.03e-17    8.28e-19
genre_Romance               -0.0187      0.010     -1.816      0.069      -0.039       0.001
genre_Sci_Fi                -0.0117      0.014     -0.863      0.388      -0.038       0.015
genre_Short               2.421e-18   2.15e-18      1.127      0.260   -1.79e-18    6.63e-18
genre_Sport                 -0.0372      0.021     -1.797      0.072      -0.078       0.003
genre_Thriller              -0.0737      0.011     -6.924      0.000      -0.095      -0.053
genre_War                    0.0099      0.029      0.341      0.733      -0.047       0.067
genre_Western               -0.0486      0.051     -0.944      0.345      -0.149       0.052
==============================================================================
Omnibus:                     1642.625   Durbin-Watson:                   2.006
Prob(Omnibus):                  0.000   Jarque-Bera (JB):            13248.812
Skew:                           1.744   Prob(JB):                         0.00
Kurtosis:                      11.191   Cond. No.                     1.02e+16
==============================================================================

Notes:
[1] Standard Errors assume that the covariance matrix of the errors is correctly specified.
[2] The smallest eigenvalue is 5.95e-27. This might indicate that there are
strong multicollinearity problems or that the design matrix is singular.