                            OLS Regression Results                            
==============================================================================
Dep. Variable:              sd_pooled   R-squared:                       0.568
Model:                            OLS   Adj. R-squared:                  0.561
Method:                 Least Squares   F-statistic:                     72.95
Date:                Sun, 29 Mar 2026   Prob (F-statistic):               0.00
Time:                        15:57:34   Log-Likelihood:                 516.46
No. Observations:                3611   AIC:                            -902.9
Df Residuals:                    3546   BIC:                            -500.4
Df Model:                          64                                         
Covariance Type:            nonrobust                                         
============================================================================================
                               coef    std err          t      P>|t|      [0.025      0.975]
--------------------------------------------------------------------------------------------
const                        3.4221      0.051     67.523      0.000       3.323       3.521
FLead                        0.0471      0.008      5.641      0.000       0.031       0.063
mean_pooled                 -0.2381      0.005    -51.227      0.000      -0.247      -0.229
kim_violence_gore            0.0089      0.003      3.148      0.002       0.003       0.014
kim_sex_nudity               0.0124      0.002      5.691      0.000       0.008       0.017
kim_language                -0.0154      0.002     -7.737      0.000      -0.019      -0.011
major                       -0.0360      0.008     -4.264      0.000      -0.053      -0.019
log_bom_opening_theaters     0.0045      0.002      2.455      0.014       0.001       0.008
genres_count                -0.0069      0.007     -0.956      0.339      -0.021       0.007
yr_1993                     -0.0096      0.036     -0.270      0.787      -0.079       0.060
yr_1994                     -0.0155      0.036     -0.428      0.669      -0.087       0.056
yr_1995                      0.0496      0.036      1.384      0.166      -0.021       0.120
yr_1996                      0.0103      0.035      0.294      0.769      -0.059       0.079
yr_1997                      0.0195      0.036      0.544      0.586      -0.051       0.090
yr_1998                      0.0580      0.034      1.685      0.092      -0.010       0.126
yr_1999                      0.0621      0.034      1.841      0.066      -0.004       0.128
yr_2000                     -0.0092      0.035     -0.265      0.791      -0.077       0.059
yr_2001                      0.0573      0.034      1.675      0.094      -0.010       0.124
yr_2002                      0.0140      0.033      0.421      0.674      -0.051       0.079
yr_2003                      0.0021      0.034      0.062      0.951      -0.064       0.068
yr_2004                      0.0595      0.034      1.770      0.077      -0.006       0.126
yr_2005                      0.0522      0.033      1.564      0.118      -0.013       0.118
yr_2006                      0.0967      0.033      2.929      0.003       0.032       0.161
yr_2007                      0.1085      0.033      3.292      0.001       0.044       0.173
yr_2008                      0.0495      0.033      1.501      0.133      -0.015       0.114
yr_2009                      0.0148      0.034      0.436      0.663      -0.052       0.081
yr_2010                      0.0185      0.034      0.551      0.582      -0.047       0.084
yr_2011                      0.0312      0.033      0.952      0.341      -0.033       0.096
yr_2012                      0.0142      0.033      0.436      0.663      -0.050       0.078
yr_2013                      0.0046      0.033      0.139      0.889      -0.060       0.069
yr_2014                      0.0424      0.033      1.278      0.201      -0.023       0.108
yr_2015                     -0.0336      0.033     -1.024      0.306      -0.098       0.031
yr_2016                     -0.0336      0.033     -1.015      0.310      -0.099       0.031
yr_2017                      0.0054      0.034      0.159      0.873      -0.061       0.071
yr_2018                      0.0189      0.034      0.565      0.572      -0.047       0.085
mo_2                         0.0094      0.020      0.462      0.644      -0.030       0.049
mo_3                        -0.0052      0.019     -0.266      0.790      -0.043       0.033
mo_4                        -0.0103      0.020     -0.521      0.603      -0.049       0.028
mo_5                        -0.0123      0.021     -0.596      0.551      -0.053       0.028
mo_6                        -0.0292      0.020     -1.432      0.152      -0.069       0.011
mo_7                        -0.0225      0.020     -1.140      0.254      -0.061       0.016
mo_8                        -0.0298      0.019     -1.545      0.122      -0.068       0.008
mo_9                        -0.0277      0.019     -1.423      0.155      -0.066       0.010
mo_10                       -0.0133      0.019     -0.694      0.487      -0.051       0.024
mo_11                       -0.0302      0.020     -1.535      0.125      -0.069       0.008
mo_12                       -0.0301      0.019     -1.592      0.111      -0.067       0.007
genre_Action                -0.0492      0.011     -4.320      0.000      -0.072      -0.027
genre_Adventure             -0.0054      0.012     -0.460      0.645      -0.029       0.018
genre_Animation             -0.0274      0.018     -1.500      0.134      -0.063       0.008
genre_Biography             -0.0871      0.015     -5.865      0.000      -0.116      -0.058
genre_Comedy                -0.0059      0.010     -0.600      0.548      -0.025       0.013
genre_Crime                 -0.0865      0.011     -7.943      0.000      -0.108      -0.065
genre_Drama                  0.0161      0.010      1.621      0.105      -0.003       0.036
genre_Family                 0.0680      0.015      4.622      0.000       0.039       0.097
genre_Fantasy                0.0047      0.013      0.358      0.720      -0.021       0.030
genre_History               -0.0048      0.022     -0.218      0.828      -0.048       0.038
genre_Horror                -0.0268      0.017     -1.615      0.106      -0.059       0.006
genre_Music                  0.1132      0.020      5.801      0.000       0.075       0.152
genre_Musical                0.3099      0.046      6.753      0.000       0.220       0.400
genre_Mystery               -0.0555      0.014     -4.038      0.000      -0.082      -0.029
genre_News               -1.864e-17   6.68e-18     -2.790      0.005   -3.17e-17   -5.54e-18
genre_Romance               -0.0212      0.011     -2.009      0.045      -0.042      -0.001
genre_Sci_Fi                -0.0076      0.015     -0.522      0.602      -0.036       0.021
genre_Short               3.004e-19   1.13e-18      0.265      0.791   -1.92e-18    2.52e-18
genre_Sport                 -0.0348      0.021     -1.658      0.097      -0.076       0.006
genre_Thriller              -0.0804      0.012     -6.972      0.000      -0.103      -0.058
genre_War                    0.0230      0.033      0.696      0.487      -0.042       0.088
genre_Western               -0.0492      0.055     -0.902      0.367      -0.156       0.058
==============================================================================
Omnibus:                     1298.617   Durbin-Watson:                   1.981
Prob(Omnibus):                  0.000   Jarque-Bera (JB):             7369.489
Skew:                           1.607   Prob(JB):                         0.00
Kurtosis:                       9.216   Cond. No.                     1.02e+16
==============================================================================

Notes:
[1] Standard Errors assume that the covariance matrix of the errors is correctly specified.
[2] The smallest eigenvalue is 5.56e-27. This might indicate that there are
strong multicollinearity problems or that the design matrix is singular.