                            OLS Regression Results                            
==============================================================================
Dep. Variable:              sd_pooled   R-squared:                       0.562
Model:                            OLS   Adj. R-squared:                  0.554
Method:                 Least Squares   F-statistic:                     70.99
Date:                Sun, 29 Mar 2026   Prob (F-statistic):               0.00
Time:                        15:57:24   Log-Likelihood:                 455.44
No. Observations:                3611   AIC:                            -780.9
Df Residuals:                    3546   BIC:                            -378.4
Df Model:                          64                                         
Covariance Type:            nonrobust                                         
============================================================================================
                               coef    std err          t      P>|t|      [0.025      0.975]
--------------------------------------------------------------------------------------------
const                        3.4141      0.051     66.879      0.000       3.314       3.514
FLead                        0.0487      0.009      5.727      0.000       0.032       0.065
mean_pooled                 -0.2380      0.005    -50.096      0.000      -0.247      -0.229
kim_violence_gore            0.0109      0.003      3.840      0.000       0.005       0.016
kim_sex_nudity               0.0125      0.002      5.624      0.000       0.008       0.017
kim_language                -0.0154      0.002     -7.604      0.000      -0.019      -0.011
major                       -0.0411      0.009     -4.776      0.000      -0.058      -0.024
log_bom_opening_theaters     0.0064      0.002      3.425      0.001       0.003       0.010
genres_count                -0.0076      0.007     -1.048      0.295      -0.022       0.007
yr_1993                     -0.0099      0.036     -0.278      0.781      -0.080       0.060
yr_1994                     -0.0043      0.036     -0.118      0.906      -0.075       0.067
yr_1995                      0.0479      0.036      1.339      0.181      -0.022       0.118
yr_1996                      0.0162      0.035      0.461      0.645      -0.053       0.085
yr_1997                      0.0180      0.036      0.498      0.619      -0.053       0.089
yr_1998                      0.0644      0.035      1.861      0.063      -0.003       0.132
yr_1999                      0.0607      0.034      1.811      0.070      -0.005       0.126
yr_2000                     -0.0075      0.035     -0.216      0.829      -0.076       0.061
yr_2001                      0.0645      0.034      1.889      0.059      -0.002       0.131
yr_2002                      0.0213      0.033      0.640      0.522      -0.044       0.087
yr_2003                      0.0005      0.034      0.014      0.989      -0.066       0.067
yr_2004                      0.0551      0.034      1.636      0.102      -0.011       0.121
yr_2005                      0.0462      0.033      1.397      0.162      -0.019       0.111
yr_2006                      0.0937      0.033      2.850      0.004       0.029       0.158
yr_2007                      0.1132      0.033      3.458      0.001       0.049       0.177
yr_2008                      0.0530      0.033      1.598      0.110      -0.012       0.118
yr_2009                      0.0119      0.034      0.353      0.724      -0.054       0.078
yr_2010                      0.0232      0.033      0.691      0.489      -0.043       0.089
yr_2011                      0.0239      0.033      0.729      0.466      -0.040       0.088
yr_2012                      0.0145      0.032      0.447      0.655      -0.049       0.078
yr_2013                      0.0041      0.033      0.126      0.900      -0.060       0.068
yr_2014                      0.0390      0.033      1.179      0.238      -0.026       0.104
yr_2015                     -0.0328      0.033     -0.996      0.319      -0.097       0.032
yr_2016                     -0.0297      0.033     -0.896      0.370      -0.095       0.035
yr_2017                      0.0154      0.034      0.458      0.647      -0.050       0.081
yr_2018                      0.0051      0.034      0.152      0.879      -0.061       0.071
mo_2                         0.0001      0.021      0.007      0.995      -0.040       0.041
mo_3                        -0.0116      0.020     -0.589      0.556      -0.050       0.027
mo_4                        -0.0027      0.020     -0.138      0.890      -0.042       0.036
mo_5                        -0.0192      0.021     -0.918      0.359      -0.060       0.022
mo_6                        -0.0311      0.021     -1.516      0.130      -0.071       0.009
mo_7                        -0.0317      0.020     -1.591      0.112      -0.071       0.007
mo_8                        -0.0332      0.019     -1.710      0.087      -0.071       0.005
mo_9                        -0.0405      0.020     -2.047      0.041      -0.079      -0.002
mo_10                       -0.0103      0.019     -0.531      0.595      -0.048       0.028
mo_11                       -0.0281      0.020     -1.422      0.155      -0.067       0.011
mo_12                       -0.0313      0.019     -1.632      0.103      -0.069       0.006
genre_Action                -0.0588      0.012     -5.057      0.000      -0.082      -0.036
genre_Adventure             -0.0069      0.012     -0.572      0.568      -0.030       0.017
genre_Animation             -0.0246      0.018     -1.328      0.184      -0.061       0.012
genre_Biography             -0.0941      0.015     -6.259      0.000      -0.124      -0.065
genre_Comedy                -0.0099      0.010     -0.982      0.326      -0.030       0.010
genre_Crime                 -0.0843      0.011     -7.561      0.000      -0.106      -0.062
genre_Drama                  0.0146      0.010      1.431      0.153      -0.005       0.035
genre_Family                 0.0688      0.015      4.577      0.000       0.039       0.098
genre_Fantasy                0.0004      0.013      0.032      0.974      -0.026       0.027
genre_History                0.0325      0.022      1.475      0.140      -0.011       0.076
genre_Horror                -0.0363      0.017     -2.174      0.030      -0.069      -0.004
genre_Music                  0.1106      0.020      5.649      0.000       0.072       0.149
genre_Musical                0.3244      0.046      7.115      0.000       0.235       0.414
genre_Mystery               -0.0559      0.014     -4.030      0.000      -0.083      -0.029
genre_News                4.791e-18   4.37e-18      1.097      0.273   -3.77e-18    1.34e-17
genre_Romance               -0.0231      0.011     -2.151      0.032      -0.044      -0.002
genre_Sci_Fi                -0.0102      0.015     -0.679      0.497      -0.040       0.019
genre_Short               2.167e-18   2.98e-18      0.728      0.467   -3.67e-18       8e-18
genre_Sport                 -0.0343      0.021     -1.619      0.106      -0.076       0.007
genre_Thriller              -0.0797      0.012     -6.776      0.000      -0.103      -0.057
genre_War                   -0.0126      0.032     -0.394      0.694      -0.076       0.050
genre_Western               -0.0283      0.058     -0.493      0.622      -0.141       0.084
==============================================================================
Omnibus:                     1450.135   Durbin-Watson:                   2.007
Prob(Omnibus):                  0.000   Jarque-Bera (JB):            11285.158
Skew:                           1.713   Prob(JB):                         0.00
Kurtosis:                      10.954   Cond. No.                     1.02e+16
==============================================================================

Notes:
[1] Standard Errors assume that the covariance matrix of the errors is correctly specified.
[2] The smallest eigenvalue is 5.56e-27. This might indicate that there are
strong multicollinearity problems or that the design matrix is singular.