                            OLS Regression Results                            
==============================================================================
Dep. Variable:              sd_pooled   R-squared:                       0.561
Model:                            OLS   Adj. R-squared:                  0.554
Method:                 Least Squares   F-statistic:                     78.95
Date:                Sun, 29 Mar 2026   Prob (F-statistic):               0.00
Time:                        15:32:41   Log-Likelihood:                 530.85
No. Observations:                4012   AIC:                            -931.7
Df Residuals:                    3947   BIC:                            -522.4
Df Model:                          64                                         
Covariance Type:            nonrobust                                         
============================================================================================
                               coef    std err          t      P>|t|      [0.025      0.975]
--------------------------------------------------------------------------------------------
const                        3.3776      0.048     69.773      0.000       3.283       3.473
FLead                        0.0473      0.008      5.890      0.000       0.032       0.063
mean_pooled                 -0.2337      0.004    -53.020      0.000      -0.242      -0.225
kim_violence_gore            0.0117      0.003      4.619      0.000       0.007       0.017
kim_sex_nudity               0.0113      0.002      5.551      0.000       0.007       0.015
kim_language                -0.0141      0.002     -7.642      0.000      -0.018      -0.010
major                       -0.0393      0.008     -4.892      0.000      -0.055      -0.024
log_bom_opening_theaters     0.0057      0.002      3.237      0.001       0.002       0.009
genres_count                -0.0092      0.007     -1.360      0.174      -0.023       0.004
yr_1993                     -0.0066      0.034     -0.190      0.849      -0.074       0.061
yr_1994                     -0.0027      0.035     -0.076      0.939      -0.072       0.066
yr_1995                      0.0423      0.035      1.219      0.223      -0.026       0.110
yr_1996                      0.0082      0.034      0.240      0.810      -0.059       0.075
yr_1997                      0.0130      0.035      0.375      0.708      -0.055       0.081
yr_1998                      0.0586      0.033      1.750      0.080      -0.007       0.124
yr_1999                      0.0588      0.033      1.803      0.071      -0.005       0.123
yr_2000                     -0.0097      0.034     -0.289      0.773      -0.076       0.056
yr_2001                      0.0562      0.033      1.702      0.089      -0.009       0.121
yr_2002                      0.0153      0.032      0.470      0.638      -0.048       0.079
yr_2003                     -0.0006      0.033     -0.019      0.985      -0.065       0.063
yr_2004                      0.0619      0.032      1.907      0.057      -0.002       0.126
yr_2005                      0.0484      0.032      1.503      0.133      -0.015       0.112
yr_2006                      0.0971      0.032      3.036      0.002       0.034       0.160
yr_2007                      0.1119      0.032      3.513      0.000       0.049       0.174
yr_2008                      0.0528      0.032      1.646      0.100      -0.010       0.116
yr_2009                      0.0310      0.032      0.956      0.339      -0.033       0.095
yr_2010                      0.0275      0.032      0.850      0.395      -0.036       0.091
yr_2011                      0.0292      0.032      0.918      0.358      -0.033       0.092
yr_2012                      0.0152      0.032      0.480      0.631      -0.047       0.077
yr_2013                      0.0075      0.032      0.236      0.814      -0.055       0.070
yr_2014                      0.0387      0.032      1.202      0.230      -0.024       0.102
yr_2015                     -0.0328      0.032     -1.024      0.306      -0.095       0.030
yr_2016                     -0.0368      0.032     -1.141      0.254      -0.100       0.026
yr_2017                      0.0207      0.033      0.637      0.524      -0.043       0.085
yr_2018                      0.0150      0.033      0.459      0.646      -0.049       0.079
mo_2                         0.0084      0.019      0.432      0.666      -0.030       0.047
mo_3                        -0.0037      0.019     -0.198      0.843      -0.040       0.033
mo_4                         0.0021      0.019      0.113      0.910      -0.035       0.039
mo_5                        -0.0120      0.020     -0.609      0.543      -0.051       0.027
mo_6                        -0.0245      0.019     -1.259      0.208      -0.063       0.014
mo_7                        -0.0229      0.019     -1.212      0.225      -0.060       0.014
mo_8                        -0.0251      0.018     -1.378      0.168      -0.061       0.011
mo_9                        -0.0275      0.019     -1.481      0.139      -0.064       0.009
mo_10                       -0.0072      0.018     -0.397      0.691      -0.043       0.029
mo_11                       -0.0239      0.019     -1.275      0.202      -0.061       0.013
mo_12                       -0.0251      0.018     -1.384      0.166      -0.061       0.010
genre_Action                -0.0555      0.011     -5.229      0.000      -0.076      -0.035
genre_Adventure             -0.0046      0.011     -0.410      0.682      -0.027       0.017
genre_Animation             -0.0263      0.018     -1.467      0.142      -0.062       0.009
genre_Biography             -0.0916      0.014     -6.429      0.000      -0.119      -0.064
genre_Comedy                -0.0045      0.010     -0.474      0.636      -0.023       0.014
genre_Crime                 -0.0901      0.010     -8.797      0.000      -0.110      -0.070
genre_Drama                  0.0131      0.010      1.374      0.169      -0.006       0.032
genre_Family                 0.0726      0.015      4.984      0.000       0.044       0.101
genre_Fantasy                0.0056      0.013      0.444      0.657      -0.019       0.030
genre_History                0.0193      0.020      0.945      0.345      -0.021       0.059
genre_Horror                -0.0335      0.015     -2.295      0.022      -0.062      -0.005
genre_Music                  0.1122      0.019      5.864      0.000       0.075       0.150
genre_Musical                0.3193      0.043      7.391      0.000       0.235       0.404
genre_Mystery               -0.0587      0.013     -4.662      0.000      -0.083      -0.034
genre_News                3.698e-18   7.26e-18      0.510      0.610   -1.05e-17    1.79e-17
genre_Romance               -0.0188      0.010     -1.824      0.068      -0.039       0.001
genre_Sci_Fi                -0.0131      0.014     -0.967      0.334      -0.040       0.013
genre_Short                1.73e-20    8.4e-20      0.206      0.837   -1.47e-19    1.82e-19
genre_Sport                 -0.0395      0.021     -1.908      0.056      -0.080       0.001
genre_Thriller              -0.0752      0.011     -7.069      0.000      -0.096      -0.054
genre_War                    0.0097      0.029      0.332      0.740      -0.048       0.067
genre_Western               -0.0495      0.051     -0.962      0.336      -0.150       0.051
==============================================================================
Omnibus:                     1654.483   Durbin-Watson:                   2.008
Prob(Omnibus):                  0.000   Jarque-Bera (JB):            13476.432
Skew:                           1.756   Prob(JB):                         0.00
Kurtosis:                      11.263   Cond. No.                     1.02e+16
==============================================================================

Notes:
[1] Standard Errors assume that the covariance matrix of the errors is correctly specified.
[2] The smallest eigenvalue is 6.39e-27. This might indicate that there are
strong multicollinearity problems or that the design matrix is singular.