                            OLS Regression Results                            
==============================================================================
Dep. Variable:              sd_pooled   R-squared:                       0.561
Model:                            OLS   Adj. R-squared:                  0.554
Method:                 Least Squares   F-statistic:                     78.96
Date:                Sun, 29 Mar 2026   Prob (F-statistic):               0.00
Time:                        15:32:17   Log-Likelihood:                 530.96
No. Observations:                4012   AIC:                            -931.9
Df Residuals:                    3947   BIC:                            -522.6
Df Model:                          64                                         
Covariance Type:            nonrobust                                         
============================================================================================
                               coef    std err          t      P>|t|      [0.025      0.975]
--------------------------------------------------------------------------------------------
const                        3.3781      0.048     69.784      0.000       3.283       3.473
FLead                        0.0467      0.008      5.802      0.000       0.031       0.062
mean_pooled                 -0.2334      0.004    -52.913      0.000      -0.242      -0.225
kim_violence_gore            0.0119      0.003      4.688      0.000       0.007       0.017
kim_sex_nudity               0.0112      0.002      5.544      0.000       0.007       0.015
kim_language                -0.0141      0.002     -7.657      0.000      -0.018      -0.011
major                       -0.0388      0.008     -4.824      0.000      -0.055      -0.023
log_bom_opening_theaters     0.0056      0.002      3.179      0.001       0.002       0.009
genres_count                -0.0094      0.007     -1.392      0.164      -0.023       0.004
yr_1993                     -0.0068      0.034     -0.198      0.843      -0.074       0.061
yr_1994                     -0.0035      0.035     -0.100      0.921      -0.073       0.066
yr_1995                      0.0426      0.035      1.226      0.220      -0.025       0.111
yr_1996                      0.0060      0.034      0.175      0.861      -0.061       0.073
yr_1997                      0.0100      0.035      0.289      0.773      -0.058       0.078
yr_1998                      0.0578      0.033      1.728      0.084      -0.008       0.123
yr_1999                      0.0570      0.033      1.751      0.080      -0.007       0.121
yr_2000                     -0.0104      0.034     -0.309      0.758      -0.076       0.055
yr_2001                      0.0553      0.033      1.674      0.094      -0.009       0.120
yr_2002                      0.0148      0.032      0.457      0.648      -0.049       0.078
yr_2003                     -0.0014      0.033     -0.044      0.965      -0.065       0.063
yr_2004                      0.0606      0.032      1.868      0.062      -0.003       0.124
yr_2005                      0.0473      0.032      1.470      0.142      -0.016       0.110
yr_2006                      0.0960      0.032      3.000      0.003       0.033       0.159
yr_2007                      0.1116      0.032      3.503      0.000       0.049       0.174
yr_2008                      0.0501      0.032      1.563      0.118      -0.013       0.113
yr_2009                      0.0302      0.032      0.931      0.352      -0.033       0.094
yr_2010                      0.0252      0.032      0.780      0.436      -0.038       0.089
yr_2011                      0.0282      0.032      0.886      0.376      -0.034       0.091
yr_2012                      0.0130      0.032      0.412      0.681      -0.049       0.075
yr_2013                      0.0061      0.032      0.191      0.849      -0.056       0.069
yr_2014                      0.0369      0.032      1.146      0.252      -0.026       0.100
yr_2015                     -0.0337      0.032     -1.053      0.292      -0.096       0.029
yr_2016                     -0.0387      0.032     -1.202      0.230      -0.102       0.024
yr_2017                      0.0190      0.033      0.583      0.560      -0.045       0.083
yr_2018                      0.0120      0.033      0.369      0.712      -0.052       0.076
mo_2                         0.0081      0.019      0.418      0.676      -0.030       0.046
mo_3                        -0.0046      0.019     -0.246      0.806      -0.041       0.032
mo_4                      9.323e-05      0.019      0.005      0.996      -0.037       0.037
mo_5                        -0.0131      0.020     -0.664      0.507      -0.052       0.026
mo_6                        -0.0260      0.019     -1.337      0.181      -0.064       0.012
mo_7                        -0.0240      0.019     -1.269      0.204      -0.061       0.013
mo_8                        -0.0257      0.018     -1.411      0.158      -0.062       0.010
mo_9                        -0.0284      0.019     -1.529      0.126      -0.065       0.008
mo_10                       -0.0079      0.018     -0.434      0.664      -0.044       0.028
mo_11                       -0.0246      0.019     -1.309      0.191      -0.061       0.012
mo_12                       -0.0259      0.018     -1.427      0.154      -0.061       0.010
genre_Action                -0.0551      0.011     -5.189      0.000      -0.076      -0.034
genre_Adventure             -0.0053      0.011     -0.472      0.637      -0.027       0.017
genre_Animation             -0.0263      0.018     -1.464      0.143      -0.061       0.009
genre_Biography             -0.0919      0.014     -6.451      0.000      -0.120      -0.064
genre_Comedy                -0.0044      0.010     -0.459      0.646      -0.023       0.014
genre_Crime                 -0.0908      0.010     -8.886      0.000      -0.111      -0.071
genre_Drama                  0.0136      0.010      1.433      0.152      -0.005       0.032
genre_Family                 0.0731      0.015      5.024      0.000       0.045       0.102
genre_Fantasy                0.0051      0.013      0.400      0.689      -0.020       0.030
genre_History                0.0198      0.020      0.971      0.332      -0.020       0.060
genre_Horror                -0.0353      0.015     -2.416      0.016      -0.064      -0.007
genre_Music                  0.1100      0.019      5.752      0.000       0.072       0.147
genre_Musical                0.3202      0.043      7.412      0.000       0.236       0.405
genre_Mystery               -0.0578      0.013     -4.590      0.000      -0.082      -0.033
genre_News               -8.513e-18   6.26e-18     -1.359      0.174   -2.08e-17    3.77e-18
genre_Romance               -0.0184      0.010     -1.786      0.074      -0.039       0.002
genre_Sci_Fi                -0.0137      0.014     -1.013      0.311      -0.040       0.013
genre_Short              -4.353e-18   1.25e-18     -3.479      0.001   -6.81e-18    -1.9e-18
genre_Sport                 -0.0385      0.021     -1.857      0.063      -0.079       0.002
genre_Thriller              -0.0755      0.011     -7.101      0.000      -0.096      -0.055
genre_War                    0.0095      0.029      0.325      0.745      -0.048       0.067
genre_Western               -0.0478      0.051     -0.928      0.353      -0.149       0.053
==============================================================================
Omnibus:                     1649.111   Durbin-Watson:                   2.005
Prob(Omnibus):                  0.000   Jarque-Bera (JB):            13391.754
Skew:                           1.750   Prob(JB):                         0.00
Kurtosis:                      11.237   Cond. No.                     1.02e+16
==============================================================================

Notes:
[1] Standard Errors assume that the covariance matrix of the errors is correctly specified.
[2] The smallest eigenvalue is 6.38e-27. This might indicate that there are
strong multicollinearity problems or that the design matrix is singular.