                            OLS Regression Results                            
==============================================================================
Dep. Variable:              sd_pooled   R-squared:                       0.560
Model:                            OLS   Adj. R-squared:                  0.553
Method:                 Least Squares   F-statistic:                     78.39
Date:                Sun, 29 Mar 2026   Prob (F-statistic):               0.00
Time:                        15:17:42   Log-Likelihood:                 522.92
No. Observations:                4012   AIC:                            -915.8
Df Residuals:                    3947   BIC:                            -506.5
Df Model:                          64                                         
Covariance Type:            nonrobust                                         
============================================================================================
                               coef    std err          t      P>|t|      [0.025      0.975]
--------------------------------------------------------------------------------------------
const                        3.3935      0.049     69.880      0.000       3.298       3.489
FLead                        0.0473      0.008      5.861      0.000       0.032       0.063
mean_pooled                 -0.2348      0.004    -53.210      0.000      -0.243      -0.226
kim_violence_gore            0.0139      0.003      5.521      0.000       0.009       0.019
kim_sex_nudity               0.0064      0.002      3.353      0.001       0.003       0.010
kim_language                -0.0133      0.002     -7.109      0.000      -0.017      -0.010
major                       -0.0392      0.008     -4.867      0.000      -0.055      -0.023
log_bom_opening_theaters     0.0052      0.002      2.943      0.003       0.002       0.009
genres_count                -0.0123      0.007     -1.811      0.070      -0.026       0.001
yr_1993                     -0.0061      0.035     -0.175      0.861      -0.074       0.062
yr_1994                     -0.0024      0.035     -0.067      0.947      -0.072       0.067
yr_1995                      0.0415      0.035      1.192      0.233      -0.027       0.110
yr_1996                      0.0072      0.034      0.211      0.833      -0.060       0.074
yr_1997                      0.0075      0.035      0.214      0.830      -0.061       0.076
yr_1998                      0.0576      0.034      1.718      0.086      -0.008       0.123
yr_1999                      0.0631      0.033      1.931      0.054      -0.001       0.127
yr_2000                     -0.0040      0.034     -0.118      0.906      -0.070       0.062
yr_2001                      0.0615      0.033      1.861      0.063      -0.003       0.126
yr_2002                      0.0198      0.033      0.610      0.542      -0.044       0.084
yr_2003                      0.0057      0.033      0.174      0.862      -0.058       0.070
yr_2004                      0.0703      0.032      2.165      0.030       0.007       0.134
yr_2005                      0.0546      0.032      1.693      0.091      -0.009       0.118
yr_2006                      0.1046      0.032      3.269      0.001       0.042       0.167
yr_2007                      0.1175      0.032      3.686      0.000       0.055       0.180
yr_2008                      0.0592      0.032      1.845      0.065      -0.004       0.122
yr_2009                      0.0400      0.033      1.229      0.219      -0.024       0.104
yr_2010                      0.0343      0.032      1.060      0.289      -0.029       0.098
yr_2011                      0.0369      0.032      1.159      0.246      -0.026       0.099
yr_2012                      0.0197      0.032      0.622      0.534      -0.042       0.082
yr_2013                      0.0118      0.032      0.370      0.711      -0.051       0.074
yr_2014                      0.0431      0.032      1.334      0.182      -0.020       0.106
yr_2015                     -0.0273      0.032     -0.852      0.394      -0.090       0.036
yr_2016                     -0.0340      0.032     -1.052      0.293      -0.097       0.029
yr_2017                      0.0246      0.033      0.756      0.450      -0.039       0.089
yr_2018                      0.0158      0.033      0.483      0.629      -0.048       0.080
mo_2                         0.0083      0.020      0.424      0.672      -0.030       0.047
mo_3                        -0.0038      0.019     -0.204      0.838      -0.040       0.033
mo_4                         0.0004      0.019      0.022      0.982      -0.036       0.037
mo_5                        -0.0116      0.020     -0.588      0.557      -0.050       0.027
mo_6                        -0.0243      0.020     -1.245      0.213      -0.063       0.014
mo_7                        -0.0219      0.019     -1.157      0.247      -0.059       0.015
mo_8                        -0.0251      0.018     -1.373      0.170      -0.061       0.011
mo_9                        -0.0276      0.019     -1.482      0.139      -0.064       0.009
mo_10                       -0.0083      0.018     -0.453      0.651      -0.044       0.028
mo_11                       -0.0214      0.019     -1.139      0.255      -0.058       0.015
mo_12                       -0.0268      0.018     -1.476      0.140      -0.062       0.009
genre_Action                -0.0592      0.011     -5.588      0.000      -0.080      -0.038
genre_Adventure             -0.0067      0.011     -0.595      0.552      -0.029       0.015
genre_Animation             -0.0307      0.018     -1.705      0.088      -0.066       0.005
genre_Biography             -0.0900      0.014     -6.314      0.000      -0.118      -0.062
genre_Comedy                 0.0011      0.009      0.117      0.907      -0.018       0.020
genre_Crime                 -0.0882      0.010     -8.591      0.000      -0.108      -0.068
genre_Drama                  0.0148      0.010      1.552      0.121      -0.004       0.033
genre_Family                 0.0666      0.015      4.569      0.000       0.038       0.095
genre_Fantasy                0.0064      0.013      0.509      0.611      -0.018       0.031
genre_History                0.0176      0.020      0.860      0.390      -0.023       0.058
genre_Horror                -0.0399      0.015     -2.734      0.006      -0.068      -0.011
genre_Music                  0.1149      0.019      5.999      0.000       0.077       0.152
genre_Musical                0.3242      0.043      7.492      0.000       0.239       0.409
genre_Mystery               -0.0578      0.013     -4.588      0.000      -0.083      -0.033
genre_News                7.875e-18   4.48e-18      1.759      0.079   -9.01e-19    1.67e-17
genre_Romance               -0.0106      0.010     -1.042      0.297      -0.031       0.009
genre_Sci_Fi                -0.0131      0.014     -0.963      0.336      -0.040       0.014
genre_Short              -6.072e-19   7.58e-18     -0.080      0.936   -1.55e-17    1.43e-17
genre_Sport                 -0.0386      0.021     -1.860      0.063      -0.079       0.002
genre_Thriller              -0.0745      0.011     -6.978      0.000      -0.095      -0.054
genre_War                    0.0028      0.029      0.098      0.922      -0.054       0.060
genre_Western               -0.0514      0.052     -0.995      0.320      -0.153       0.050
==============================================================================
Omnibus:                     1634.812   Durbin-Watson:                   2.006
Prob(Omnibus):                  0.000   Jarque-Bera (JB):            13032.160
Skew:                           1.738   Prob(JB):                         0.00
Kurtosis:                      11.116   Cond. No.                     1.02e+16
==============================================================================

Notes:
[1] Standard Errors assume that the covariance matrix of the errors is correctly specified.
[2] The smallest eigenvalue is 6.39e-27. This might indicate that there are
strong multicollinearity problems or that the design matrix is singular.