                            OLS Regression Results                            
==============================================================================
Dep. Variable:              sd_pooled   R-squared:                       0.562
Model:                            OLS   Adj. R-squared:                  0.555
Method:                 Least Squares   F-statistic:                     79.08
Date:                Sun, 29 Mar 2026   Prob (F-statistic):               0.00
Time:                        10:34:35   Log-Likelihood:                 532.68
No. Observations:                4012   AIC:                            -935.4
Df Residuals:                    3947   BIC:                            -526.0
Df Model:                          64                                         
Covariance Type:            nonrobust                                         
============================================================================================
                               coef    std err          t      P>|t|      [0.025      0.975]
--------------------------------------------------------------------------------------------
const                        3.3815      0.048     69.920      0.000       3.287       3.476
FLead                        0.0470      0.008      5.848      0.000       0.031       0.063
mean_pooled                 -0.2336      0.004    -52.997      0.000      -0.242      -0.225
kim_violence_gore            0.0124      0.003      4.863      0.000       0.007       0.017
kim_sex_nudity               0.0111      0.002      5.528      0.000       0.007       0.015
kim_language                -0.0148      0.002     -7.909      0.000      -0.018      -0.011
major                       -0.0397      0.008     -4.941      0.000      -0.055      -0.024
log_bom_opening_theaters     0.0056      0.002      3.141      0.002       0.002       0.009
genres_count                -0.0098      0.007     -1.445      0.149      -0.023       0.003
yr_1993                     -0.0084      0.034     -0.244      0.807      -0.076       0.059
yr_1994                     -0.0050      0.035     -0.141      0.887      -0.074       0.064
yr_1995                      0.0412      0.035      1.188      0.235      -0.027       0.109
yr_1996                      0.0065      0.034      0.191      0.849      -0.060       0.073
yr_1997                      0.0110      0.035      0.317      0.751      -0.057       0.079
yr_1998                      0.0567      0.033      1.695      0.090      -0.009       0.122
yr_1999                      0.0584      0.033      1.793      0.073      -0.005       0.122
yr_2000                     -0.0112      0.034     -0.333      0.739      -0.077       0.055
yr_2001                      0.0538      0.033      1.629      0.103      -0.011       0.119
yr_2002                      0.0148      0.032      0.454      0.650      -0.049       0.078
yr_2003                     -0.0021      0.033     -0.063      0.950      -0.066       0.062
yr_2004                      0.0601      0.032      1.852      0.064      -0.004       0.124
yr_2005                      0.0460      0.032      1.428      0.153      -0.017       0.109
yr_2006                      0.0957      0.032      2.992      0.003       0.033       0.158
yr_2007                      0.1084      0.032      3.403      0.001       0.046       0.171
yr_2008                      0.0500      0.032      1.559      0.119      -0.013       0.113
yr_2009                      0.0302      0.033      0.929      0.353      -0.034       0.094
yr_2010                      0.0238      0.032      0.735      0.462      -0.040       0.087
yr_2011                      0.0289      0.032      0.908      0.364      -0.033       0.091
yr_2012                      0.0128      0.032      0.404      0.686      -0.049       0.075
yr_2013                      0.0059      0.032      0.184      0.854      -0.057       0.068
yr_2014                      0.0385      0.032      1.196      0.232      -0.025       0.102
yr_2015                     -0.0343      0.032     -1.073      0.283      -0.097       0.028
yr_2016                     -0.0384      0.032     -1.192      0.234      -0.102       0.025
yr_2017                      0.0194      0.033      0.596      0.551      -0.044       0.083
yr_2018                      0.0127      0.033      0.389      0.697      -0.051       0.077
mo_2                         0.0079      0.019      0.407      0.684      -0.030       0.046
mo_3                        -0.0035      0.019     -0.188      0.851      -0.040       0.033
mo_4                         0.0010      0.019      0.052      0.958      -0.036       0.038
mo_5                        -0.0119      0.020     -0.604      0.546      -0.051       0.027
mo_6                        -0.0252      0.019     -1.294      0.196      -0.063       0.013
mo_7                        -0.0227      0.019     -1.200      0.230      -0.060       0.014
mo_8                        -0.0250      0.018     -1.370      0.171      -0.061       0.011
mo_9                        -0.0278      0.019     -1.498      0.134      -0.064       0.009
mo_10                       -0.0069      0.018     -0.381      0.703      -0.043       0.029
mo_11                       -0.0240      0.019     -1.281      0.200      -0.061       0.013
mo_12                       -0.0259      0.018     -1.430      0.153      -0.061       0.010
genre_Action                -0.0555      0.011     -5.233      0.000      -0.076      -0.035
genre_Adventure             -0.0060      0.011     -0.533      0.594      -0.028       0.016
genre_Animation             -0.0286      0.018     -1.592      0.111      -0.064       0.007
genre_Biography             -0.0917      0.014     -6.445      0.000      -0.120      -0.064
genre_Comedy                -0.0034      0.010     -0.352      0.725      -0.022       0.015
genre_Crime                 -0.0888      0.010     -8.667      0.000      -0.109      -0.069
genre_Drama                  0.0139      0.010      1.457      0.145      -0.005       0.033
genre_Family                 0.0706      0.015      4.851      0.000       0.042       0.099
genre_Fantasy                0.0041      0.013      0.328      0.743      -0.021       0.029
genre_History                0.0192      0.020      0.939      0.348      -0.021       0.059
genre_Horror                -0.0350      0.015     -2.403      0.016      -0.064      -0.006
genre_Music                  0.1121      0.019      5.866      0.000       0.075       0.150
genre_Musical                0.3188      0.043      7.382      0.000       0.234       0.403
genre_Mystery               -0.0584      0.013     -4.640      0.000      -0.083      -0.034
genre_News                1.021e-17   9.26e-18      1.102      0.270   -7.95e-18    2.84e-17
genre_Romance               -0.0173      0.010     -1.684      0.092      -0.037       0.003
genre_Sci_Fi                -0.0131      0.014     -0.965      0.335      -0.040       0.014
genre_Short              -1.018e-17   6.24e-18     -1.631      0.103   -2.24e-17    2.06e-18
genre_Sport                 -0.0373      0.021     -1.799      0.072      -0.078       0.003
genre_Thriller              -0.0741      0.011     -6.958      0.000      -0.095      -0.053
genre_War                    0.0089      0.029      0.305      0.760      -0.048       0.066
genre_Western               -0.0483      0.051     -0.939      0.348      -0.149       0.053
==============================================================================
Omnibus:                     1645.515   Durbin-Watson:                   2.004
Prob(Omnibus):                  0.000   Jarque-Bera (JB):            13278.144
Skew:                           1.748   Prob(JB):                         0.00
Kurtosis:                      11.198   Cond. No.                     1.02e+16
==============================================================================

Notes:
[1] Standard Errors assume that the covariance matrix of the errors is correctly specified.
[2] The smallest eigenvalue is 6.38e-27. This might indicate that there are
strong multicollinearity problems or that the design matrix is singular.