                            OLS Regression Results                            
==============================================================================
Dep. Variable:              sd_pooled   R-squared:                       0.562
Model:                            OLS   Adj. R-squared:                  0.555
Method:                 Least Squares   F-statistic:                     79.20
Date:                Tue, 31 Mar 2026   Prob (F-statistic):               0.00
Time:                        13:05:02   Log-Likelihood:                 534.46
No. Observations:                4012   AIC:                            -938.9
Df Residuals:                    3947   BIC:                            -529.6
Df Model:                          64                                         
Covariance Type:            nonrobust                                         
============================================================================================
                               coef    std err          t      P>|t|      [0.025      0.975]
--------------------------------------------------------------------------------------------
const                        3.3748      0.048     69.754      0.000       3.280       3.470
FLead                        0.0470      0.008      5.851      0.000       0.031       0.063
mean_pooled                 -0.2332      0.004    -52.864      0.000      -0.242      -0.225
kim_violence_gore            0.0121      0.003      4.762      0.000       0.007       0.017
kim_sex_nudity               0.0116      0.002      5.700      0.000       0.008       0.016
kim_language                -0.0150      0.002     -7.999      0.000      -0.019      -0.011
major                       -0.0405      0.008     -5.035      0.000      -0.056      -0.025
log_bom_opening_theaters     0.0060      0.002      3.429      0.001       0.003       0.009
genres_count                -0.0096      0.007     -1.418      0.156      -0.023       0.004
yr_1993                     -0.0074      0.034     -0.216      0.829      -0.075       0.060
yr_1994                     -0.0026      0.035     -0.075      0.940      -0.072       0.066
yr_1995                      0.0432      0.035      1.246      0.213      -0.025       0.111
yr_1996                      0.0086      0.034      0.253      0.800      -0.058       0.075
yr_1997                      0.0129      0.035      0.371      0.711      -0.055       0.081
yr_1998                      0.0587      0.033      1.755      0.079      -0.007       0.124
yr_1999                      0.0598      0.033      1.837      0.066      -0.004       0.124
yr_2000                     -0.0094      0.034     -0.279      0.780      -0.075       0.056
yr_2001                      0.0562      0.033      1.704      0.088      -0.008       0.121
yr_2002                      0.0157      0.032      0.483      0.629      -0.048       0.079
yr_2003                     -0.0008      0.033     -0.023      0.982      -0.065       0.063
yr_2004                      0.0605      0.032      1.866      0.062      -0.003       0.124
yr_2005                      0.0474      0.032      1.475      0.140      -0.016       0.111
yr_2006                      0.0962      0.032      3.010      0.003       0.034       0.159
yr_2007                      0.1098      0.032      3.449      0.001       0.047       0.172
yr_2008                      0.0517      0.032      1.614      0.107      -0.011       0.115
yr_2009                      0.0314      0.032      0.966      0.334      -0.032       0.095
yr_2010                      0.0263      0.032      0.814      0.416      -0.037       0.090
yr_2011                      0.0288      0.032      0.906      0.365      -0.034       0.091
yr_2012                      0.0146      0.032      0.463      0.644      -0.047       0.077
yr_2013                      0.0068      0.032      0.214      0.831      -0.056       0.069
yr_2014                      0.0391      0.032      1.215      0.225      -0.024       0.102
yr_2015                     -0.0319      0.032     -0.999      0.318      -0.095       0.031
yr_2016                     -0.0360      0.032     -1.118      0.264      -0.099       0.027
yr_2017                      0.0209      0.033      0.644      0.520      -0.043       0.085
yr_2018                      0.0137      0.033      0.421      0.674      -0.050       0.078
mo_2                         0.0079      0.019      0.405      0.685      -0.030       0.046
mo_3                        -0.0040      0.019     -0.214      0.831      -0.040       0.032
mo_4                         0.0008      0.019      0.043      0.966      -0.036       0.037
mo_5                        -0.0124      0.020     -0.627      0.530      -0.051       0.026
mo_6                        -0.0250      0.019     -1.284      0.199      -0.063       0.013
mo_7                        -0.0229      0.019     -1.213      0.225      -0.060       0.014
mo_8                        -0.0252      0.018     -1.380      0.168      -0.061       0.011
mo_9                        -0.0274      0.019     -1.477      0.140      -0.064       0.009
mo_10                       -0.0068      0.018     -0.374      0.709      -0.043       0.029
mo_11                       -0.0239      0.019     -1.273      0.203      -0.061       0.013
mo_12                       -0.0259      0.018     -1.428      0.153      -0.061       0.010
genre_Action                -0.0554      0.011     -5.226      0.000      -0.076      -0.035
genre_Adventure             -0.0063      0.011     -0.560      0.575      -0.028       0.016
genre_Animation             -0.0281      0.018     -1.566      0.118      -0.063       0.007
genre_Biography             -0.0918      0.014     -6.456      0.000      -0.120      -0.064
genre_Comedy                -0.0031      0.010     -0.321      0.748      -0.022       0.016
genre_Crime                 -0.0893      0.010     -8.715      0.000      -0.109      -0.069
genre_Drama                  0.0139      0.009      1.460      0.144      -0.005       0.032
genre_Family                 0.0713      0.015      4.899      0.000       0.043       0.100
genre_Fantasy                0.0043      0.013      0.340      0.734      -0.020       0.029
genre_History                0.0182      0.020      0.894      0.371      -0.022       0.058
genre_Horror                -0.0340      0.015     -2.332      0.020      -0.063      -0.005
genre_Music                  0.1123      0.019      5.873      0.000       0.075       0.150
genre_Musical                0.3186      0.043      7.381      0.000       0.234       0.403
genre_Mystery               -0.0590      0.013     -4.696      0.000      -0.084      -0.034
genre_News                 5.24e-18   6.44e-18      0.814      0.416   -7.39e-18    1.79e-17
genre_Romance               -0.0183      0.010     -1.772      0.076      -0.038       0.002
genre_Sci_Fi                -0.0133      0.014     -0.981      0.326      -0.040       0.013
genre_Short               1.037e-18   1.16e-18      0.896      0.370   -1.23e-18     3.3e-18
genre_Sport                 -0.0385      0.021     -1.858      0.063      -0.079       0.002
genre_Thriller              -0.0740      0.011     -6.952      0.000      -0.095      -0.053
genre_War                    0.0108      0.029      0.369      0.712      -0.046       0.068
genre_Western               -0.0479      0.051     -0.930      0.352      -0.149       0.053
==============================================================================
Omnibus:                     1647.991   Durbin-Watson:                   2.007
Prob(Omnibus):                  0.000   Jarque-Bera (JB):            13417.665
Skew:                           1.748   Prob(JB):                         0.00
Kurtosis:                      11.249   Cond. No.                     1.02e+16
==============================================================================

Notes:
[1] Standard Errors assume that the covariance matrix of the errors is correctly specified.
[2] The smallest eigenvalue is 6.38e-27. This might indicate that there are
strong multicollinearity problems or that the design matrix is singular.