                            OLS Regression Results                            
==============================================================================
Dep. Variable:              sd_pooled   R-squared:                       0.561
Model:                            OLS   Adj. R-squared:                  0.554
Method:                 Least Squares   F-statistic:                     78.85
Date:                Tue, 31 Mar 2026   Prob (F-statistic):               0.00
Time:                        21:17:34   Log-Likelihood:                 529.39
No. Observations:                4012   AIC:                            -928.8
Df Residuals:                    3947   BIC:                            -519.5
Df Model:                          64                                         
Covariance Type:            nonrobust                                         
============================================================================================
                               coef    std err          t      P>|t|      [0.025      0.975]
--------------------------------------------------------------------------------------------
const                        3.3830      0.048     69.794      0.000       3.288       3.478
FLead                        0.0470      0.008      5.838      0.000       0.031       0.063
mean_pooled                 -0.2342      0.004    -53.183      0.000      -0.243      -0.226
kim_violence_gore            0.0128      0.003      5.033      0.000       0.008       0.018
kim_sex_nudity               0.0101      0.002      4.903      0.000       0.006       0.014
kim_language                -0.0143      0.002     -7.661      0.000      -0.018      -0.011
major                       -0.0396      0.008     -4.919      0.000      -0.055      -0.024
log_bom_opening_theaters     0.0054      0.002      3.069      0.002       0.002       0.009
genres_count                -0.0105      0.007     -1.544      0.123      -0.024       0.003
yr_1993                     -0.0046      0.034     -0.133      0.894      -0.072       0.063
yr_1994                     -0.0012      0.035     -0.035      0.972      -0.070       0.068
yr_1995                      0.0454      0.035      1.308      0.191      -0.023       0.114
yr_1996                      0.0089      0.034      0.262      0.793      -0.058       0.076
yr_1997                      0.0131      0.035      0.378      0.706      -0.055       0.081
yr_1998                      0.0608      0.033      1.817      0.069      -0.005       0.126
yr_1999                      0.0617      0.033      1.892      0.059      -0.002       0.126
yr_2000                     -0.0063      0.034     -0.187      0.852      -0.072       0.060
yr_2001                      0.0589      0.033      1.785      0.074      -0.006       0.124
yr_2002                      0.0190      0.032      0.587      0.557      -0.045       0.083
yr_2003                      0.0042      0.033      0.127      0.899      -0.060       0.068
yr_2004                      0.0648      0.032      1.999      0.046       0.001       0.128
yr_2005                      0.0518      0.032      1.608      0.108      -0.011       0.115
yr_2006                      0.1022      0.032      3.198      0.001       0.040       0.165
yr_2007                      0.1135      0.032      3.565      0.000       0.051       0.176
yr_2008                      0.0554      0.032      1.726      0.084      -0.008       0.118
yr_2009                      0.0372      0.032      1.147      0.251      -0.026       0.101
yr_2010                      0.0302      0.032      0.934      0.351      -0.033       0.094
yr_2011                      0.0350      0.032      1.102      0.271      -0.027       0.097
yr_2012                      0.0170      0.032      0.538      0.591      -0.045       0.079
yr_2013                      0.0107      0.032      0.337      0.736      -0.052       0.073
yr_2014                      0.0422      0.032      1.310      0.190      -0.021       0.105
yr_2015                     -0.0289      0.032     -0.904      0.366      -0.092       0.034
yr_2016                     -0.0338      0.032     -1.048      0.295      -0.097       0.029
yr_2017                      0.0232      0.033      0.711      0.477      -0.041       0.087
yr_2018                      0.0167      0.033      0.510      0.610      -0.047       0.081
mo_2                         0.0081      0.019      0.414      0.679      -0.030       0.046
mo_3                        -0.0045      0.019     -0.245      0.806      -0.041       0.032
mo_4                         0.0013      0.019      0.070      0.944      -0.035       0.038
mo_5                        -0.0120      0.020     -0.610      0.542      -0.051       0.027
mo_6                        -0.0257      0.019     -1.322      0.186      -0.064       0.012
mo_7                        -0.0222      0.019     -1.172      0.241      -0.059       0.015
mo_8                        -0.0246      0.018     -1.349      0.178      -0.060       0.011
mo_9                        -0.0279      0.019     -1.500      0.134      -0.064       0.009
mo_10                       -0.0065      0.018     -0.357      0.721      -0.042       0.029
mo_11                       -0.0230      0.019     -1.225      0.221      -0.060       0.014
mo_12                       -0.0259      0.018     -1.426      0.154      -0.061       0.010
genre_Action                -0.0565      0.011     -5.330      0.000      -0.077      -0.036
genre_Adventure             -0.0060      0.011     -0.533      0.594      -0.028       0.016
genre_Animation             -0.0285      0.018     -1.583      0.114      -0.064       0.007
genre_Biography             -0.0915      0.014     -6.424      0.000      -0.119      -0.064
genre_Comedy                -0.0017      0.010     -0.183      0.855      -0.020       0.017
genre_Crime                 -0.0886      0.010     -8.645      0.000      -0.109      -0.069
genre_Drama                  0.0142      0.010      1.496      0.135      -0.004       0.033
genre_Family                 0.0699      0.015      4.795      0.000       0.041       0.098
genre_Fantasy                0.0052      0.013      0.410      0.682      -0.020       0.030
genre_History                0.0196      0.020      0.958      0.338      -0.020       0.060
genre_Horror                -0.0364      0.015     -2.493      0.013      -0.065      -0.008
genre_Music                  0.1124      0.019      5.876      0.000       0.075       0.150
genre_Musical                0.3189      0.043      7.376      0.000       0.234       0.404
genre_Mystery               -0.0569      0.013     -4.523      0.000      -0.082      -0.032
genre_News                5.374e-18   9.63e-18      0.558      0.577   -1.35e-17    2.42e-17
genre_Romance               -0.0159      0.010     -1.543      0.123      -0.036       0.004
genre_Sci_Fi                -0.0131      0.014     -0.963      0.336      -0.040       0.014
genre_Short              -1.125e-17   8.11e-18     -1.387      0.165   -2.72e-17    4.65e-18
genre_Sport                 -0.0383      0.021     -1.849      0.064      -0.079       0.002
genre_Thriller              -0.0747      0.011     -7.012      0.000      -0.096      -0.054
genre_War                    0.0073      0.029      0.251      0.802      -0.050       0.064
genre_Western               -0.0498      0.052     -0.967      0.333      -0.151       0.051
==============================================================================
Omnibus:                     1640.523   Durbin-Watson:                   2.005
Prob(Omnibus):                  0.000   Jarque-Bera (JB):            13173.106
Skew:                           1.743   Prob(JB):                         0.00
Kurtosis:                      11.164   Cond. No.                     1.02e+16
==============================================================================

Notes:
[1] Standard Errors assume that the covariance matrix of the errors is correctly specified.
[2] The smallest eigenvalue is 6.35e-27. This might indicate that there are
strong multicollinearity problems or that the design matrix is singular.