                            OLS Regression Results                            
==============================================================================
Dep. Variable:              sd_pooled   R-squared:                       0.561
Model:                            OLS   Adj. R-squared:                  0.554
Method:                 Least Squares   F-statistic:                     78.70
Date:                Sun, 29 Mar 2026   Prob (F-statistic):               0.00
Time:                        15:54:44   Log-Likelihood:                 527.29
No. Observations:                4012   AIC:                            -924.6
Df Residuals:                    3947   BIC:                            -515.3
Df Model:                          64                                         
Covariance Type:            nonrobust                                         
============================================================================================
                               coef    std err          t      P>|t|      [0.025      0.975]
--------------------------------------------------------------------------------------------
const                        3.3867      0.048     69.864      0.000       3.292       3.482
FLead                        0.0472      0.008      5.862      0.000       0.031       0.063
mean_pooled                 -0.2343      0.004    -53.162      0.000      -0.243      -0.226
kim_violence_gore            0.0131      0.003      5.164      0.000       0.008       0.018
kim_sex_nudity               0.0093      0.002      4.460      0.000       0.005       0.013
kim_language                -0.0140      0.002     -7.511      0.000      -0.018      -0.010
major                       -0.0401      0.008     -4.975      0.000      -0.056      -0.024
log_bom_opening_theaters     0.0054      0.002      3.043      0.002       0.002       0.009
genres_count                -0.0109      0.007     -1.608      0.108      -0.024       0.002
yr_1993                     -0.0067      0.034     -0.193      0.847      -0.074       0.061
yr_1994                     -0.0022      0.035     -0.063      0.950      -0.071       0.067
yr_1995                      0.0431      0.035      1.242      0.214      -0.025       0.111
yr_1996                      0.0073      0.034      0.215      0.830      -0.059       0.074
yr_1997                      0.0113      0.035      0.325      0.745      -0.057       0.079
yr_1998                      0.0590      0.033      1.761      0.078      -0.007       0.125
yr_1999                      0.0614      0.033      1.882      0.060      -0.003       0.125
yr_2000                     -0.0064      0.034     -0.190      0.849      -0.072       0.060
yr_2001                      0.0577      0.033      1.747      0.081      -0.007       0.123
yr_2002                      0.0176      0.032      0.541      0.589      -0.046       0.081
yr_2003                      0.0015      0.033      0.046      0.963      -0.063       0.066
yr_2004                      0.0648      0.032      1.996      0.046       0.001       0.128
yr_2005                      0.0501      0.032      1.556      0.120      -0.013       0.113
yr_2006                      0.1001      0.032      3.127      0.002       0.037       0.163
yr_2007                      0.1126      0.032      3.531      0.000       0.050       0.175
yr_2008                      0.0542      0.032      1.687      0.092      -0.009       0.117
yr_2009                      0.0357      0.033      1.097      0.273      -0.028       0.099
yr_2010                      0.0297      0.032      0.916      0.359      -0.034       0.093
yr_2011                      0.0325      0.032      1.022      0.307      -0.030       0.095
yr_2012                      0.0168      0.032      0.530      0.596      -0.045       0.079
yr_2013                      0.0093      0.032      0.291      0.771      -0.053       0.072
yr_2014                      0.0406      0.032      1.259      0.208      -0.023       0.104
yr_2015                     -0.0298      0.032     -0.930      0.352      -0.093       0.033
yr_2016                     -0.0350      0.032     -1.085      0.278      -0.098       0.028
yr_2017                      0.0221      0.033      0.678      0.498      -0.042       0.086
yr_2018                      0.0152      0.033      0.465      0.642      -0.049       0.079
mo_2                         0.0090      0.019      0.463      0.643      -0.029       0.047
mo_3                        -0.0041      0.019     -0.219      0.826      -0.040       0.032
mo_4                         0.0019      0.019      0.100      0.920      -0.035       0.039
mo_5                        -0.0113      0.020     -0.571      0.568      -0.050       0.027
mo_6                        -0.0250      0.019     -1.285      0.199      -0.063       0.013
mo_7                        -0.0221      0.019     -1.167      0.243      -0.059       0.015
mo_8                        -0.0245      0.018     -1.343      0.179      -0.060       0.011
mo_9                        -0.0275      0.019     -1.481      0.139      -0.064       0.009
mo_10                       -0.0063      0.018     -0.348      0.728      -0.042       0.029
mo_11                       -0.0230      0.019     -1.227      0.220      -0.060       0.014
mo_12                       -0.0258      0.018     -1.423      0.155      -0.061       0.010
genre_Action                -0.0571      0.011     -5.384      0.000      -0.078      -0.036
genre_Adventure             -0.0062      0.011     -0.553      0.580      -0.028       0.016
genre_Animation             -0.0285      0.018     -1.582      0.114      -0.064       0.007
genre_Biography             -0.0910      0.014     -6.390      0.000      -0.119      -0.063
genre_Comedy                -0.0015      0.010     -0.158      0.874      -0.020       0.017
genre_Crime                 -0.0888      0.010     -8.652      0.000      -0.109      -0.069
genre_Drama                  0.0146      0.010      1.528      0.126      -0.004       0.033
genre_Family                 0.0696      0.015      4.770      0.000       0.041       0.098
genre_Fantasy                0.0047      0.013      0.372      0.710      -0.020       0.030
genre_History                0.0182      0.020      0.889      0.374      -0.022       0.058
genre_Horror                -0.0368      0.015     -2.523      0.012      -0.065      -0.008
genre_Music                  0.1128      0.019      5.892      0.000       0.075       0.150
genre_Musical                0.3233      0.043      7.479      0.000       0.239       0.408
genre_Mystery               -0.0583      0.013     -4.629      0.000      -0.083      -0.034
genre_News               -5.434e-18   6.04e-18     -0.899      0.369   -1.73e-17    6.42e-18
genre_Romance               -0.0148      0.010     -1.445      0.149      -0.035       0.005
genre_Sci_Fi                -0.0129      0.014     -0.947      0.344      -0.039       0.014
genre_Short              -5.824e-18   3.61e-18     -1.612      0.107   -1.29e-17    1.26e-18
genre_Sport                 -0.0385      0.021     -1.857      0.063      -0.079       0.002
genre_Thriller              -0.0742      0.011     -6.960      0.000      -0.095      -0.053
genre_War                    0.0057      0.029      0.196      0.845      -0.051       0.063
genre_Western               -0.0510      0.052     -0.989      0.323      -0.152       0.050
==============================================================================
Omnibus:                     1637.837   Durbin-Watson:                   2.004
Prob(Omnibus):                  0.000   Jarque-Bera (JB):            13073.064
Skew:                           1.742   Prob(JB):                         0.00
Kurtosis:                      11.128   Cond. No.                     1.02e+16
==============================================================================

Notes:
[1] Standard Errors assume that the covariance matrix of the errors is correctly specified.
[2] The smallest eigenvalue is 6.35e-27. This might indicate that there are
strong multicollinearity problems or that the design matrix is singular.