                            OLS Regression Results                            
==============================================================================
Dep. Variable:              sd_pooled   R-squared:                       0.563
Model:                            OLS   Adj. R-squared:                  0.555
Method:                 Least Squares   F-statistic:                     75.36
Date:                Tue, 31 Mar 2026   Prob (F-statistic):               0.00
Time:                        12:41:04   Log-Likelihood:                 481.67
No. Observations:                3812   AIC:                            -833.3
Df Residuals:                    3747   BIC:                            -427.4
Df Model:                          64                                         
Covariance Type:            nonrobust                                         
============================================================================================
                               coef    std err          t      P>|t|      [0.025      0.975]
--------------------------------------------------------------------------------------------
const                        3.4080      0.050     68.146      0.000       3.310       3.506
FLead                        0.0447      0.008      5.377      0.000       0.028       0.061
mean_pooled                 -0.2361      0.005    -51.675      0.000      -0.245      -0.227
kim_violence_gore            0.0116      0.003      4.440      0.000       0.007       0.017
kim_sex_nudity               0.0114      0.002      5.434      0.000       0.007       0.015
kim_language                -0.0150      0.002     -7.827      0.000      -0.019      -0.011
major                       -0.0423      0.008     -5.107      0.000      -0.059      -0.026
log_bom_opening_theaters     0.0057      0.002      3.139      0.002       0.002       0.009
genres_count                -0.0122      0.007     -1.759      0.079      -0.026       0.001
yr_1993                     -0.0077      0.035     -0.218      0.828      -0.077       0.061
yr_1994                     -0.0042      0.036     -0.116      0.908      -0.075       0.067
yr_1995                      0.0387      0.035      1.090      0.276      -0.031       0.108
yr_1996                      0.0109      0.035      0.310      0.756      -0.058       0.080
yr_1997                      0.0099      0.036      0.276      0.782      -0.060       0.080
yr_1998                      0.0605      0.034      1.761      0.078      -0.007       0.128
yr_1999                      0.0568      0.033      1.705      0.088      -0.008       0.122
yr_2000                     -0.0096      0.034     -0.278      0.781      -0.077       0.058
yr_2001                      0.0599      0.034      1.763      0.078      -0.007       0.127
yr_2002                      0.0137      0.033      0.413      0.680      -0.052       0.079
yr_2003                     -0.0017      0.034     -0.051      0.959      -0.067       0.064
yr_2004                      0.0550      0.033      1.652      0.099      -0.010       0.120
yr_2005                      0.0441      0.033      1.330      0.184      -0.021       0.109
yr_2006                      0.1004      0.033      3.055      0.002       0.036       0.165
yr_2007                      0.1106      0.033      3.384      0.001       0.047       0.175
yr_2008                      0.0527      0.033      1.606      0.108      -0.012       0.117
yr_2009                      0.0338      0.033      1.012      0.312      -0.032       0.099
yr_2010                      0.0260      0.033      0.786      0.432      -0.039       0.091
yr_2011                      0.0237      0.033      0.724      0.469      -0.040       0.088
yr_2012                      0.0132      0.032      0.407      0.684      -0.050       0.077
yr_2013                      0.0057      0.033      0.174      0.862      -0.058       0.070
yr_2014                      0.0327      0.033      0.989      0.323      -0.032       0.098
yr_2015                     -0.0302      0.033     -0.921      0.357      -0.094       0.034
yr_2016                     -0.0332      0.033     -1.002      0.316      -0.098       0.032
yr_2017                      0.0208      0.033      0.623      0.533      -0.045       0.086
yr_2018                      0.0095      0.034      0.284      0.776      -0.056       0.075
mo_2                         0.0073      0.020      0.363      0.716      -0.032       0.047
mo_3                        -0.0041      0.019     -0.214      0.830      -0.042       0.033
mo_4                        -0.0063      0.019     -0.327      0.744      -0.044       0.032
mo_5                        -0.0144      0.020     -0.702      0.483      -0.055       0.026
mo_6                        -0.0264      0.020     -1.313      0.189      -0.066       0.013
mo_7                        -0.0246      0.020     -1.249      0.212      -0.063       0.014
mo_8                        -0.0264      0.019     -1.408      0.159      -0.063       0.010
mo_9                        -0.0281      0.019     -1.463      0.144      -0.066       0.010
mo_10                       -0.0074      0.019     -0.394      0.693      -0.044       0.030
mo_11                       -0.0292      0.019     -1.506      0.132      -0.067       0.009
mo_12                       -0.0255      0.019     -1.357      0.175      -0.062       0.011
genre_Action                -0.0528      0.011     -4.804      0.000      -0.074      -0.031
genre_Adventure             -0.0033      0.012     -0.280      0.779      -0.026       0.020
genre_Animation             -0.0304      0.018     -1.650      0.099      -0.067       0.006
genre_Biography             -0.0934      0.015     -6.385      0.000      -0.122      -0.065
genre_Comedy                -0.0037      0.010     -0.373      0.709      -0.023       0.016
genre_Crime                 -0.0892      0.011     -8.422      0.000      -0.110      -0.068
genre_Drama                  0.0202      0.010      2.055      0.040       0.001       0.040
genre_Family                 0.0704      0.015      4.646      0.000       0.041       0.100
genre_Fantasy                0.0065      0.013      0.495      0.620      -0.019       0.032
genre_History                0.0187      0.021      0.884      0.377      -0.023       0.060
genre_Horror                -0.0332      0.015     -2.212      0.027      -0.063      -0.004
genre_Music                  0.1107      0.020      5.613      0.000       0.072       0.149
genre_Musical                0.3174      0.044      7.136      0.000       0.230       0.405
genre_Mystery               -0.0623      0.013     -4.791      0.000      -0.088      -0.037
genre_News                8.725e-19   6.28e-18      0.139      0.890   -1.14e-17    1.32e-17
genre_Romance               -0.0217      0.011     -2.038      0.042      -0.042      -0.001
genre_Sci_Fi                -0.0129      0.014     -0.917      0.359      -0.040       0.015
genre_Short              -8.224e-18   4.66e-18     -1.764      0.078   -1.74e-17    9.19e-19
genre_Sport                 -0.0362      0.021     -1.691      0.091      -0.078       0.006
genre_Thriller              -0.0724      0.011     -6.597      0.000      -0.094      -0.051
genre_War                    0.0048      0.030      0.157      0.875      -0.054       0.064
genre_Western               -0.0497      0.052     -0.959      0.338      -0.151       0.052
==============================================================================
Omnibus:                     1579.337   Durbin-Watson:                   2.022
Prob(Omnibus):                  0.000   Jarque-Bera (JB):            12795.631
Skew:                           1.767   Prob(JB):                         0.00
Kurtosis:                      11.251   Cond. No.                     1.02e+16
==============================================================================

Notes:
[1] Standard Errors assume that the covariance matrix of the errors is correctly specified.
[2] The smallest eigenvalue is 6.08e-27. This might indicate that there are
strong multicollinearity problems or that the design matrix is singular.