                            OLS Regression Results                            
==============================================================================
Dep. Variable:              sd_pooled   R-squared:                       0.561
Model:                            OLS   Adj. R-squared:                  0.553
Method:                 Least Squares   F-statistic:                     74.77
Date:                Tue, 31 Mar 2026   Prob (F-statistic):               0.00
Time:                        12:45:22   Log-Likelihood:                 481.37
No. Observations:                3812   AIC:                            -832.7
Df Residuals:                    3747   BIC:                            -426.8
Df Model:                          64                                         
Covariance Type:            nonrobust                                         
============================================================================================
                               coef    std err          t      P>|t|      [0.025      0.975]
--------------------------------------------------------------------------------------------
const                        3.3830      0.050     67.671      0.000       3.285       3.481
FLead                        0.0497      0.008      5.993      0.000       0.033       0.066
mean_pooled                 -0.2342      0.005    -51.364      0.000      -0.243      -0.225
kim_violence_gore            0.0121      0.003      4.608      0.000       0.007       0.017
kim_sex_nudity               0.0116      0.002      5.532      0.000       0.007       0.016
kim_language                -0.0150      0.002     -7.715      0.000      -0.019      -0.011
major                       -0.0407      0.008     -4.882      0.000      -0.057      -0.024
log_bom_opening_theaters     0.0058      0.002      3.173      0.002       0.002       0.009
genres_count                -0.0095      0.007     -1.343      0.179      -0.023       0.004
yr_1993                     -0.0102      0.036     -0.287      0.774      -0.080       0.059
yr_1994                      0.0013      0.037      0.036      0.971      -0.071       0.073
yr_1995                      0.0405      0.036      1.124      0.261      -0.030       0.111
yr_1996                      0.0089      0.035      0.253      0.800      -0.060       0.078
yr_1997                      0.0109      0.036      0.306      0.760      -0.059       0.081
yr_1998                      0.0608      0.035      1.755      0.079      -0.007       0.129
yr_1999                      0.0570      0.034      1.693      0.090      -0.009       0.123
yr_2000                     -0.0044      0.035     -0.127      0.899      -0.073       0.064
yr_2001                      0.0534      0.034      1.571      0.116      -0.013       0.120
yr_2002                      0.0168      0.034      0.499      0.618      -0.049       0.083
yr_2003                     -0.0010      0.034     -0.029      0.977      -0.067       0.065
yr_2004                      0.0553      0.034      1.645      0.100      -0.011       0.121
yr_2005                      0.0470      0.033      1.415      0.157      -0.018       0.112
yr_2006                      0.0974      0.033      2.949      0.003       0.033       0.162
yr_2007                      0.1110      0.033      3.388      0.001       0.047       0.175
yr_2008                      0.0525      0.033      1.583      0.114      -0.013       0.117
yr_2009                      0.0357      0.034      1.063      0.288      -0.030       0.102
yr_2010                      0.0215      0.033      0.643      0.520      -0.044       0.087
yr_2011                      0.0284      0.033      0.859      0.391      -0.036       0.093
yr_2012                      0.0137      0.033      0.419      0.675      -0.050       0.078
yr_2013                      0.0063      0.033      0.194      0.846      -0.058       0.071
yr_2014                      0.0405      0.033      1.222      0.222      -0.024       0.105
yr_2015                     -0.0282      0.033     -0.854      0.393      -0.093       0.037
yr_2016                     -0.0340      0.033     -1.022      0.307      -0.099       0.031
yr_2017                      0.0220      0.034      0.652      0.514      -0.044       0.088
yr_2018                      0.0126      0.034      0.374      0.708      -0.053       0.079
mo_2                         0.0059      0.020      0.295      0.768      -0.033       0.045
mo_3                        -0.0055      0.019     -0.287      0.774      -0.043       0.032
mo_4                        -0.0008      0.019     -0.040      0.968      -0.038       0.037
mo_5                        -0.0112      0.020     -0.551      0.582      -0.051       0.029
mo_6                        -0.0262      0.020     -1.306      0.192      -0.065       0.013
mo_7                        -0.0275      0.019     -1.411      0.158      -0.066       0.011
mo_8                        -0.0265      0.019     -1.418      0.156      -0.063       0.010
mo_9                        -0.0286      0.019     -1.494      0.135      -0.066       0.009
mo_10                       -0.0098      0.019     -0.520      0.603      -0.047       0.027
mo_11                       -0.0237      0.019     -1.228      0.220      -0.062       0.014
mo_12                       -0.0260      0.019     -1.398      0.162      -0.063       0.010
genre_Action                -0.0542      0.011     -4.918      0.000      -0.076      -0.033
genre_Adventure             -0.0086      0.012     -0.734      0.463      -0.031       0.014
genre_Animation             -0.0297      0.019     -1.602      0.109      -0.066       0.007
genre_Biography             -0.0925      0.015     -6.285      0.000      -0.121      -0.064
genre_Comedy                -0.0036      0.010     -0.362      0.717      -0.023       0.016
genre_Crime                 -0.0886      0.011     -8.352      0.000      -0.109      -0.068
genre_Drama                  0.0157      0.010      1.587      0.112      -0.004       0.035
genre_Family                 0.0777      0.015      5.177      0.000       0.048       0.107
genre_Fantasy                0.0018      0.013      0.139      0.889      -0.024       0.028
genre_History                0.0100      0.021      0.471      0.638      -0.032       0.052
genre_Horror                -0.0376      0.015     -2.499      0.013      -0.067      -0.008
genre_Music                  0.1112      0.019      5.733      0.000       0.073       0.149
genre_Musical                0.3310      0.047      7.102      0.000       0.240       0.422
genre_Mystery               -0.0587      0.013     -4.517      0.000      -0.084      -0.033
genre_News               -1.367e-18   5.35e-18     -0.256      0.798   -1.19e-17    9.12e-18
genre_Romance               -0.0177      0.011     -1.663      0.096      -0.039       0.003
genre_Sci_Fi                -0.0158      0.014     -1.131      0.258      -0.043       0.012
genre_Short              -6.282e-19   1.96e-18     -0.321      0.748   -4.47e-18    3.21e-18
genre_Sport                 -0.0408      0.021     -1.911      0.056      -0.083       0.001
genre_Thriller              -0.0737      0.011     -6.699      0.000      -0.095      -0.052
genre_War                    0.0042      0.030      0.141      0.888      -0.055       0.063
genre_Western               -0.0398      0.054     -0.743      0.458      -0.145       0.065
==============================================================================
Omnibus:                     1582.643   Durbin-Watson:                   2.011
Prob(Omnibus):                  0.000   Jarque-Bera (JB):            13023.818
Skew:                           1.766   Prob(JB):                         0.00
Kurtosis:                      11.338   Cond. No.                     1.02e+16
==============================================================================

Notes:
[1] Standard Errors assume that the covariance matrix of the errors is correctly specified.
[2] The smallest eigenvalue is 6.07e-27. This might indicate that there are
strong multicollinearity problems or that the design matrix is singular.