                            OLS Regression Results                            
==============================================================================
Dep. Variable:              sd_pooled   R-squared:                       0.562
Model:                            OLS   Adj. R-squared:                  0.554
Method:                 Least Squares   F-statistic:                     75.04
Date:                Sun, 29 Mar 2026   Prob (F-statistic):               0.00
Time:                        15:06:26   Log-Likelihood:                 510.33
No. Observations:                3812   AIC:                            -890.7
Df Residuals:                    3747   BIC:                            -484.7
Df Model:                          64                                         
Covariance Type:            nonrobust                                         
============================================================================================
                               coef    std err          t      P>|t|      [0.025      0.975]
--------------------------------------------------------------------------------------------
const                        3.3693      0.050     67.684      0.000       3.272       3.467
FLead                        0.0500      0.008      6.093      0.000       0.034       0.066
mean_pooled                 -0.2330      0.005    -51.646      0.000      -0.242      -0.224
kim_violence_gore            0.0114      0.003      4.379      0.000       0.006       0.017
kim_sex_nudity               0.0115      0.002      5.531      0.000       0.007       0.016
kim_language                -0.0145      0.002     -7.515      0.000      -0.018      -0.011
major                       -0.0421      0.008     -5.105      0.000      -0.058      -0.026
log_bom_opening_theaters     0.0061      0.002      3.353      0.001       0.003       0.010
genres_count                -0.0094      0.007     -1.365      0.172      -0.023       0.004
yr_1993                     -0.0034      0.035     -0.097      0.922      -0.073       0.066
yr_1994                      0.0019      0.036      0.053      0.958      -0.069       0.073
yr_1995                      0.0423      0.036      1.184      0.236      -0.028       0.112
yr_1996                      0.0055      0.035      0.157      0.875      -0.063       0.074
yr_1997                      0.0072      0.035      0.202      0.840      -0.062       0.077
yr_1998                      0.0629      0.034      1.834      0.067      -0.004       0.130
yr_1999                      0.0598      0.033      1.787      0.074      -0.006       0.125
yr_2000                     -0.0136      0.034     -0.395      0.693      -0.081       0.054
yr_2001                      0.0551      0.034      1.633      0.103      -0.011       0.121
yr_2002                      0.0134      0.033      0.402      0.688      -0.052       0.079
yr_2003                     -0.0061      0.033     -0.182      0.856      -0.071       0.059
yr_2004                      0.0598      0.033      1.802      0.072      -0.005       0.125
yr_2005                      0.0394      0.033      1.194      0.233      -0.025       0.104
yr_2006                      0.0962      0.033      2.923      0.003       0.032       0.161
yr_2007                      0.1082      0.033      3.315      0.001       0.044       0.172
yr_2008                      0.0531      0.033      1.617      0.106      -0.011       0.117
yr_2009                      0.0240      0.033      0.722      0.470      -0.041       0.089
yr_2010                      0.0236      0.033      0.713      0.476      -0.041       0.089
yr_2011                      0.0292      0.033      0.896      0.370      -0.035       0.093
yr_2012                      0.0108      0.032      0.334      0.738      -0.053       0.074
yr_2013                      0.0050      0.033      0.153      0.878      -0.059       0.069
yr_2014                      0.0393      0.033      1.192      0.233      -0.025       0.104
yr_2015                     -0.0326      0.033     -0.997      0.319      -0.097       0.032
yr_2016                     -0.0360      0.033     -1.089      0.276      -0.101       0.029
yr_2017                      0.0168      0.033      0.505      0.614      -0.049       0.082
yr_2018                      0.0112      0.033      0.336      0.737      -0.054       0.077
mo_2                         0.0157      0.020      0.785      0.433      -0.024       0.055
mo_3                         0.0070      0.019      0.364      0.716      -0.031       0.045
mo_4                         0.0092      0.019      0.476      0.634      -0.029       0.047
mo_5                         0.0014      0.020      0.068      0.946      -0.039       0.042
mo_6                        -0.0135      0.020     -0.672      0.502      -0.053       0.026
mo_7                        -0.0102      0.020     -0.521      0.603      -0.049       0.028
mo_8                        -0.0163      0.019     -0.866      0.387      -0.053       0.021
mo_9                        -0.0165      0.019     -0.860      0.390      -0.054       0.021
mo_10                        0.0034      0.019      0.180      0.857      -0.034       0.040
mo_11                       -0.0119      0.019     -0.612      0.540      -0.050       0.026
mo_12                       -0.0183      0.019     -0.975      0.329      -0.055       0.019
genre_Action                -0.0558      0.011     -5.150      0.000      -0.077      -0.035
genre_Adventure             -0.0072      0.011     -0.627      0.531      -0.030       0.015
genre_Animation             -0.0229      0.018     -1.250      0.211      -0.059       0.013
genre_Biography             -0.0924      0.015     -6.336      0.000      -0.121      -0.064
genre_Comedy                -0.0059      0.010     -0.606      0.544      -0.025       0.013
genre_Crime                 -0.0888      0.010     -8.471      0.000      -0.109      -0.068
genre_Drama                  0.0133      0.010      1.369      0.171      -0.006       0.032
genre_Family                 0.0714      0.015      4.785      0.000       0.042       0.101
genre_Fantasy                0.0022      0.013      0.168      0.867      -0.023       0.027
genre_History                0.0250      0.021      1.191      0.234      -0.016       0.066
genre_Horror                -0.0303      0.015     -2.024      0.043      -0.060      -0.001
genre_Music                  0.1083      0.020      5.447      0.000       0.069       0.147
genre_Musical                0.3180      0.043      7.361      0.000       0.233       0.403
genre_Mystery               -0.0597      0.013     -4.640      0.000      -0.085      -0.034
genre_News               -6.136e-18   2.91e-18     -2.105      0.035   -1.19e-17   -4.21e-19
genre_Romance               -0.0206      0.011     -1.959      0.050      -0.041    1.72e-05
genre_Sci_Fi                -0.0118      0.014     -0.852      0.394      -0.039       0.015
genre_Short              -2.992e-18   6.64e-18     -0.450      0.652    -1.6e-17       1e-17
genre_Sport                 -0.0386      0.021     -1.821      0.069      -0.080       0.003
genre_Thriller              -0.0753      0.011     -6.917      0.000      -0.097      -0.054
genre_War                    0.0087      0.029      0.298      0.766      -0.049       0.066
genre_Western               -0.0472      0.051     -0.917      0.359      -0.148       0.054
==============================================================================
Omnibus:                     1607.653   Durbin-Watson:                   1.991
Prob(Omnibus):                  0.000   Jarque-Bera (JB):            13616.217
Skew:                           1.790   Prob(JB):                         0.00
Kurtosis:                      11.538   Cond. No.                     1.02e+16
==============================================================================

Notes:
[1] Standard Errors assume that the covariance matrix of the errors is correctly specified.
[2] The smallest eigenvalue is 6.07e-27. This might indicate that there are
strong multicollinearity problems or that the design matrix is singular.