                            OLS Regression Results                            
==============================================================================
Dep. Variable:              sd_pooled   R-squared:                       0.561
Model:                            OLS   Adj. R-squared:                  0.552
Method:                 Least Squares   F-statistic:                     62.87
Date:                Tue, 31 Mar 2026   Prob (F-statistic):               0.00
Time:                        19:30:43   Log-Likelihood:                 388.13
No. Observations:                3210   AIC:                            -646.3
Df Residuals:                    3145   BIC:                            -251.5
Df Model:                          64                                         
Covariance Type:            nonrobust                                         
============================================================================================
                               coef    std err          t      P>|t|      [0.025      0.975]
--------------------------------------------------------------------------------------------
const                        3.4012      0.055     61.461      0.000       3.293       3.510
FLead                        0.0476      0.009      5.218      0.000       0.030       0.065
mean_pooled                 -0.2349      0.005    -47.007      0.000      -0.245      -0.225
kim_violence_gore            0.0127      0.003      4.410      0.000       0.007       0.018
kim_sex_nudity               0.0104      0.002      4.502      0.000       0.006       0.015
kim_language                -0.0154      0.002     -7.323      0.000      -0.020      -0.011
major                       -0.0424      0.009     -4.664      0.000      -0.060      -0.025
log_bom_opening_theaters     0.0069      0.002      3.460      0.001       0.003       0.011
genres_count                -0.0150      0.007     -2.006      0.045      -0.030      -0.000
yr_1993                     -0.0067      0.040     -0.169      0.866      -0.085       0.071
yr_1994                      0.0037      0.041      0.091      0.928      -0.077       0.084
yr_1995                      0.0535      0.040      1.336      0.182      -0.025       0.132
yr_1996                      0.0163      0.040      0.411      0.681      -0.061       0.094
yr_1997                      0.0144      0.040      0.361      0.718      -0.064       0.092
yr_1998                      0.0565      0.039      1.460      0.144      -0.019       0.132
yr_1999                      0.0468      0.038      1.235      0.217      -0.027       0.121
yr_2000                     -0.0169      0.039     -0.437      0.662      -0.093       0.059
yr_2001                      0.0796      0.038      2.078      0.038       0.005       0.155
yr_2002                      0.0159      0.038      0.423      0.672      -0.058       0.090
yr_2003                      0.0063      0.038      0.166      0.868      -0.068       0.080
yr_2004                      0.0721      0.037      1.935      0.053      -0.001       0.145
yr_2005                      0.0423      0.037      1.133      0.257      -0.031       0.116
yr_2006                      0.0845      0.037      2.277      0.023       0.012       0.157
yr_2007                      0.1315      0.037      3.571      0.000       0.059       0.204
yr_2008                      0.0609      0.037      1.647      0.100      -0.012       0.133
yr_2009                      0.0347      0.038      0.917      0.359      -0.039       0.109
yr_2010                      0.0367      0.037      0.987      0.324      -0.036       0.110
yr_2011                      0.0326      0.037      0.880      0.379      -0.040       0.105
yr_2012                      0.0281      0.037      0.770      0.442      -0.044       0.100
yr_2013                      0.0172      0.037      0.467      0.641      -0.055       0.089
yr_2014                      0.0527      0.038      1.403      0.161      -0.021       0.126
yr_2015                     -0.0231      0.037     -0.621      0.535      -0.096       0.050
yr_2016                     -0.0266      0.037     -0.715      0.475      -0.100       0.046
yr_2017                      0.0223      0.037      0.595      0.552      -0.051       0.096
yr_2018                      0.0083      0.038      0.218      0.828      -0.066       0.083
mo_2                        -0.0111      0.022     -0.503      0.615      -0.055       0.032
mo_3                        -0.0135      0.021     -0.640      0.522      -0.055       0.028
mo_4                         0.0025      0.021      0.119      0.905      -0.039       0.044
mo_5                        -0.0176      0.022     -0.784      0.433      -0.062       0.026
mo_6                        -0.0271      0.022     -1.220      0.223      -0.071       0.016
mo_7                        -0.0251      0.022     -1.164      0.245      -0.067       0.017
mo_8                        -0.0314      0.021     -1.514      0.130      -0.072       0.009
mo_9                        -0.0277      0.021     -1.321      0.187      -0.069       0.013
mo_10                       -0.0100      0.021     -0.485      0.628      -0.051       0.031
mo_11                       -0.0355      0.021     -1.670      0.095      -0.077       0.006
mo_12                       -0.0384      0.021     -1.870      0.062      -0.079       0.002
genre_Action                -0.0555      0.012     -4.572      0.000      -0.079      -0.032
genre_Adventure             -0.0139      0.013     -1.070      0.285      -0.039       0.012
genre_Animation             -0.0179      0.021     -0.866      0.387      -0.058       0.023
genre_Biography             -0.0863      0.016     -5.340      0.000      -0.118      -0.055
genre_Comedy                -0.0046      0.011     -0.427      0.669      -0.026       0.016
genre_Crime                 -0.0940      0.012     -8.012      0.000      -0.117      -0.071
genre_Drama                  0.0175      0.011      1.614      0.107      -0.004       0.039
genre_Family                 0.0780      0.017      4.567      0.000       0.045       0.111
genre_Fantasy                0.0055      0.015      0.369      0.712      -0.023       0.034
genre_History                0.0127      0.023      0.549      0.583      -0.033       0.058
genre_Horror                -0.0386      0.017     -2.309      0.021      -0.071      -0.006
genre_Music                  0.1301      0.022      5.966      0.000       0.087       0.173
genre_Musical                0.2973      0.051      5.831      0.000       0.197       0.397
genre_Mystery               -0.0448      0.014     -3.099      0.002      -0.073      -0.016
genre_News               -1.908e-18   3.65e-18     -0.523      0.601   -9.06e-18    5.24e-18
genre_Romance               -0.0260      0.012     -2.226      0.026      -0.049      -0.003
genre_Sci_Fi                -0.0147      0.016     -0.931      0.352      -0.046       0.016
genre_Short               1.175e-17   2.69e-18      4.366      0.000    6.47e-18     1.7e-17
genre_Sport                 -0.0460      0.024     -1.914      0.056      -0.093       0.001
genre_Thriller              -0.0798      0.012     -6.577      0.000      -0.104      -0.056
genre_War                    0.0277      0.033      0.832      0.405      -0.038       0.093
genre_Western               -0.0616      0.054     -1.139      0.255      -0.168       0.044
==============================================================================
Omnibus:                     1376.552   Durbin-Watson:                   2.041
Prob(Omnibus):                  0.000   Jarque-Bera (JB):            11871.542
Skew:                           1.816   Prob(JB):                         0.00
Kurtosis:                      11.693   Cond. No.                     1.02e+16
==============================================================================

Notes:
[1] Standard Errors assume that the covariance matrix of the errors is correctly specified.
[2] The smallest eigenvalue is 5.11e-27. This might indicate that there are
strong multicollinearity problems or that the design matrix is singular.