                            OLS Regression Results                            
==============================================================================
Dep. Variable:              sd_pooled   R-squared:                       0.565
Model:                            OLS   Adj. R-squared:                  0.556
Method:                 Least Squares   F-statistic:                     63.79
Date:                Tue, 31 Mar 2026   Prob (F-statistic):               0.00
Time:                        19:33:37   Log-Likelihood:                 465.56
No. Observations:                3210   AIC:                            -801.1
Df Residuals:                    3145   BIC:                            -406.3
Df Model:                          64                                         
Covariance Type:            nonrobust                                         
============================================================================================
                               coef    std err          t      P>|t|      [0.025      0.975]
--------------------------------------------------------------------------------------------
const                        3.3573      0.054     61.817      0.000       3.251       3.464
FLead                        0.0503      0.009      5.707      0.000       0.033       0.068
mean_pooled                 -0.2316      0.005    -46.877      0.000      -0.241      -0.222
kim_violence_gore            0.0121      0.003      4.280      0.000       0.007       0.018
kim_sex_nudity               0.0107      0.002      4.710      0.000       0.006       0.015
kim_language                -0.0147      0.002     -7.146      0.000      -0.019      -0.011
major                       -0.0451      0.009     -5.019      0.000      -0.063      -0.027
log_bom_opening_theaters     0.0069      0.002      3.529      0.000       0.003       0.011
genres_count                -0.0112      0.007     -1.517      0.129      -0.026       0.003
yr_1993                      0.0112      0.039      0.285      0.776      -0.066       0.088
yr_1994                      0.0282      0.042      0.679      0.497      -0.053       0.110
yr_1995                      0.0573      0.040      1.422      0.155      -0.022       0.136
yr_1996                      0.0347      0.039      0.881      0.378      -0.042       0.112
yr_1997                      0.0232      0.040      0.579      0.562      -0.055       0.102
yr_1998                      0.0740      0.039      1.911      0.056      -0.002       0.150
yr_1999                      0.0870      0.038      2.295      0.022       0.013       0.161
yr_2000                      0.0108      0.039      0.275      0.783      -0.066       0.087
yr_2001                      0.0668      0.038      1.760      0.079      -0.008       0.141
yr_2002                      0.0335      0.037      0.898      0.369      -0.040       0.107
yr_2003                      0.0086      0.038      0.228      0.820      -0.065       0.083
yr_2004                      0.0597      0.037      1.600      0.110      -0.013       0.133
yr_2005                      0.0751      0.037      2.022      0.043       0.002       0.148
yr_2006                      0.0982      0.037      2.651      0.008       0.026       0.171
yr_2007                      0.1306      0.037      3.538      0.000       0.058       0.203
yr_2008                      0.0604      0.037      1.627      0.104      -0.012       0.133
yr_2009                      0.0374      0.038      0.995      0.320      -0.036       0.111
yr_2010                      0.0472      0.038      1.257      0.209      -0.026       0.121
yr_2011                      0.0416      0.037      1.138      0.255      -0.030       0.113
yr_2012                      0.0256      0.037      0.699      0.485      -0.046       0.097
yr_2013                      0.0109      0.037      0.297      0.767      -0.061       0.083
yr_2014                      0.0476      0.037      1.275      0.202      -0.026       0.121
yr_2015                     -0.0058      0.037     -0.156      0.876      -0.078       0.067
yr_2016                     -0.0177      0.037     -0.472      0.637      -0.091       0.056
yr_2017                      0.0410      0.037      1.095      0.274      -0.032       0.114
yr_2018                      0.0073      0.038      0.191      0.849      -0.068       0.083
mo_2                        -0.0018      0.021     -0.086      0.931      -0.043       0.039
mo_3                        -0.0081      0.020     -0.399      0.690      -0.048       0.032
mo_4                        -0.0069      0.020     -0.339      0.734      -0.046       0.033
mo_5                        -0.0055      0.021     -0.256      0.798      -0.048       0.037
mo_6                        -0.0313      0.021     -1.473      0.141      -0.073       0.010
mo_7                        -0.0278      0.021     -1.341      0.180      -0.068       0.013
mo_8                        -0.0307      0.020     -1.539      0.124      -0.070       0.008
mo_9                        -0.0387      0.021     -1.887      0.059      -0.079       0.002
mo_10                       -0.0129      0.020     -0.651      0.515      -0.052       0.026
mo_11                       -0.0305      0.020     -1.498      0.134      -0.070       0.009
mo_12                       -0.0317      0.020     -1.605      0.109      -0.071       0.007
genre_Action                -0.0540      0.012     -4.470      0.000      -0.078      -0.030
genre_Adventure              0.0027      0.013      0.214      0.831      -0.022       0.028
genre_Animation             -0.0217      0.020     -1.071      0.284      -0.061       0.018
genre_Biography             -0.0916      0.016     -5.804      0.000      -0.123      -0.061
genre_Comedy                -0.0056      0.011     -0.526      0.599      -0.027       0.015
genre_Crime                 -0.0945      0.012     -8.184      0.000      -0.117      -0.072
genre_Drama                  0.0144      0.011      1.356      0.175      -0.006       0.035
genre_Family                 0.0752      0.016      4.619      0.000       0.043       0.107
genre_Fantasy                0.0017      0.014      0.123      0.902      -0.026       0.030
genre_History                0.0334      0.023      1.458      0.145      -0.012       0.078
genre_Horror                -0.0371      0.016     -2.273      0.023      -0.069      -0.005
genre_Music                  0.1116      0.021      5.323      0.000       0.070       0.153
genre_Musical                0.2795      0.050      5.609      0.000       0.182       0.377
genre_Mystery               -0.0598      0.014     -4.181      0.000      -0.088      -0.032
genre_News                5.436e-17   2.21e-17      2.460      0.014     1.1e-17    9.77e-17
genre_Romance               -0.0166      0.011     -1.458      0.145      -0.039       0.006
genre_Sci_Fi                -0.0150      0.015     -0.982      0.326      -0.045       0.015
genre_Short               1.353e-16   5.19e-17      2.609      0.009    3.36e-17    2.37e-16
genre_Sport                 -0.0419      0.023     -1.794      0.073      -0.088       0.004
genre_Thriller              -0.0763      0.012     -6.386      0.000      -0.100      -0.053
genre_War                   -0.0005      0.031     -0.017      0.986      -0.060       0.059
genre_Western               -0.0151      0.059     -0.257      0.797      -0.131       0.100
==============================================================================
Omnibus:                     1369.811   Durbin-Watson:                   2.017
Prob(Omnibus):                  0.000   Jarque-Bera (JB):            12201.883
Skew:                           1.794   Prob(JB):                         0.00
Kurtosis:                      11.852   Cond. No.                     1.02e+16
==============================================================================

Notes:
[1] Standard Errors assume that the covariance matrix of the errors is correctly specified.
[2] The smallest eigenvalue is 5.08e-27. This might indicate that there are
strong multicollinearity problems or that the design matrix is singular.