                            OLS Regression Results                            
==============================================================================
Dep. Variable:              sd_pooled   R-squared:                       0.563
Model:                            OLS   Adj. R-squared:                  0.556
Method:                 Least Squares   F-statistic:                     79.33
Date:                Tue, 31 Mar 2026   Prob (F-statistic):               0.00
Time:                        20:54:48   Log-Likelihood:                 536.32
No. Observations:                4012   AIC:                            -942.6
Df Residuals:                    3947   BIC:                            -533.3
Df Model:                          64                                         
Covariance Type:            nonrobust                                         
============================================================================================
                               coef    std err          t      P>|t|      [0.025      0.975]
--------------------------------------------------------------------------------------------
const                        3.3803      0.048     69.917      0.000       3.285       3.475
FLead                        0.0469      0.008      5.841      0.000       0.031       0.063
mean_pooled                 -0.2334      0.004    -53.039      0.000      -0.242      -0.225
kim_violence_gore            0.0123      0.003      4.831      0.000       0.007       0.017
kim_sex_nudity               0.0117      0.002      5.772      0.000       0.008       0.016
kim_language                -0.0156      0.002     -8.328      0.000      -0.019      -0.012
major                       -0.0395      0.008     -4.920      0.000      -0.055      -0.024
log_bom_opening_theaters     0.0055      0.002      3.101      0.002       0.002       0.009
genres_count                -0.0096      0.007     -1.413      0.158      -0.023       0.004
yr_1993                     -0.0060      0.034     -0.173      0.862      -0.073       0.062
yr_1994                     -0.0028      0.035     -0.079      0.937      -0.072       0.066
yr_1995                      0.0430      0.035      1.240      0.215      -0.025       0.111
yr_1996                      0.0083      0.034      0.245      0.806      -0.058       0.075
yr_1997                      0.0138      0.035      0.398      0.691      -0.054       0.082
yr_1998                      0.0599      0.033      1.791      0.073      -0.006       0.125
yr_1999                      0.0611      0.033      1.876      0.061      -0.003       0.125
yr_2000                     -0.0076      0.034     -0.228      0.820      -0.073       0.058
yr_2001                      0.0559      0.033      1.695      0.090      -0.009       0.121
yr_2002                      0.0157      0.032      0.485      0.628      -0.048       0.079
yr_2003                   2.921e-05      0.033      0.001      0.999      -0.064       0.064
yr_2004                      0.0611      0.032      1.884      0.060      -0.002       0.125
yr_2005                      0.0474      0.032      1.474      0.140      -0.016       0.110
yr_2006                      0.0962      0.032      3.012      0.003       0.034       0.159
yr_2007                      0.1103      0.032      3.467      0.001       0.048       0.173
yr_2008                      0.0525      0.032      1.640      0.101      -0.010       0.115
yr_2009                      0.0320      0.032      0.987      0.324      -0.032       0.096
yr_2010                      0.0268      0.032      0.830      0.407      -0.037       0.090
yr_2011                      0.0298      0.032      0.936      0.349      -0.033       0.092
yr_2012                      0.0151      0.032      0.477      0.634      -0.047       0.077
yr_2013                      0.0067      0.032      0.212      0.832      -0.056       0.069
yr_2014                      0.0383      0.032      1.191      0.234      -0.025       0.101
yr_2015                     -0.0309      0.032     -0.966      0.334      -0.094       0.032
yr_2016                     -0.0362      0.032     -1.126      0.260      -0.099       0.027
yr_2017                      0.0213      0.033      0.654      0.513      -0.042       0.085
yr_2018                      0.0158      0.033      0.484      0.629      -0.048       0.080
mo_2                         0.0082      0.019      0.424      0.671      -0.030       0.046
mo_3                        -0.0038      0.018     -0.208      0.836      -0.040       0.032
mo_4                         0.0009      0.019      0.049      0.961      -0.036       0.038
mo_5                        -0.0125      0.020     -0.633      0.527      -0.051       0.026
mo_6                        -0.0249      0.019     -1.283      0.200      -0.063       0.013
mo_7                        -0.0227      0.019     -1.199      0.230      -0.060       0.014
mo_8                        -0.0249      0.018     -1.368      0.171      -0.061       0.011
mo_9                        -0.0272      0.019     -1.467      0.143      -0.064       0.009
mo_10                       -0.0067      0.018     -0.370      0.711      -0.042       0.029
mo_11                       -0.0242      0.019     -1.291      0.197      -0.061       0.013
mo_12                       -0.0261      0.018     -1.443      0.149      -0.062       0.009
genre_Action                -0.0556      0.011     -5.251      0.000      -0.076      -0.035
genre_Adventure             -0.0059      0.011     -0.526      0.599      -0.028       0.016
genre_Animation             -0.0289      0.018     -1.609      0.108      -0.064       0.006
genre_Biography             -0.0924      0.014     -6.497      0.000      -0.120      -0.064
genre_Comedy                -0.0028      0.010     -0.291      0.771      -0.021       0.016
genre_Crime                 -0.0881      0.010     -8.609      0.000      -0.108      -0.068
genre_Drama                  0.0139      0.010      1.468      0.142      -0.005       0.033
genre_Family                 0.0705      0.015      4.840      0.000       0.042       0.099
genre_Fantasy                0.0037      0.013      0.290      0.772      -0.021       0.028
genre_History                0.0181      0.020      0.887      0.375      -0.022       0.058
genre_Horror                -0.0337      0.015     -2.308      0.021      -0.062      -0.005
genre_Music                  0.1118      0.019      5.853      0.000       0.074       0.149
genre_Musical                0.3178      0.043      7.366      0.000       0.233       0.402
genre_Mystery               -0.0587      0.013     -4.669      0.000      -0.083      -0.034
genre_News                2.093e-17   4.72e-18      4.432      0.000    1.17e-17    3.02e-17
genre_Romance               -0.0183      0.010     -1.778      0.075      -0.038       0.002
genre_Sci_Fi                -0.0124      0.014     -0.914      0.361      -0.039       0.014
genre_Short               8.773e-18   5.69e-18      1.542      0.123   -2.38e-18    1.99e-17
genre_Sport                 -0.0366      0.021     -1.766      0.078      -0.077       0.004
genre_Thriller              -0.0736      0.011     -6.914      0.000      -0.094      -0.053
genre_War                    0.0087      0.029      0.297      0.766      -0.048       0.066
genre_Western               -0.0471      0.051     -0.916      0.359      -0.148       0.054
==============================================================================
Omnibus:                     1644.882   Durbin-Watson:                   2.006
Prob(Omnibus):                  0.000   Jarque-Bera (JB):            13317.514
Skew:                           1.746   Prob(JB):                         0.00
Kurtosis:                      11.214   Cond. No.                     1.02e+16
==============================================================================

Notes:
[1] Standard Errors assume that the covariance matrix of the errors is correctly specified.
[2] The smallest eigenvalue is 6.38e-27. This might indicate that there are
strong multicollinearity problems or that the design matrix is singular.