                            OLS Regression Results                            
==============================================================================
Dep. Variable:              sd_pooled   R-squared:                       0.557
Model:                            OLS   Adj. R-squared:                  0.549
Method:                 Least Squares   F-statistic:                     77.40
Date:                Sun, 29 Mar 2026   Prob (F-statistic):               0.00
Time:                        15:22:29   Log-Likelihood:                 508.56
No. Observations:                4012   AIC:                            -887.1
Df Residuals:                    3947   BIC:                            -477.8
Df Model:                          64                                         
Covariance Type:            nonrobust                                         
============================================================================================
                               coef    std err          t      P>|t|      [0.025      0.975]
--------------------------------------------------------------------------------------------
const                        3.3768      0.049     69.365      0.000       3.281       3.472
FLead                        0.0510      0.008      6.321      0.000       0.035       0.067
mean_pooled                 -0.2355      0.004    -53.131      0.000      -0.244      -0.227
kim_violence_gore            0.0098      0.003      3.816      0.000       0.005       0.015
kim_sex_nudity               0.0085      0.002      4.128      0.000       0.004       0.012
kim_language                -0.0065      0.002     -3.761      0.000      -0.010      -0.003
major                       -0.0386      0.008     -4.772      0.000      -0.054      -0.023
log_bom_opening_theaters     0.0058      0.002      3.254      0.001       0.002       0.009
genres_count                -0.0065      0.007     -0.951      0.342      -0.020       0.007
yr_1993                     -0.0079      0.035     -0.227      0.820      -0.076       0.060
yr_1994                     -0.0034      0.035     -0.095      0.924      -0.073       0.066
yr_1995                      0.0362      0.035      1.038      0.299      -0.032       0.105
yr_1996                     -0.0038      0.034     -0.111      0.912      -0.071       0.063
yr_1997                      0.0012      0.035      0.033      0.973      -0.067       0.069
yr_1998                      0.0478      0.034      1.422      0.155      -0.018       0.114
yr_1999                      0.0500      0.033      1.526      0.127      -0.014       0.114
yr_2000                     -0.0181      0.034     -0.536      0.592      -0.084       0.048
yr_2001                      0.0495      0.033      1.490      0.136      -0.016       0.115
yr_2002                      0.0077      0.033      0.235      0.814      -0.056       0.072
yr_2003                     -0.0046      0.033     -0.140      0.889      -0.069       0.060
yr_2004                      0.0619      0.033      1.897      0.058      -0.002       0.126
yr_2005                      0.0461      0.032      1.423      0.155      -0.017       0.110
yr_2006                      0.0963      0.032      2.993      0.003       0.033       0.159
yr_2007                      0.1080      0.032      3.371      0.001       0.045       0.171
yr_2008                      0.0469      0.032      1.455      0.146      -0.016       0.110
yr_2009                      0.0279      0.033      0.855      0.393      -0.036       0.092
yr_2010                      0.0210      0.033      0.645      0.519      -0.043       0.085
yr_2011                      0.0258      0.032      0.806      0.421      -0.037       0.089
yr_2012                      0.0067      0.032      0.209      0.834      -0.056       0.069
yr_2013                     -0.0003      0.032     -0.010      0.992      -0.063       0.062
yr_2014                      0.0291      0.032      0.900      0.368      -0.034       0.093
yr_2015                     -0.0444      0.032     -1.383      0.167      -0.107       0.019
yr_2016                     -0.0438      0.032     -1.350      0.177      -0.107       0.020
yr_2017                      0.0111      0.033      0.339      0.734      -0.053       0.075
yr_2018                      0.0035      0.033      0.107      0.915      -0.061       0.068
mo_2                         0.0108      0.020      0.552      0.581      -0.028       0.049
mo_3                        -0.0046      0.019     -0.246      0.806      -0.041       0.032
mo_4                         0.0024      0.019      0.130      0.897      -0.034       0.039
mo_5                        -0.0086      0.020     -0.436      0.663      -0.048       0.030
mo_6                        -0.0251      0.020     -1.280      0.201      -0.063       0.013
mo_7                        -0.0233      0.019     -1.223      0.222      -0.061       0.014
mo_8                        -0.0250      0.018     -1.360      0.174      -0.061       0.011
mo_9                        -0.0281      0.019     -1.505      0.132      -0.065       0.009
mo_10                       -0.0090      0.018     -0.491      0.623      -0.045       0.027
mo_11                       -0.0203      0.019     -1.079      0.281      -0.057       0.017
mo_12                       -0.0246      0.018     -1.352      0.177      -0.060       0.011
genre_Action                -0.0572      0.011     -5.357      0.000      -0.078      -0.036
genre_Adventure              0.0008      0.011      0.068      0.946      -0.021       0.023
genre_Animation             -0.0162      0.018     -0.902      0.367      -0.052       0.019
genre_Biography             -0.0951      0.014     -6.648      0.000      -0.123      -0.067
genre_Comedy                -0.0135      0.009     -1.428      0.153      -0.032       0.005
genre_Crime                 -0.1005      0.010     -9.876      0.000      -0.120      -0.081
genre_Drama                  0.0090      0.010      0.942      0.346      -0.010       0.028
genre_Family                 0.0815      0.015      5.592      0.000       0.053       0.110
genre_Fantasy                0.0105      0.013      0.826      0.409      -0.014       0.035
genre_History                0.0288      0.020      1.407      0.160      -0.011       0.069
genre_Horror                -0.0382      0.015     -2.605      0.009      -0.067      -0.009
genre_Music                  0.1048      0.019      5.455      0.000       0.067       0.142
genre_Musical                0.3330      0.043      7.671      0.000       0.248       0.418
genre_Mystery               -0.0602      0.013     -4.756      0.000      -0.085      -0.035
genre_News                1.462e-17   7.65e-18      1.911      0.056   -3.77e-19    2.96e-17
genre_Romance               -0.0177      0.010     -1.710      0.087      -0.038       0.003
genre_Sci_Fi                -0.0132      0.014     -0.969      0.333      -0.040       0.014
genre_Short              -1.264e-19   3.53e-18     -0.036      0.971   -7.06e-18     6.8e-18
genre_Sport                 -0.0414      0.021     -1.986      0.047      -0.082      -0.001
genre_Thriller              -0.0815      0.011     -7.646      0.000      -0.102      -0.061
genre_War                    0.0067      0.029      0.229      0.819      -0.051       0.064
genre_Western               -0.0467      0.052     -0.902      0.367      -0.148       0.055
==============================================================================
Omnibus:                     1699.544   Durbin-Watson:                   2.004
Prob(Omnibus):                  0.000   Jarque-Bera (JB):            14474.826
Skew:                           1.800   Prob(JB):                         0.00
Kurtosis:                      11.581   Cond. No.                     1.02e+16
==============================================================================

Notes:
[1] Standard Errors assume that the covariance matrix of the errors is correctly specified.
[2] The smallest eigenvalue is 6.41e-27. This might indicate that there are
strong multicollinearity problems or that the design matrix is singular.