                            OLS Regression Results                            
==============================================================================
Dep. Variable:              sd_pooled   R-squared:                       0.561
Model:                            OLS   Adj. R-squared:                  0.553
Method:                 Least Squares   F-statistic:                     78.68
Date:                Sun, 29 Mar 2026   Prob (F-statistic):               0.00
Time:                        16:01:58   Log-Likelihood:                 526.93
No. Observations:                4012   AIC:                            -923.9
Df Residuals:                    3947   BIC:                            -514.6
Df Model:                          64                                         
Covariance Type:            nonrobust                                         
============================================================================================
                               coef    std err          t      P>|t|      [0.025      0.975]
--------------------------------------------------------------------------------------------
const                        3.3985      0.049     69.964      0.000       3.303       3.494
FLead                        0.0491      0.008      6.110      0.000       0.033       0.065
mean_pooled                 -0.2355      0.004    -53.570      0.000      -0.244      -0.227
kim_violence_gore            0.0108      0.003      4.278      0.000       0.006       0.016
kim_sex_nudity               0.0102      0.002      5.114      0.000       0.006       0.014
kim_language                -0.0150      0.002     -7.113      0.000      -0.019      -0.011
major                       -0.0385      0.008     -4.785      0.000      -0.054      -0.023
log_bom_opening_theaters     0.0054      0.002      3.025      0.003       0.002       0.009
genres_count                -0.0095      0.007     -1.400      0.162      -0.023       0.004
yr_1993                     -0.0023      0.035     -0.068      0.946      -0.070       0.065
yr_1994                      0.0010      0.035      0.029      0.977      -0.068       0.070
yr_1995                      0.0403      0.035      1.160      0.246      -0.028       0.108
yr_1996                      0.0075      0.034      0.220      0.826      -0.059       0.074
yr_1997                      0.0081      0.035      0.232      0.816      -0.060       0.076
yr_1998                      0.0554      0.033      1.654      0.098      -0.010       0.121
yr_1999                      0.0576      0.033      1.766      0.077      -0.006       0.122
yr_2000                     -0.0141      0.034     -0.420      0.674      -0.080       0.052
yr_2001                      0.0589      0.033      1.782      0.075      -0.006       0.124
yr_2002                      0.0181      0.033      0.555      0.579      -0.046       0.082
yr_2003                      0.0036      0.033      0.110      0.912      -0.061       0.068
yr_2004                      0.0671      0.032      2.064      0.039       0.003       0.131
yr_2005                      0.0510      0.032      1.581      0.114      -0.012       0.114
yr_2006                      0.1014      0.032      3.167      0.002       0.039       0.164
yr_2007                      0.1147      0.032      3.596      0.000       0.052       0.177
yr_2008                      0.0581      0.032      1.806      0.071      -0.005       0.121
yr_2009                      0.0370      0.033      1.137      0.256      -0.027       0.101
yr_2010                      0.0291      0.032      0.898      0.369      -0.034       0.093
yr_2011                      0.0326      0.032      1.022      0.307      -0.030       0.095
yr_2012                      0.0132      0.032      0.418      0.676      -0.049       0.075
yr_2013                      0.0077      0.032      0.242      0.809      -0.055       0.070
yr_2014                      0.0353      0.032      1.095      0.273      -0.028       0.099
yr_2015                     -0.0375      0.032     -1.172      0.241      -0.100       0.025
yr_2016                     -0.0393      0.032     -1.216      0.224      -0.103       0.024
yr_2017                      0.0155      0.033      0.476      0.634      -0.048       0.079
yr_2018                      0.0090      0.033      0.275      0.783      -0.055       0.073
mo_2                         0.0105      0.019      0.538      0.590      -0.028       0.049
mo_3                        -0.0065      0.019     -0.352      0.725      -0.043       0.030
mo_4                         0.0043      0.019      0.228      0.819      -0.032       0.041
mo_5                        -0.0088      0.020     -0.444      0.657      -0.047       0.030
mo_6                        -0.0254      0.019     -1.304      0.192      -0.064       0.013
mo_7                        -0.0229      0.019     -1.210      0.226      -0.060       0.014
mo_8                        -0.0248      0.018     -1.360      0.174      -0.061       0.011
mo_9                        -0.0258      0.019     -1.388      0.165      -0.062       0.011
mo_10                       -0.0081      0.018     -0.444      0.657      -0.044       0.028
mo_11                       -0.0210      0.019     -1.119      0.263      -0.058       0.016
mo_12                       -0.0244      0.018     -1.343      0.179      -0.060       0.011
genre_Action                -0.0554      0.011     -5.219      0.000      -0.076      -0.035
genre_Adventure             -0.0033      0.011     -0.291      0.771      -0.025       0.019
genre_Animation             -0.0276      0.018     -1.532      0.126      -0.063       0.008
genre_Biography             -0.0944      0.014     -6.626      0.000      -0.122      -0.066
genre_Comedy                -0.0086      0.009     -0.906      0.365      -0.027       0.010
genre_Crime                 -0.0971      0.010     -9.588      0.000      -0.117      -0.077
genre_Drama                  0.0130      0.010      1.362      0.173      -0.006       0.032
genre_Family                 0.0703      0.015      4.810      0.000       0.042       0.099
genre_Fantasy                0.0070      0.013      0.554      0.580      -0.018       0.032
genre_History                0.0242      0.020      1.188      0.235      -0.016       0.064
genre_Horror                -0.0346      0.015     -2.365      0.018      -0.063      -0.006
genre_Music                  0.1076      0.019      5.628      0.000       0.070       0.145
genre_Musical                0.3224      0.043      7.455      0.000       0.238       0.407
genre_Mystery               -0.0573      0.013     -4.545      0.000      -0.082      -0.033
genre_News               -1.024e-17   5.01e-18     -2.043      0.041   -2.01e-17   -4.15e-19
genre_Romance               -0.0179      0.010     -1.735      0.083      -0.038       0.002
genre_Sci_Fi                -0.0117      0.014     -0.865      0.387      -0.038       0.015
genre_Short               9.701e-18   4.21e-18      2.305      0.021    1.45e-18     1.8e-17
genre_Sport                 -0.0368      0.021     -1.771      0.077      -0.077       0.004
genre_Thriller              -0.0766      0.011     -7.194      0.000      -0.097      -0.056
genre_War                    0.0082      0.029      0.281      0.778      -0.049       0.065
genre_Western               -0.0411      0.052     -0.798      0.425      -0.142       0.060
==============================================================================
Omnibus:                     1663.749   Durbin-Watson:                   2.009
Prob(Omnibus):                  0.000   Jarque-Bera (JB):            13610.372
Skew:                           1.767   Prob(JB):                         0.00
Kurtosis:                      11.302   Cond. No.                     1.02e+16
==============================================================================

Notes:
[1] Standard Errors assume that the covariance matrix of the errors is correctly specified.
[2] The smallest eigenvalue is 6.19e-27. This might indicate that there are
strong multicollinearity problems or that the design matrix is singular.