                            OLS Regression Results                            
==============================================================================
Dep. Variable:              sd_pooled   R-squared:                       0.560
Model:                            OLS   Adj. R-squared:                  0.553
Method:                 Least Squares   F-statistic:                     78.45
Date:                Sun, 29 Mar 2026   Prob (F-statistic):               0.00
Time:                        16:02:05   Log-Likelihood:                 523.73
No. Observations:                4012   AIC:                            -917.5
Df Residuals:                    3947   BIC:                            -508.2
Df Model:                          64                                         
Covariance Type:            nonrobust                                         
============================================================================================
                               coef    std err          t      P>|t|      [0.025      0.975]
--------------------------------------------------------------------------------------------
const                        3.4022      0.049     69.894      0.000       3.307       3.498
FLead                        0.0516      0.008      6.441      0.000       0.036       0.067
mean_pooled                 -0.2357      0.004    -53.601      0.000      -0.244      -0.227
kim_violence_gore            0.0104      0.003      4.122      0.000       0.005       0.015
kim_sex_nudity               0.0100      0.002      4.974      0.000       0.006       0.014
kim_language                -0.0142      0.002     -6.650      0.000      -0.018      -0.010
major                       -0.0384      0.008     -4.771      0.000      -0.054      -0.023
log_bom_opening_theaters     0.0053      0.002      3.009      0.003       0.002       0.009
genres_count                -0.0089      0.007     -1.314      0.189      -0.022       0.004
yr_1993                     -0.0076      0.035     -0.220      0.826      -0.075       0.060
yr_1994                     -0.0037      0.035     -0.105      0.916      -0.073       0.065
yr_1995                      0.0372      0.035      1.071      0.284      -0.031       0.105
yr_1996                      0.0026      0.034      0.076      0.940      -0.064       0.069
yr_1997                      0.0059      0.035      0.171      0.864      -0.062       0.074
yr_1998                      0.0543      0.034      1.621      0.105      -0.011       0.120
yr_1999                      0.0548      0.033      1.680      0.093      -0.009       0.119
yr_2000                     -0.0167      0.034     -0.498      0.619      -0.083       0.049
yr_2001                      0.0546      0.033      1.650      0.099      -0.010       0.119
yr_2002                      0.0125      0.033      0.383      0.702      -0.051       0.076
yr_2003                  -3.292e-05      0.033     -0.001      0.999      -0.064       0.064
yr_2004                      0.0622      0.033      1.912      0.056      -0.002       0.126
yr_2005                      0.0469      0.032      1.456      0.146      -0.016       0.110
yr_2006                      0.0974      0.032      3.038      0.002       0.035       0.160
yr_2007                      0.1110      0.032      3.477      0.001       0.048       0.174
yr_2008                      0.0505      0.032      1.572      0.116      -0.012       0.114
yr_2009                      0.0316      0.033      0.971      0.332      -0.032       0.095
yr_2010                      0.0227      0.032      0.698      0.485      -0.041       0.086
yr_2011                      0.0275      0.032      0.862      0.389      -0.035       0.090
yr_2012                      0.0100      0.032      0.317      0.751      -0.052       0.072
yr_2013                      0.0025      0.032      0.080      0.936      -0.060       0.065
yr_2014                      0.0328      0.032      1.018      0.309      -0.030       0.096
yr_2015                     -0.0393      0.032     -1.227      0.220      -0.102       0.023
yr_2016                     -0.0458      0.032     -1.418      0.156      -0.109       0.018
yr_2017                      0.0077      0.033      0.237      0.813      -0.056       0.072
yr_2018                      0.0062      0.033      0.188      0.850      -0.058       0.070
mo_2                         0.0110      0.019      0.564      0.573      -0.027       0.049
mo_3                        -0.0045      0.019     -0.240      0.810      -0.041       0.032
mo_4                         0.0029      0.019      0.153      0.878      -0.034       0.040
mo_5                        -0.0096      0.020     -0.485      0.628      -0.048       0.029
mo_6                        -0.0241      0.019     -1.236      0.216      -0.062       0.014
mo_7                        -0.0231      0.019     -1.221      0.222      -0.060       0.014
mo_8                        -0.0250      0.018     -1.371      0.171      -0.061       0.011
mo_9                        -0.0271      0.019     -1.456      0.145      -0.064       0.009
mo_10                       -0.0070      0.018     -0.383      0.702      -0.043       0.029
mo_11                       -0.0207      0.019     -1.103      0.270      -0.058       0.016
mo_12                       -0.0241      0.018     -1.326      0.185      -0.060       0.012
genre_Action                -0.0546      0.011     -5.128      0.000      -0.075      -0.034
genre_Adventure             -0.0029      0.011     -0.254      0.799      -0.025       0.019
genre_Animation             -0.0261      0.018     -1.446      0.148      -0.061       0.009
genre_Biography             -0.0929      0.014     -6.513      0.000      -0.121      -0.065
genre_Comedy                -0.0100      0.009     -1.060      0.289      -0.029       0.009
genre_Crime                 -0.0976      0.010     -9.633      0.000      -0.117      -0.078
genre_Drama                  0.0120      0.010      1.258      0.208      -0.007       0.031
genre_Family                 0.0715      0.015      4.886      0.000       0.043       0.100
genre_Fantasy                0.0067      0.013      0.526      0.599      -0.018       0.031
genre_History                0.0256      0.020      1.253      0.210      -0.014       0.066
genre_Horror                -0.0339      0.015     -2.314      0.021      -0.063      -0.005
genre_Music                  0.1049      0.019      5.485      0.000       0.067       0.142
genre_Musical                0.3231      0.043      7.467      0.000       0.238       0.408
genre_Mystery               -0.0565      0.013     -4.476      0.000      -0.081      -0.032
genre_News               -3.575e-18   2.62e-18     -1.364      0.173   -8.71e-18    1.56e-18
genre_Romance               -0.0184      0.010     -1.779      0.075      -0.039       0.002
genre_Sci_Fi                -0.0124      0.014     -0.909      0.363      -0.039       0.014
genre_Short              -3.508e-18   1.99e-17     -0.177      0.860   -4.24e-17    3.54e-17
genre_Sport                 -0.0384      0.021     -1.848      0.065      -0.079       0.002
genre_Thriller              -0.0774      0.011     -7.266      0.000      -0.098      -0.056
genre_War                    0.0120      0.029      0.409      0.683      -0.045       0.069
genre_Western               -0.0438      0.052     -0.850      0.396      -0.145       0.057
==============================================================================
Omnibus:                     1668.113   Durbin-Watson:                   2.009
Prob(Omnibus):                  0.000   Jarque-Bera (JB):            13756.819
Skew:                           1.770   Prob(JB):                         0.00
Kurtosis:                      11.353   Cond. No.                     1.02e+16
==============================================================================

Notes:
[1] Standard Errors assume that the covariance matrix of the errors is correctly specified.
[2] The smallest eigenvalue is 6.18e-27. This might indicate that there are
strong multicollinearity problems or that the design matrix is singular.