                            OLS Regression Results                            
==============================================================================
Dep. Variable:              sd_pooled   R-squared:                       0.562
Model:                            OLS   Adj. R-squared:                  0.555
Method:                 Least Squares   F-statistic:                     79.18
Date:                Tue, 31 Mar 2026   Prob (F-statistic):               0.00
Time:                        18:52:55   Log-Likelihood:                 534.11
No. Observations:                4012   AIC:                            -938.2
Df Residuals:                    3947   BIC:                            -528.9
Df Model:                          64                                         
Covariance Type:            nonrobust                                         
============================================================================================
                               coef    std err          t      P>|t|      [0.025      0.975]
--------------------------------------------------------------------------------------------
const                        3.3760      0.048     69.716      0.000       3.281       3.471
FLead                        0.0468      0.008      5.821      0.000       0.031       0.063
mean_pooled                 -0.2333      0.004    -52.910      0.000      -0.242      -0.225
kim_violence_gore            0.0122      0.003      4.779      0.000       0.007       0.017
kim_sex_nudity               0.0115      0.002      5.662      0.000       0.007       0.015
kim_language                -0.0149      0.002     -7.983      0.000      -0.019      -0.011
major                       -0.0402      0.008     -4.997      0.000      -0.056      -0.024
log_bom_opening_theaters     0.0059      0.002      3.328      0.001       0.002       0.009
genres_count                -0.0097      0.007     -1.425      0.154      -0.023       0.004
yr_1993                     -0.0059      0.034     -0.173      0.863      -0.073       0.062
yr_1994                     -0.0028      0.035     -0.079      0.937      -0.072       0.066
yr_1995                      0.0434      0.035      1.252      0.210      -0.025       0.111
yr_1996                      0.0092      0.034      0.271      0.786      -0.057       0.076
yr_1997                      0.0134      0.035      0.386      0.699      -0.055       0.081
yr_1998                      0.0590      0.033      1.765      0.078      -0.007       0.125
yr_1999                      0.0600      0.033      1.841      0.066      -0.004       0.124
yr_2000                     -0.0081      0.034     -0.240      0.810      -0.074       0.058
yr_2001                      0.0565      0.033      1.712      0.087      -0.008       0.121
yr_2002                      0.0162      0.032      0.500      0.617      -0.047       0.080
yr_2003                  -6.375e-05      0.033     -0.002      0.998      -0.064       0.064
yr_2004                      0.0609      0.032      1.877      0.061      -0.003       0.124
yr_2005                      0.0483      0.032      1.503      0.133      -0.015       0.111
yr_2006                      0.0973      0.032      3.044      0.002       0.035       0.160
yr_2007                      0.1105      0.032      3.472      0.001       0.048       0.173
yr_2008                      0.0522      0.032      1.628      0.104      -0.011       0.115
yr_2009                      0.0318      0.032      0.980      0.327      -0.032       0.095
yr_2010                      0.0267      0.032      0.825      0.409      -0.037       0.090
yr_2011                      0.0296      0.032      0.932      0.351      -0.033       0.092
yr_2012                      0.0152      0.032      0.479      0.632      -0.047       0.077
yr_2013                      0.0076      0.032      0.239      0.811      -0.055       0.070
yr_2014                      0.0394      0.032      1.222      0.222      -0.024       0.102
yr_2015                     -0.0316      0.032     -0.988      0.323      -0.094       0.031
yr_2016                     -0.0348      0.032     -1.081      0.280      -0.098       0.028
yr_2017                      0.0213      0.033      0.655      0.513      -0.042       0.085
yr_2018                      0.0154      0.033      0.472      0.637      -0.049       0.079
mo_2                         0.0078      0.019      0.400      0.689      -0.030       0.046
mo_3                        -0.0041      0.019     -0.224      0.823      -0.040       0.032
mo_4                         0.0007      0.019      0.039      0.969      -0.036       0.037
mo_5                        -0.0122      0.020     -0.620      0.535      -0.051       0.026
mo_6                        -0.0255      0.019     -1.310      0.190      -0.064       0.013
mo_7                        -0.0233      0.019     -1.234      0.217      -0.060       0.014
mo_8                        -0.0250      0.018     -1.369      0.171      -0.061       0.011
mo_9                        -0.0274      0.019     -1.475      0.140      -0.064       0.009
mo_10                       -0.0067      0.018     -0.368      0.713      -0.042       0.029
mo_11                       -0.0243      0.019     -1.294      0.196      -0.061       0.013
mo_12                       -0.0261      0.018     -1.444      0.149      -0.062       0.009
genre_Action                -0.0555      0.011     -5.237      0.000      -0.076      -0.035
genre_Adventure             -0.0060      0.011     -0.531      0.596      -0.028       0.016
genre_Animation             -0.0284      0.018     -1.580      0.114      -0.064       0.007
genre_Biography             -0.0924      0.014     -6.505      0.000      -0.120      -0.065
genre_Comedy                -0.0031      0.010     -0.325      0.745      -0.022       0.016
genre_Crime                 -0.0892      0.010     -8.708      0.000      -0.109      -0.069
genre_Drama                  0.0139      0.010      1.461      0.144      -0.005       0.033
genre_Family                 0.0712      0.015      4.892      0.000       0.043       0.100
genre_Fantasy                0.0041      0.013      0.325      0.746      -0.021       0.029
genre_History                0.0189      0.020      0.926      0.354      -0.021       0.059
genre_Horror                -0.0340      0.015     -2.327      0.020      -0.063      -0.005
genre_Music                  0.1116      0.019      5.838      0.000       0.074       0.149
genre_Musical                0.3185      0.043      7.378      0.000       0.234       0.403
genre_Mystery               -0.0590      0.013     -4.693      0.000      -0.084      -0.034
genre_News                1.164e-17   4.09e-18      2.847      0.004    3.63e-18    1.97e-17
genre_Romance               -0.0185      0.010     -1.792      0.073      -0.039       0.002
genre_Sci_Fi                -0.0127      0.014     -0.933      0.351      -0.039       0.014
genre_Short               3.323e-18    1.4e-18      2.380      0.017    5.86e-19    6.06e-18
genre_Sport                 -0.0377      0.021     -1.821      0.069      -0.078       0.003
genre_Thriller              -0.0738      0.011     -6.934      0.000      -0.095      -0.053
genre_War                    0.0101      0.029      0.348      0.728      -0.047       0.067
genre_Western               -0.0478      0.051     -0.929      0.353      -0.149       0.053
==============================================================================
Omnibus:                     1645.605   Durbin-Watson:                   2.006
Prob(Omnibus):                  0.000   Jarque-Bera (JB):            13310.444
Skew:                           1.747   Prob(JB):                         0.00
Kurtosis:                      11.211   Cond. No.                     1.02e+16
==============================================================================

Notes:
[1] Standard Errors assume that the covariance matrix of the errors is correctly specified.
[2] The smallest eigenvalue is 6.4e-27. This might indicate that there are
strong multicollinearity problems or that the design matrix is singular.