                            OLS Regression Results                            
==============================================================================
Dep. Variable:              sd_pooled   R-squared:                       0.560
Model:                            OLS   Adj. R-squared:                  0.553
Method:                 Least Squares   F-statistic:                     78.58
Date:                Sun, 29 Mar 2026   Prob (F-statistic):               0.00
Time:                        15:47:29   Log-Likelihood:                 525.62
No. Observations:                4012   AIC:                            -921.2
Df Residuals:                    3947   BIC:                            -511.9
Df Model:                          64                                         
Covariance Type:            nonrobust                                         
============================================================================================
                               coef    std err          t      P>|t|      [0.025      0.975]
--------------------------------------------------------------------------------------------
const                        3.3740      0.049     69.008      0.000       3.278       3.470
FLead                        0.0448      0.008      5.573      0.000       0.029       0.061
mean_pooled                 -0.2324      0.004    -52.757      0.000      -0.241      -0.224
kim_violence_gore            0.0070      0.003      2.682      0.007       0.002       0.012
kim_sex_nudity               0.0130      0.002      6.526      0.000       0.009       0.017
kim_language                -0.0136      0.002     -7.375      0.000      -0.017      -0.010
major                       -0.0404      0.008     -5.013      0.000      -0.056      -0.025
log_bom_opening_theaters     0.0060      0.002      3.394      0.001       0.003       0.009
genres_count                -0.0066      0.007     -0.974      0.330      -0.020       0.007
yr_1993                     -0.0005      0.034     -0.015      0.988      -0.068       0.067
yr_1994                     -0.0007      0.035     -0.021      0.983      -0.070       0.068
yr_1995                      0.0482      0.035      1.387      0.165      -0.020       0.116
yr_1996                      0.0122      0.034      0.357      0.721      -0.055       0.079
yr_1997                      0.0211      0.035      0.608      0.543      -0.047       0.089
yr_1998                      0.0607      0.034      1.813      0.070      -0.005       0.126
yr_1999                      0.0653      0.033      2.001      0.045       0.001       0.129
yr_2000                     -0.0046      0.034     -0.137      0.891      -0.071       0.061
yr_2001                      0.0642      0.033      1.946      0.052      -0.000       0.129
yr_2002                      0.0213      0.032      0.655      0.513      -0.042       0.085
yr_2003                      0.0056      0.033      0.171      0.864      -0.058       0.070
yr_2004                      0.0689      0.032      2.124      0.034       0.005       0.133
yr_2005                      0.0557      0.032      1.731      0.084      -0.007       0.119
yr_2006                      0.1068      0.032      3.345      0.001       0.044       0.169
yr_2007                      0.1192      0.032      3.746      0.000       0.057       0.182
yr_2008                      0.0591      0.032      1.841      0.066      -0.004       0.122
yr_2009                      0.0395      0.032      1.216      0.224      -0.024       0.103
yr_2010                      0.0351      0.032      1.084      0.279      -0.028       0.098
yr_2011                      0.0363      0.032      1.140      0.254      -0.026       0.099
yr_2012                      0.0220      0.032      0.694      0.488      -0.040       0.084
yr_2013                      0.0144      0.032      0.453      0.650      -0.048       0.077
yr_2014                      0.0437      0.032      1.354      0.176      -0.020       0.107
yr_2015                     -0.0278      0.032     -0.869      0.385      -0.091       0.035
yr_2016                     -0.0303      0.032     -0.940      0.347      -0.094       0.033
yr_2017                      0.0253      0.033      0.776      0.438      -0.039       0.089
yr_2018                      0.0200      0.033      0.612      0.541      -0.044       0.084
mo_2                         0.0084      0.019      0.429      0.668      -0.030       0.047
mo_3                        -0.0048      0.019     -0.260      0.795      -0.041       0.032
mo_4                         0.0012      0.019      0.064      0.949      -0.036       0.038
mo_5                        -0.0125      0.020     -0.633      0.527      -0.051       0.026
mo_6                        -0.0262      0.019     -1.343      0.179      -0.064       0.012
mo_7                        -0.0248      0.019     -1.310      0.190      -0.062       0.012
mo_8                        -0.0260      0.018     -1.424      0.155      -0.062       0.010
mo_9                        -0.0286      0.019     -1.540      0.124      -0.065       0.008
mo_10                       -0.0063      0.018     -0.343      0.732      -0.042       0.030
mo_11                       -0.0250      0.019     -1.331      0.183      -0.062       0.012
mo_12                       -0.0248      0.018     -1.367      0.172      -0.060       0.011
genre_Action                -0.0462      0.010     -4.445      0.000      -0.067      -0.026
genre_Adventure             -0.0044      0.011     -0.392      0.695      -0.026       0.018
genre_Animation             -0.0345      0.018     -1.923      0.055      -0.070       0.001
genre_Biography             -0.0949      0.014     -6.668      0.000      -0.123      -0.067
genre_Comedy                -0.0146      0.009     -1.603      0.109      -0.032       0.003
genre_Crime                 -0.0841      0.010     -8.248      0.000      -0.104      -0.064
genre_Drama                  0.0101      0.009      1.066      0.286      -0.008       0.029
genre_Family                 0.0656      0.015      4.516      0.000       0.037       0.094
genre_Fantasy                0.0057      0.013      0.453      0.651      -0.019       0.031
genre_History                0.0221      0.020      1.083      0.279      -0.018       0.062
genre_Horror                -0.0172      0.014     -1.230      0.219      -0.045       0.010
genre_Music                  0.1012      0.019      5.331      0.000       0.064       0.138
genre_Musical                0.3118      0.043      7.212      0.000       0.227       0.397
genre_Mystery               -0.0588      0.013     -4.665      0.000      -0.084      -0.034
genre_News               -3.417e-18   9.01e-18     -0.379      0.705   -2.11e-17    1.43e-17
genre_Romance               -0.0281      0.010     -2.804      0.005      -0.048      -0.008
genre_Sci_Fi                -0.0117      0.014     -0.858      0.391      -0.038       0.015
genre_Short               7.564e-19   1.69e-18      0.448      0.654   -2.55e-18    4.07e-18
genre_Sport                 -0.0430      0.021     -2.077      0.038      -0.084      -0.002
genre_Thriller              -0.0724      0.011     -6.794      0.000      -0.093      -0.052
genre_War                    0.0237      0.029      0.819      0.413      -0.033       0.081
genre_Western               -0.0369      0.051     -0.717      0.473      -0.138       0.064
==============================================================================
Omnibus:                     1650.720   Durbin-Watson:                   2.004
Prob(Omnibus):                  0.000   Jarque-Bera (JB):            13415.858
Skew:                           1.752   Prob(JB):                         0.00
Kurtosis:                      11.245   Cond. No.                     1.02e+16
==============================================================================

Notes:
[1] Standard Errors assume that the covariance matrix of the errors is correctly specified.
[2] The smallest eigenvalue is 6.34e-27. This might indicate that there are
strong multicollinearity problems or that the design matrix is singular.