                            OLS Regression Results                            
==============================================================================
Dep. Variable:              sd_pooled   R-squared:                       0.560
Model:                            OLS   Adj. R-squared:                  0.553
Method:                 Least Squares   F-statistic:                     78.54
Date:                Sun, 29 Mar 2026   Prob (F-statistic):               0.00
Time:                        15:47:21   Log-Likelihood:                 524.97
No. Observations:                4012   AIC:                            -919.9
Df Residuals:                    3947   BIC:                            -510.6
Df Model:                          64                                         
Covariance Type:            nonrobust                                         
============================================================================================
                               coef    std err          t      P>|t|      [0.025      0.975]
--------------------------------------------------------------------------------------------
const                        3.3742      0.049     68.865      0.000       3.278       3.470
FLead                        0.0451      0.008      5.603      0.000       0.029       0.061
mean_pooled                 -0.2324      0.004    -52.740      0.000      -0.241      -0.224
kim_violence_gore            0.0064      0.003      2.431      0.015       0.001       0.012
kim_sex_nudity               0.0129      0.002      6.432      0.000       0.009       0.017
kim_language                -0.0133      0.002     -7.240      0.000      -0.017      -0.010
major                       -0.0405      0.008     -5.028      0.000      -0.056      -0.025
log_bom_opening_theaters     0.0060      0.002      3.386      0.001       0.003       0.009
genres_count                -0.0062      0.007     -0.921      0.357      -0.019       0.007
yr_1993                      0.0011      0.034      0.032      0.975      -0.066       0.069
yr_1994                      0.0007      0.035      0.019      0.985      -0.068       0.070
yr_1995                      0.0501      0.035      1.442      0.149      -0.018       0.118
yr_1996                      0.0145      0.034      0.424      0.671      -0.052       0.081
yr_1997                      0.0207      0.035      0.595      0.552      -0.047       0.089
yr_1998                      0.0620      0.034      1.850      0.064      -0.004       0.128
yr_1999                      0.0659      0.033      2.021      0.043       0.002       0.130
yr_2000                     -0.0045      0.034     -0.135      0.893      -0.070       0.061
yr_2001                      0.0657      0.033      1.993      0.046       0.001       0.130
yr_2002                      0.0223      0.032      0.687      0.492      -0.041       0.086
yr_2003                      0.0058      0.033      0.178      0.859      -0.058       0.070
yr_2004                      0.0690      0.032      2.128      0.033       0.005       0.133
yr_2005                      0.0557      0.032      1.731      0.084      -0.007       0.119
yr_2006                      0.1071      0.032      3.353      0.001       0.044       0.170
yr_2007                      0.1198      0.032      3.765      0.000       0.057       0.182
yr_2008                      0.0609      0.032      1.901      0.057      -0.002       0.124
yr_2009                      0.0407      0.032      1.254      0.210      -0.023       0.104
yr_2010                      0.0361      0.032      1.117      0.264      -0.027       0.100
yr_2011                      0.0379      0.032      1.193      0.233      -0.024       0.100
yr_2012                      0.0221      0.032      0.698      0.485      -0.040       0.084
yr_2013                      0.0144      0.032      0.453      0.650      -0.048       0.077
yr_2014                      0.0444      0.032      1.376      0.169      -0.019       0.108
yr_2015                     -0.0273      0.032     -0.853      0.394      -0.090       0.035
yr_2016                     -0.0298      0.032     -0.925      0.355      -0.093       0.033
yr_2017                      0.0255      0.033      0.783      0.434      -0.038       0.089
yr_2018                      0.0211      0.033      0.645      0.519      -0.043       0.085
mo_2                         0.0076      0.019      0.387      0.698      -0.031       0.046
mo_3                        -0.0045      0.019     -0.245      0.807      -0.041       0.032
mo_4                         0.0019      0.019      0.101      0.920      -0.035       0.039
mo_5                        -0.0119      0.020     -0.601      0.548      -0.051       0.027
mo_6                        -0.0256      0.019     -1.312      0.190      -0.064       0.013
mo_7                        -0.0236      0.019     -1.247      0.212      -0.061       0.014
mo_8                        -0.0257      0.018     -1.405      0.160      -0.061       0.010
mo_9                        -0.0290      0.019     -1.559      0.119      -0.065       0.007
mo_10                       -0.0061      0.018     -0.331      0.740      -0.042       0.030
mo_11                       -0.0247      0.019     -1.316      0.188      -0.062       0.012
mo_12                       -0.0260      0.018     -1.430      0.153      -0.062       0.010
genre_Action                -0.0465      0.010     -4.465      0.000      -0.067      -0.026
genre_Adventure             -0.0045      0.011     -0.397      0.691      -0.027       0.018
genre_Animation             -0.0347      0.018     -1.936      0.053      -0.070       0.000
genre_Biography             -0.0951      0.014     -6.682      0.000      -0.123      -0.067
genre_Comedy                -0.0148      0.009     -1.629      0.103      -0.033       0.003
genre_Crime                 -0.0839      0.010     -8.232      0.000      -0.104      -0.064
genre_Drama                  0.0100      0.009      1.050      0.294      -0.009       0.029
genre_Family                 0.0653      0.015      4.499      0.000       0.037       0.094
genre_Fantasy                0.0060      0.013      0.477      0.633      -0.019       0.031
genre_History                0.0239      0.020      1.169      0.243      -0.016       0.064
genre_Horror                -0.0163      0.014     -1.164      0.245      -0.044       0.011
genre_Music                  0.0991      0.019      5.230      0.000       0.062       0.136
genre_Musical                0.3120      0.043      7.214      0.000       0.227       0.397
genre_Mystery               -0.0590      0.013     -4.682      0.000      -0.084      -0.034
genre_News                7.833e-18   6.56e-18      1.193      0.233   -5.04e-18    2.07e-17
genre_Romance               -0.0290      0.010     -2.892      0.004      -0.049      -0.009
genre_Sci_Fi                -0.0105      0.014     -0.772      0.440      -0.037       0.016
genre_Short              -9.281e-18   9.46e-18     -0.981      0.327   -2.78e-17    9.27e-18
genre_Sport                 -0.0423      0.021     -2.039      0.042      -0.083      -0.002
genre_Thriller              -0.0727      0.011     -6.814      0.000      -0.094      -0.052
genre_War                    0.0252      0.029      0.870      0.385      -0.032       0.082
genre_Western               -0.0384      0.052     -0.745      0.456      -0.139       0.063
==============================================================================
Omnibus:                     1663.816   Durbin-Watson:                   2.005
Prob(Omnibus):                  0.000   Jarque-Bera (JB):            13768.453
Skew:                           1.763   Prob(JB):                         0.00
Kurtosis:                      11.362   Cond. No.                     1.02e+16
==============================================================================

Notes:
[1] Standard Errors assume that the covariance matrix of the errors is correctly specified.
[2] The smallest eigenvalue is 6.36e-27. This might indicate that there are
strong multicollinearity problems or that the design matrix is singular.