                            OLS Regression Results                            
==============================================================================
Dep. Variable:              sd_pooled   R-squared:                       0.562
Model:                            OLS   Adj. R-squared:                  0.555
Method:                 Least Squares   F-statistic:                     78.28
Date:                Sun, 29 Mar 2026   Prob (F-statistic):               0.00
Time:                        10:26:09   Log-Likelihood:                 521.25
No. Observations:                3972   AIC:                            -912.5
Df Residuals:                    3907   BIC:                            -503.8
Df Model:                          64                                         
Covariance Type:            nonrobust                                         
============================================================================================
                               coef    std err          t      P>|t|      [0.025      0.975]
--------------------------------------------------------------------------------------------
const                        3.3811      0.049     69.534      0.000       3.286       3.476
FLead                        0.0461      0.008      5.701      0.000       0.030       0.062
mean_pooled                 -0.2338      0.004    -52.705      0.000      -0.243      -0.225
kim_violence_gore            0.0119      0.003      4.640      0.000       0.007       0.017
kim_sex_nudity               0.0117      0.002      5.752      0.000       0.008       0.016
kim_language                -0.0150      0.002     -7.934      0.000      -0.019      -0.011
major                       -0.0409      0.008     -5.055      0.000      -0.057      -0.025
log_bom_opening_theaters     0.0058      0.002      3.232      0.001       0.002       0.009
genres_count                -0.0090      0.007     -1.324      0.186      -0.022       0.004
yr_1993                     -0.0060      0.035     -0.175      0.861      -0.074       0.062
yr_1994                     -0.0014      0.035     -0.039      0.969      -0.071       0.068
yr_1995                      0.0437      0.035      1.258      0.208      -0.024       0.112
yr_1996                      0.0049      0.034      0.144      0.886      -0.062       0.072
yr_1997                      0.0131      0.035      0.376      0.707      -0.055       0.081
yr_1998                      0.0590      0.034      1.757      0.079      -0.007       0.125
yr_1999                      0.0637      0.033      1.948      0.052      -0.000       0.128
yr_2000                     -0.0106      0.034     -0.315      0.753      -0.077       0.055
yr_2001                      0.0557      0.033      1.683      0.092      -0.009       0.120
yr_2002                      0.0157      0.033      0.484      0.629      -0.048       0.080
yr_2003                     -0.0010      0.033     -0.029      0.977      -0.065       0.063
yr_2004                      0.0601      0.033      1.846      0.065      -0.004       0.124
yr_2005                      0.0468      0.032      1.450      0.147      -0.016       0.110
yr_2006                      0.0961      0.032      2.999      0.003       0.033       0.159
yr_2007                      0.1097      0.032      3.437      0.001       0.047       0.172
yr_2008                      0.0527      0.032      1.639      0.101      -0.010       0.116
yr_2009                      0.0307      0.033      0.943      0.346      -0.033       0.095
yr_2010                      0.0254      0.033      0.782      0.434      -0.038       0.089
yr_2011                      0.0288      0.032      0.902      0.367      -0.034       0.091
yr_2012                      0.0144      0.032      0.453      0.651      -0.048       0.077
yr_2013                      0.0086      0.032      0.269      0.788      -0.054       0.071
yr_2014                      0.0393      0.032      1.217      0.224      -0.024       0.103
yr_2015                     -0.0295      0.032     -0.917      0.359      -0.092       0.034
yr_2016                     -0.0351      0.032     -1.086      0.277      -0.098       0.028
yr_2017                      0.0226      0.033      0.693      0.489      -0.041       0.087
yr_2018                      0.0150      0.033      0.458      0.647      -0.049       0.079
mo_2                         0.0072      0.020      0.369      0.712      -0.031       0.046
mo_3                        -0.0038      0.019     -0.205      0.838      -0.040       0.033
mo_4                        -0.0013      0.019     -0.071      0.943      -0.038       0.036
mo_5                        -0.0127      0.020     -0.642      0.521      -0.052       0.026
mo_6                        -0.0243      0.020     -1.238      0.216      -0.063       0.014
mo_7                        -0.0220      0.019     -1.158      0.247      -0.059       0.015
mo_8                        -0.0254      0.018     -1.383      0.167      -0.061       0.011
mo_9                        -0.0271      0.019     -1.452      0.147      -0.064       0.010
mo_10                       -0.0057      0.018     -0.309      0.757      -0.042       0.030
mo_11                       -0.0239      0.019     -1.265      0.206      -0.061       0.013
mo_12                       -0.0279      0.018     -1.528      0.127      -0.064       0.008
genre_Action                -0.0552      0.011     -5.162      0.000      -0.076      -0.034
genre_Adventure             -0.0058      0.011     -0.513      0.608      -0.028       0.016
genre_Animation             -0.0282      0.018     -1.555      0.120      -0.064       0.007
genre_Biography             -0.0948      0.014     -6.614      0.000      -0.123      -0.067
genre_Comedy                -0.0040      0.010     -0.412      0.681      -0.023       0.015
genre_Crime                 -0.0890      0.010     -8.630      0.000      -0.109      -0.069
genre_Drama                  0.0135      0.010      1.404      0.161      -0.005       0.032
genre_Family                 0.0712      0.015      4.869      0.000       0.043       0.100
genre_Fantasy                0.0039      0.013      0.308      0.758      -0.021       0.029
genre_History                0.0199      0.021      0.964      0.335      -0.021       0.060
genre_Horror                -0.0341      0.015     -2.317      0.021      -0.063      -0.005
genre_Music                  0.1143      0.019      5.915      0.000       0.076       0.152
genre_Musical                0.3205      0.044      7.251      0.000       0.234       0.407
genre_Mystery               -0.0594      0.013     -4.694      0.000      -0.084      -0.035
genre_News                5.053e-18   4.44e-18      1.138      0.255   -3.65e-18    1.38e-17
genre_Romance               -0.0185      0.010     -1.784      0.074      -0.039       0.002
genre_Sci_Fi                -0.0150      0.014     -1.100      0.271      -0.042       0.012
genre_Short                2.46e-18   2.24e-18      1.097      0.273   -1.94e-18    6.85e-18
genre_Sport                 -0.0372      0.021     -1.792      0.073      -0.078       0.004
genre_Thriller              -0.0740      0.011     -6.898      0.000      -0.095      -0.053
genre_War                    0.0102      0.029      0.348      0.728      -0.047       0.067
genre_Western               -0.0475      0.052     -0.921      0.357      -0.149       0.054
==============================================================================
Omnibus:                     1629.421   Durbin-Watson:                   2.010
Prob(Omnibus):                  0.000   Jarque-Bera (JB):            13160.862
Skew:                           1.748   Prob(JB):                         0.00
Kurtosis:                      11.204   Cond. No.                     1.02e+16
==============================================================================

Notes:
[1] Standard Errors assume that the covariance matrix of the errors is correctly specified.
[2] The smallest eigenvalue is 6.33e-27. This might indicate that there are
strong multicollinearity problems or that the design matrix is singular.