                            OLS Regression Results                            
==============================================================================
Dep. Variable:              sd_pooled   R-squared:                       0.564
Model:                            OLS   Adj. R-squared:                  0.556
Method:                 Least Squares   F-statistic:                     71.71
Date:                Sun, 29 Mar 2026   Prob (F-statistic):               0.00
Time:                        15:35:25   Log-Likelihood:                 486.26
No. Observations:                3611   AIC:                            -842.5
Df Residuals:                    3546   BIC:                            -440.1
Df Model:                          64                                         
Covariance Type:            nonrobust                                         
============================================================================================
                               coef    std err          t      P>|t|      [0.025      0.975]
--------------------------------------------------------------------------------------------
const                        3.3670      0.051     66.468      0.000       3.268       3.466
FLead                        0.0469      0.008      5.556      0.000       0.030       0.063
mean_pooled                 -0.2354      0.005    -50.921      0.000      -0.244      -0.226
kim_violence_gore            0.0138      0.003      5.181      0.000       0.009       0.019
kim_sex_nudity               0.0109      0.002      5.124      0.000       0.007       0.015
kim_language                -0.0149      0.002     -7.613      0.000      -0.019      -0.011
major                       -0.0415      0.008     -4.889      0.000      -0.058      -0.025
log_bom_opening_theaters     0.0052      0.002      2.788      0.005       0.002       0.009
genres_count                -0.0062      0.007     -0.870      0.385      -0.020       0.008
yr_1993                     -0.0003      0.036     -0.008      0.993      -0.071       0.070
yr_1994                      0.0153      0.037      0.414      0.679      -0.057       0.088
yr_1995                      0.0702      0.036      1.941      0.052      -0.001       0.141
yr_1996                      0.0171      0.036      0.479      0.632      -0.053       0.087
yr_1997                      0.0252      0.036      0.700      0.484      -0.045       0.096
yr_1998                      0.0600      0.035      1.725      0.085      -0.008       0.128
yr_1999                      0.0765      0.034      2.254      0.024       0.010       0.143
yr_2000                      0.0002      0.035      0.005      0.996      -0.068       0.068
yr_2001                      0.0680      0.035      1.968      0.049       0.000       0.136
yr_2002                      0.0263      0.034      0.780      0.435      -0.040       0.092
yr_2003                      0.0081      0.034      0.239      0.811      -0.058       0.074
yr_2004                      0.0649      0.034      1.930      0.054      -0.001       0.131
yr_2005                      0.0708      0.034      2.108      0.035       0.005       0.137
yr_2006                      0.1068      0.033      3.227      0.001       0.042       0.172
yr_2007                      0.1117      0.033      3.371      0.001       0.047       0.177
yr_2008                      0.0677      0.033      2.027      0.043       0.002       0.133
yr_2009                      0.0428      0.034      1.274      0.203      -0.023       0.109
yr_2010                      0.0369      0.034      1.099      0.272      -0.029       0.103
yr_2011                      0.0437      0.033      1.328      0.184      -0.021       0.108
yr_2012                      0.0211      0.033      0.646      0.518      -0.043       0.085
yr_2013                      0.0147      0.033      0.445      0.656      -0.050       0.080
yr_2014                      0.0579      0.034      1.727      0.084      -0.008       0.124
yr_2015                     -0.0142      0.033     -0.427      0.669      -0.079       0.051
yr_2016                     -0.0280      0.033     -0.839      0.402      -0.093       0.037
yr_2017                      0.0384      0.034      1.136      0.256      -0.028       0.105
yr_2018                      0.0079      0.034      0.233      0.815      -0.059       0.075
mo_2                         0.0113      0.021      0.544      0.586      -0.029       0.052
mo_3                        -0.0049      0.020     -0.250      0.803      -0.043       0.033
mo_4                        -0.0065      0.020     -0.323      0.746      -0.046       0.033
mo_5                        -0.0103      0.021     -0.489      0.625      -0.051       0.031
mo_6                        -0.0267      0.020     -1.304      0.192      -0.067       0.013
mo_7                        -0.0200      0.020     -0.999      0.318      -0.059       0.019
mo_8                        -0.0225      0.019     -1.166      0.244      -0.060       0.015
mo_9                        -0.0204      0.020     -1.043      0.297      -0.059       0.018
mo_10                       -0.0050      0.019     -0.259      0.796      -0.043       0.033
mo_11                       -0.0197      0.020     -0.994      0.320      -0.058       0.019
mo_12                       -0.0253      0.019     -1.317      0.188      -0.063       0.012
genre_Action                -0.0530      0.011     -4.705      0.000      -0.075      -0.031
genre_Adventure             -0.0126      0.012     -1.053      0.292      -0.036       0.011
genre_Animation             -0.0231      0.019     -1.215      0.224      -0.060       0.014
genre_Biography             -0.0958      0.015     -6.379      0.000      -0.125      -0.066
genre_Comedy                 0.0039      0.010      0.386      0.700      -0.016       0.024
genre_Crime                 -0.0913      0.011     -8.363      0.000      -0.113      -0.070
genre_Drama                  0.0175      0.010      1.738      0.082      -0.002       0.037
genre_Family                 0.0645      0.015      4.188      0.000       0.034       0.095
genre_Fantasy                0.0051      0.013      0.382      0.702      -0.021       0.031
genre_History                0.0248      0.022      1.153      0.249      -0.017       0.067
genre_Horror                -0.0408      0.015     -2.666      0.008      -0.071      -0.011
genre_Music                  0.1016      0.021      4.815      0.000       0.060       0.143
genre_Musical                0.3405      0.046      7.363      0.000       0.250       0.431
genre_Mystery               -0.0527      0.013     -3.933      0.000      -0.079      -0.026
genre_News               -1.827e-17   5.23e-18     -3.496      0.000   -2.85e-17   -8.03e-18
genre_Romance               -0.0226      0.011     -2.081      0.038      -0.044      -0.001
genre_Sci_Fi                -0.0132      0.014     -0.916      0.360      -0.042       0.015
genre_Short               9.833e-18    4.7e-18      2.093      0.036     6.2e-19     1.9e-17
genre_Sport                 -0.0428      0.022     -1.985      0.047      -0.085      -0.001
genre_Thriller              -0.0731      0.011     -6.484      0.000      -0.095      -0.051
genre_War                    0.0054      0.031      0.176      0.860      -0.055       0.066
genre_Western               -0.0484      0.055     -0.881      0.378      -0.156       0.059
==============================================================================
Omnibus:                     1475.669   Durbin-Watson:                   1.987
Prob(Omnibus):                  0.000   Jarque-Bera (JB):            11792.082
Skew:                           1.741   Prob(JB):                         0.00
Kurtosis:                      11.140   Cond. No.                     1.02e+16
==============================================================================

Notes:
[1] Standard Errors assume that the covariance matrix of the errors is correctly specified.
[2] The smallest eigenvalue is 5.75e-27. This might indicate that there are
strong multicollinearity problems or that the design matrix is singular.