                            OLS Regression Results                            
==============================================================================
Dep. Variable:              sd_pooled   R-squared:                       0.553
Model:                            OLS   Adj. R-squared:                  0.545
Method:                 Least Squares   F-statistic:                     68.60
Date:                Sun, 29 Mar 2026   Prob (F-statistic):               0.00
Time:                        15:35:37   Log-Likelihood:                 418.23
No. Observations:                3611   AIC:                            -706.5
Df Residuals:                    3546   BIC:                            -304.0
Df Model:                          64                                         
Covariance Type:            nonrobust                                         
============================================================================================
                               coef    std err          t      P>|t|      [0.025      0.975]
--------------------------------------------------------------------------------------------
const                        3.3733      0.052     64.652      0.000       3.271       3.476
FLead                        0.0474      0.009      5.555      0.000       0.031       0.064
mean_pooled                 -0.2338      0.005    -49.276      0.000      -0.243      -0.224
kim_violence_gore            0.0131      0.003      4.819      0.000       0.008       0.018
kim_sex_nudity               0.0107      0.002      4.895      0.000       0.006       0.015
kim_language                -0.0146      0.002     -7.216      0.000      -0.019      -0.011
major                       -0.0439      0.009     -5.090      0.000      -0.061      -0.027
log_bom_opening_theaters     0.0062      0.002      3.291      0.001       0.003       0.010
genres_count                -0.0096      0.007     -1.338      0.181      -0.024       0.004
yr_1993                     -0.0003      0.038     -0.009      0.993      -0.075       0.074
yr_1994                      0.0036      0.038      0.093      0.926      -0.072       0.079
yr_1995                      0.0483      0.038      1.279      0.201      -0.026       0.122
yr_1996                      0.0077      0.037      0.210      0.834      -0.064       0.080
yr_1997                      0.0118      0.038      0.314      0.754      -0.062       0.086
yr_1998                      0.0578      0.037      1.575      0.115      -0.014       0.130
yr_1999                      0.0608      0.036      1.706      0.088      -0.009       0.131
yr_2000                     -0.0057      0.037     -0.157      0.875      -0.077       0.066
yr_2001                      0.0622      0.036      1.746      0.081      -0.008       0.132
yr_2002                      0.0243      0.035      0.685      0.493      -0.045       0.094
yr_2003                      0.0047      0.036      0.133      0.894      -0.065       0.075
yr_2004                      0.0653      0.036      1.838      0.066      -0.004       0.135
yr_2005                      0.0563      0.035      1.596      0.111      -0.013       0.125
yr_2006                      0.1095      0.035      3.136      0.002       0.041       0.178
yr_2007                      0.1102      0.035      3.162      0.002       0.042       0.179
yr_2008                      0.0603      0.035      1.713      0.087      -0.009       0.129
yr_2009                      0.0321      0.036      0.899      0.369      -0.038       0.102
yr_2010                      0.0296      0.035      0.837      0.403      -0.040       0.099
yr_2011                      0.0261      0.035      0.753      0.451      -0.042       0.094
yr_2012                      0.0168      0.035      0.486      0.627      -0.051       0.084
yr_2013                      0.0053      0.035      0.153      0.878      -0.063       0.074
yr_2014                      0.0368      0.035      1.047      0.295      -0.032       0.106
yr_2015                     -0.0303      0.035     -0.866      0.387      -0.099       0.038
yr_2016                     -0.0282      0.035     -0.802      0.423      -0.097       0.041
yr_2017                      0.0118      0.036      0.330      0.742      -0.058       0.082
yr_2018                      0.0141      0.036      0.392      0.695      -0.056       0.084
mo_2                         0.0075      0.021      0.359      0.720      -0.034       0.049
mo_3                        -0.0063      0.020     -0.312      0.755      -0.046       0.033
mo_4                         0.0033      0.020      0.164      0.870      -0.036       0.043
mo_5                        -0.0104      0.021     -0.488      0.626      -0.052       0.031
mo_6                        -0.0336      0.021     -1.605      0.109      -0.075       0.007
mo_7                        -0.0299      0.020     -1.463      0.143      -0.070       0.010
mo_8                        -0.0271      0.020     -1.382      0.167      -0.066       0.011
mo_9                        -0.0268      0.020     -1.340      0.180      -0.066       0.012
mo_10                       -0.0110      0.020     -0.557      0.577      -0.050       0.028
mo_11                       -0.0282      0.020     -1.403      0.161      -0.068       0.011
mo_12                       -0.0288      0.019     -1.484      0.138      -0.067       0.009
genre_Action                -0.0489      0.011     -4.255      0.000      -0.071      -0.026
genre_Adventure             -0.0084      0.012     -0.689      0.491      -0.032       0.015
genre_Animation             -0.0338      0.019     -1.741      0.082      -0.072       0.004
genre_Biography             -0.0853      0.015     -5.617      0.000      -0.115      -0.056
genre_Comedy                 0.0009      0.010      0.088      0.930      -0.019       0.021
genre_Crime                 -0.0895      0.011     -8.086      0.000      -0.111      -0.068
genre_Drama                  0.0173      0.010      1.687      0.092      -0.003       0.037
genre_Family                 0.0719      0.016      4.571      0.000       0.041       0.103
genre_Fantasy                0.0011      0.014      0.079      0.937      -0.026       0.028
genre_History                0.0136      0.022      0.620      0.536      -0.029       0.057
genre_Horror                -0.0355      0.016     -2.276      0.023      -0.066      -0.005
genre_Music                  0.1072      0.020      5.236      0.000       0.067       0.147
genre_Musical                0.3316      0.047      7.032      0.000       0.239       0.424
genre_Mystery               -0.0625      0.014     -4.544      0.000      -0.089      -0.036
genre_News                3.646e-18   6.22e-18      0.586      0.558   -8.55e-18    1.58e-17
genre_Romance               -0.0203      0.011     -1.846      0.065      -0.042       0.001
genre_Sci_Fi                -0.0119      0.015     -0.803      0.422      -0.041       0.017
genre_Short               5.968e-18    3.3e-18      1.810      0.070   -4.96e-19    1.24e-17
genre_Sport                 -0.0353      0.023     -1.567      0.117      -0.080       0.009
genre_Thriller              -0.0755      0.012     -6.551      0.000      -0.098      -0.053
genre_War                    0.0107      0.033      0.327      0.744      -0.053       0.075
genre_Western               -0.0569      0.054     -1.051      0.293      -0.163       0.049
==============================================================================
Omnibus:                     1513.610   Durbin-Watson:                   2.002
Prob(Omnibus):                  0.000   Jarque-Bera (JB):            12446.226
Skew:                           1.786   Prob(JB):                         0.00
Kurtosis:                      11.365   Cond. No.                     1.02e+16
==============================================================================

Notes:
[1] Standard Errors assume that the covariance matrix of the errors is correctly specified.
[2] The smallest eigenvalue is 5.73e-27. This might indicate that there are
strong multicollinearity problems or that the design matrix is singular.