                            OLS Regression Results                            
==============================================================================
Dep. Variable:              sd_pooled   R-squared:                       0.561
Model:                            OLS   Adj. R-squared:                  0.553
Method:                 Least Squares   F-statistic:                     78.66
Date:                Sun, 29 Mar 2026   Prob (F-statistic):               0.00
Time:                        15:20:49   Log-Likelihood:                 526.76
No. Observations:                4012   AIC:                            -923.5
Df Residuals:                    3947   BIC:                            -514.2
Df Model:                          64                                         
Covariance Type:            nonrobust                                         
============================================================================================
                               coef    std err          t      P>|t|      [0.025      0.975]
--------------------------------------------------------------------------------------------
const                        3.3777      0.049     69.464      0.000       3.282       3.473
FLead                        0.0454      0.008      5.645      0.000       0.030       0.061
mean_pooled                 -0.2328      0.004    -52.795      0.000      -0.241      -0.224
kim_violence_gore            0.0078      0.003      3.072      0.002       0.003       0.013
kim_sex_nudity               0.0127      0.002      6.347      0.000       0.009       0.017
kim_language                -0.0136      0.002     -7.409      0.000      -0.017      -0.010
major                       -0.0410      0.008     -5.091      0.000      -0.057      -0.025
log_bom_opening_theaters     0.0060      0.002      3.372      0.001       0.002       0.009
genres_count                -0.0065      0.007     -0.970      0.332      -0.020       0.007
yr_1993                     -0.0049      0.035     -0.140      0.888      -0.073       0.063
yr_1994                     -0.0021      0.035     -0.060      0.952      -0.071       0.067
yr_1995                      0.0445      0.035      1.280      0.201      -0.024       0.113
yr_1996                      0.0101      0.034      0.296      0.767      -0.057       0.077
yr_1997                      0.0150      0.035      0.432      0.666      -0.053       0.083
yr_1998                      0.0584      0.034      1.741      0.082      -0.007       0.124
yr_1999                      0.0627      0.033      1.920      0.055      -0.001       0.127
yr_2000                     -0.0085      0.034     -0.254      0.800      -0.075       0.057
yr_2001                      0.0609      0.033      1.843      0.065      -0.004       0.126
yr_2002                      0.0181      0.033      0.556      0.578      -0.046       0.082
yr_2003                      0.0017      0.033      0.053      0.958      -0.062       0.066
yr_2004                      0.0645      0.032      1.985      0.047       0.001       0.128
yr_2005                      0.0523      0.032      1.624      0.104      -0.011       0.115
yr_2006                      0.1022      0.032      3.194      0.001       0.039       0.165
yr_2007                      0.1152      0.032      3.613      0.000       0.053       0.178
yr_2008                      0.0561      0.032      1.746      0.081      -0.007       0.119
yr_2009                      0.0352      0.033      1.083      0.279      -0.029       0.099
yr_2010                      0.0314      0.032      0.968      0.333      -0.032       0.095
yr_2011                      0.0333      0.032      1.045      0.296      -0.029       0.096
yr_2012                      0.0179      0.032      0.564      0.572      -0.044       0.080
yr_2013                      0.0109      0.032      0.340      0.734      -0.052       0.073
yr_2014                      0.0418      0.032      1.297      0.195      -0.021       0.105
yr_2015                     -0.0310      0.032     -0.968      0.333      -0.094       0.032
yr_2016                     -0.0337      0.032     -1.042      0.297      -0.097       0.030
yr_2017                      0.0211      0.033      0.647      0.518      -0.043       0.085
yr_2018                      0.0165      0.033      0.505      0.613      -0.048       0.081
mo_2                         0.0073      0.019      0.377      0.707      -0.031       0.046
mo_3                        -0.0048      0.019     -0.256      0.798      -0.041       0.032
mo_4                         0.0008      0.019      0.045      0.964      -0.036       0.038
mo_5                        -0.0135      0.020     -0.684      0.494      -0.052       0.025
mo_6                        -0.0260      0.019     -1.336      0.182      -0.064       0.012
mo_7                        -0.0232      0.019     -1.227      0.220      -0.060       0.014
mo_8                        -0.0270      0.018     -1.476      0.140      -0.063       0.009
mo_9                        -0.0285      0.019     -1.531      0.126      -0.065       0.008
mo_10                       -0.0061      0.018     -0.333      0.739      -0.042       0.030
mo_11                       -0.0241      0.019     -1.282      0.200      -0.061       0.013
mo_12                       -0.0255      0.018     -1.403      0.161      -0.061       0.010
genre_Action                -0.0487      0.010     -4.652      0.000      -0.069      -0.028
genre_Adventure             -0.0045      0.011     -0.401      0.688      -0.027       0.018
genre_Animation             -0.0340      0.018     -1.896      0.058      -0.069       0.001
genre_Biography             -0.0958      0.014     -6.733      0.000      -0.124      -0.068
genre_Comedy                -0.0131      0.009     -1.437      0.151      -0.031       0.005
genre_Crime                 -0.0853      0.010     -8.351      0.000      -0.105      -0.065
genre_Drama                  0.0099      0.009      1.047      0.295      -0.009       0.028
genre_Family                 0.0669      0.015      4.599      0.000       0.038       0.095
genre_Fantasy                0.0049      0.013      0.391      0.696      -0.020       0.030
genre_History                0.0227      0.020      1.110      0.267      -0.017       0.063
genre_Horror                -0.0192      0.014     -1.367      0.172      -0.047       0.008
genre_Music                  0.1031      0.019      5.422      0.000       0.066       0.140
genre_Musical                0.3117      0.043      7.212      0.000       0.227       0.396
genre_Mystery               -0.0598      0.013     -4.745      0.000      -0.084      -0.035
genre_News                2.661e-18   6.17e-18      0.431      0.666   -9.43e-18    1.48e-17
genre_Romance               -0.0275      0.010     -2.742      0.006      -0.047      -0.008
genre_Sci_Fi                -0.0116      0.014     -0.856      0.392      -0.038       0.015
genre_Short                5.89e-19   3.56e-18      0.165      0.869    -6.4e-18    7.58e-18
genre_Sport                 -0.0413      0.021     -1.991      0.047      -0.082      -0.001
genre_Thriller              -0.0728      0.011     -6.828      0.000      -0.094      -0.052
genre_War                    0.0238      0.029      0.821      0.412      -0.033       0.081
genre_Western               -0.0360      0.051     -0.699      0.484      -0.137       0.065
==============================================================================
Omnibus:                     1654.096   Durbin-Watson:                   2.006
Prob(Omnibus):                  0.000   Jarque-Bera (JB):            13483.470
Skew:                           1.756   Prob(JB):                         0.00
Kurtosis:                      11.266   Cond. No.                     1.02e+16
==============================================================================

Notes:
[1] Standard Errors assume that the covariance matrix of the errors is correctly specified.
[2] The smallest eigenvalue is 6.39e-27. This might indicate that there are
strong multicollinearity problems or that the design matrix is singular.