                            OLS Regression Results                            
==============================================================================
Dep. Variable:              sd_pooled   R-squared:                       0.561
Model:                            OLS   Adj. R-squared:                  0.554
Method:                 Least Squares   F-statistic:                     78.72
Date:                Tue, 31 Mar 2026   Prob (F-statistic):               0.00
Time:                        21:15:27   Log-Likelihood:                 527.51
No. Observations:                4012   AIC:                            -925.0
Df Residuals:                    3947   BIC:                            -515.7
Df Model:                          64                                         
Covariance Type:            nonrobust                                         
============================================================================================
                               coef    std err          t      P>|t|      [0.025      0.975]
--------------------------------------------------------------------------------------------
const                        3.3886      0.048     70.005      0.000       3.294       3.484
FLead                        0.0474      0.008      5.889      0.000       0.032       0.063
mean_pooled                 -0.2344      0.004    -53.207      0.000      -0.243      -0.226
kim_violence_gore            0.0130      0.003      5.126      0.000       0.008       0.018
kim_sex_nudity               0.0093      0.002      4.509      0.000       0.005       0.013
kim_language                -0.0141      0.002     -7.524      0.000      -0.018      -0.010
major                       -0.0396      0.008     -4.919      0.000      -0.055      -0.024
log_bom_opening_theaters     0.0054      0.002      3.040      0.002       0.002       0.009
genres_count                -0.0110      0.007     -1.631      0.103      -0.024       0.002
yr_1993                     -0.0077      0.034     -0.222      0.824      -0.075       0.060
yr_1994                     -0.0042      0.035     -0.118      0.906      -0.073       0.065
yr_1995                      0.0416      0.035      1.197      0.231      -0.027       0.110
yr_1996                      0.0063      0.034      0.184      0.854      -0.061       0.073
yr_1997                      0.0098      0.035      0.282      0.778      -0.058       0.078
yr_1998                      0.0573      0.033      1.711      0.087      -0.008       0.123
yr_1999                      0.0602      0.033      1.844      0.065      -0.004       0.124
yr_2000                     -0.0090      0.034     -0.268      0.789      -0.075       0.057
yr_2001                      0.0564      0.033      1.706      0.088      -0.008       0.121
yr_2002                      0.0167      0.032      0.515      0.607      -0.047       0.080
yr_2003                      0.0001      0.033      0.004      0.997      -0.064       0.064
yr_2004                      0.0637      0.032      1.961      0.050    2.27e-05       0.127
yr_2005                      0.0493      0.032      1.529      0.126      -0.014       0.112
yr_2006                      0.0987      0.032      3.083      0.002       0.036       0.161
yr_2007                      0.1126      0.032      3.530      0.000       0.050       0.175
yr_2008                      0.0554      0.032      1.727      0.084      -0.007       0.118
yr_2009                      0.0328      0.033      1.008      0.313      -0.031       0.097
yr_2010                      0.0296      0.032      0.913      0.361      -0.034       0.093
yr_2011                      0.0315      0.032      0.989      0.323      -0.031       0.094
yr_2012                      0.0152      0.032      0.479      0.632      -0.047       0.077
yr_2013                      0.0081      0.032      0.252      0.801      -0.054       0.071
yr_2014                      0.0397      0.032      1.231      0.218      -0.024       0.103
yr_2015                     -0.0311      0.032     -0.972      0.331      -0.094       0.032
yr_2016                     -0.0355      0.032     -1.100      0.271      -0.099       0.028
yr_2017                      0.0212      0.033      0.650      0.516      -0.043       0.085
yr_2018                      0.0143      0.033      0.436      0.663      -0.050       0.078
mo_2                         0.0088      0.019      0.451      0.652      -0.029       0.047
mo_3                        -0.0037      0.019     -0.200      0.842      -0.040       0.033
mo_4                         0.0009      0.019      0.049      0.961      -0.036       0.038
mo_5                        -0.0104      0.020     -0.525      0.600      -0.049       0.028
mo_6                        -0.0251      0.019     -1.287      0.198      -0.063       0.013
mo_7                        -0.0217      0.019     -1.144      0.253      -0.059       0.015
mo_8                        -0.0248      0.018     -1.359      0.174      -0.061       0.011
mo_9                        -0.0267      0.019     -1.440      0.150      -0.063       0.010
mo_10                       -0.0068      0.018     -0.371      0.711      -0.043       0.029
mo_11                       -0.0229      0.019     -1.217      0.224      -0.060       0.014
mo_12                       -0.0260      0.018     -1.432      0.152      -0.062       0.010
genre_Action                -0.0571      0.011     -5.386      0.000      -0.078      -0.036
genre_Adventure             -0.0060      0.011     -0.532      0.594      -0.028       0.016
genre_Animation             -0.0287      0.018     -1.593      0.111      -0.064       0.007
genre_Biography             -0.0905      0.014     -6.354      0.000      -0.118      -0.063
genre_Comedy                -0.0013      0.010     -0.135      0.893      -0.020       0.017
genre_Crime                 -0.0893      0.010     -8.705      0.000      -0.109      -0.069
genre_Drama                  0.0142      0.010      1.489      0.136      -0.004       0.033
genre_Family                 0.0693      0.015      4.750      0.000       0.041       0.098
genre_Fantasy                0.0051      0.013      0.399      0.690      -0.020       0.030
genre_History                0.0180      0.020      0.880      0.379      -0.022       0.058
genre_Horror                -0.0372      0.015     -2.551      0.011      -0.066      -0.009
genre_Music                  0.1133      0.019      5.922      0.000       0.076       0.151
genre_Musical                0.3197      0.043      7.391      0.000       0.235       0.404
genre_Mystery               -0.0571      0.013     -4.537      0.000      -0.082      -0.032
genre_News                  1.6e-17   1.72e-17      0.930      0.352   -1.77e-17    4.97e-17
genre_Romance               -0.0150      0.010     -1.460      0.144      -0.035       0.005
genre_Sci_Fi                -0.0131      0.014     -0.967      0.334      -0.040       0.013
genre_Short              -8.567e-18   1.49e-17     -0.575      0.566   -3.78e-17    2.07e-17
genre_Sport                 -0.0385      0.021     -1.856      0.064      -0.079       0.002
genre_Thriller              -0.0736      0.011     -6.901      0.000      -0.095      -0.053
genre_War                    0.0079      0.029      0.271      0.787      -0.049       0.065
genre_Western               -0.0509      0.052     -0.988      0.323      -0.152       0.050
==============================================================================
Omnibus:                     1644.373   Durbin-Watson:                   2.006
Prob(Omnibus):                  0.000   Jarque-Bera (JB):            13182.972
Skew:                           1.749   Prob(JB):                         0.00
Kurtosis:                      11.163   Cond. No.                     1.02e+16
==============================================================================

Notes:
[1] Standard Errors assume that the covariance matrix of the errors is correctly specified.
[2] The smallest eigenvalue is 6.35e-27. This might indicate that there are
strong multicollinearity problems or that the design matrix is singular.