                            OLS Regression Results                            
==============================================================================
Dep. Variable:              sd_pooled   R-squared:                       0.561
Model:                            OLS   Adj. R-squared:                  0.554
Method:                 Least Squares   F-statistic:                     78.73
Date:                Sun, 29 Mar 2026   Prob (F-statistic):               0.00
Time:                        15:55:12   Log-Likelihood:                 527.65
No. Observations:                4012   AIC:                            -925.3
Df Residuals:                    3947   BIC:                            -516.0
Df Model:                          64                                         
Covariance Type:            nonrobust                                         
============================================================================================
                               coef    std err          t      P>|t|      [0.025      0.975]
--------------------------------------------------------------------------------------------
const                        3.3874      0.048     69.934      0.000       3.292       3.482
FLead                        0.0478      0.008      5.938      0.000       0.032       0.064
mean_pooled                 -0.2344      0.004    -53.201      0.000      -0.243      -0.226
kim_violence_gore            0.0131      0.003      5.168      0.000       0.008       0.018
kim_sex_nudity               0.0093      0.002      4.539      0.000       0.005       0.013
kim_language                -0.0141      0.002     -7.535      0.000      -0.018      -0.010
major                       -0.0394      0.008     -4.898      0.000      -0.055      -0.024
log_bom_opening_theaters     0.0054      0.002      3.058      0.002       0.002       0.009
genres_count                -0.0111      0.007     -1.641      0.101      -0.024       0.002
yr_1993                     -0.0066      0.034     -0.193      0.847      -0.074       0.061
yr_1994                     -0.0040      0.035     -0.114      0.909      -0.073       0.065
yr_1995                      0.0424      0.035      1.220      0.223      -0.026       0.110
yr_1996                      0.0055      0.034      0.160      0.873      -0.061       0.072
yr_1997                      0.0099      0.035      0.285      0.776      -0.058       0.078
yr_1998                      0.0577      0.033      1.721      0.085      -0.008       0.123
yr_1999                      0.0601      0.033      1.841      0.066      -0.004       0.124
yr_2000                     -0.0085      0.034     -0.254      0.799      -0.074       0.057
yr_2001                      0.0574      0.033      1.738      0.082      -0.007       0.122
yr_2002                      0.0168      0.032      0.516      0.606      -0.047       0.080
yr_2003                  -8.031e-05      0.033     -0.002      0.998      -0.064       0.064
yr_2004                      0.0632      0.032      1.947      0.052      -0.000       0.127
yr_2005                      0.0485      0.032      1.505      0.133      -0.015       0.112
yr_2006                      0.0985      0.032      3.075      0.002       0.036       0.161
yr_2007                      0.1116      0.032      3.500      0.000       0.049       0.174
yr_2008                      0.0530      0.032      1.651      0.099      -0.010       0.116
yr_2009                      0.0349      0.033      1.073      0.283      -0.029       0.099
yr_2010                      0.0286      0.032      0.882      0.378      -0.035       0.092
yr_2011                      0.0318      0.032      0.998      0.319      -0.031       0.094
yr_2012                      0.0150      0.032      0.473      0.636      -0.047       0.077
yr_2013                      0.0078      0.032      0.244      0.807      -0.055       0.070
yr_2014                      0.0389      0.032      1.205      0.228      -0.024       0.102
yr_2015                     -0.0315      0.032     -0.983      0.326      -0.094       0.031
yr_2016                     -0.0357      0.032     -1.105      0.269      -0.099       0.028
yr_2017                      0.0207      0.033      0.636      0.525      -0.043       0.085
yr_2018                      0.0138      0.033      0.422      0.673      -0.050       0.078
mo_2                         0.0092      0.019      0.471      0.638      -0.029       0.047
mo_3                        -0.0034      0.019     -0.185      0.854      -0.040       0.033
mo_4                         0.0020      0.019      0.104      0.917      -0.035       0.039
mo_5                        -0.0109      0.020     -0.553      0.581      -0.050       0.028
mo_6                        -0.0244      0.019     -1.252      0.211      -0.063       0.014
mo_7                        -0.0215      0.019     -1.137      0.256      -0.059       0.016
mo_8                        -0.0240      0.018     -1.313      0.189      -0.060       0.012
mo_9                        -0.0265      0.019     -1.427      0.154      -0.063       0.010
mo_10                       -0.0061      0.018     -0.334      0.738      -0.042       0.030
mo_11                       -0.0225      0.019     -1.196      0.232      -0.059       0.014
mo_12                       -0.0255      0.018     -1.403      0.161      -0.061       0.010
genre_Action                -0.0569      0.011     -5.359      0.000      -0.078      -0.036
genre_Adventure             -0.0064      0.011     -0.568      0.570      -0.028       0.016
genre_Animation             -0.0284      0.018     -1.577      0.115      -0.064       0.007
genre_Biography             -0.0910      0.014     -6.386      0.000      -0.119      -0.063
genre_Comedy                -0.0010      0.010     -0.104      0.917      -0.020       0.018
genre_Crime                 -0.0893      0.010     -8.701      0.000      -0.109      -0.069
genre_Drama                  0.0145      0.010      1.528      0.127      -0.004       0.033
genre_Family                 0.0695      0.015      4.762      0.000       0.041       0.098
genre_Fantasy                0.0049      0.013      0.389      0.697      -0.020       0.030
genre_History                0.0183      0.020      0.897      0.370      -0.022       0.058
genre_Horror                -0.0372      0.015     -2.553      0.011      -0.066      -0.009
genre_Music                  0.1130      0.019      5.904      0.000       0.075       0.151
genre_Musical                0.3203      0.043      7.408      0.000       0.236       0.405
genre_Mystery               -0.0582      0.013     -4.624      0.000      -0.083      -0.034
genre_News               -1.264e-17   1.16e-17     -1.091      0.275   -3.54e-17    1.01e-17
genre_Romance               -0.0150      0.010     -1.463      0.144      -0.035       0.005
genre_Sci_Fi                -0.0127      0.014     -0.936      0.349      -0.039       0.014
genre_Short               -4.61e-18   4.27e-18     -1.079      0.281    -1.3e-17    3.77e-18
genre_Sport                 -0.0380      0.021     -1.831      0.067      -0.079       0.003
genre_Thriller              -0.0741      0.011     -6.951      0.000      -0.095      -0.053
genre_War                    0.0071      0.029      0.243      0.808      -0.050       0.064
genre_Western               -0.0506      0.052     -0.981      0.326      -0.152       0.050
==============================================================================
Omnibus:                     1645.398   Durbin-Watson:                   2.005
Prob(Omnibus):                  0.000   Jarque-Bera (JB):            13238.646
Skew:                           1.749   Prob(JB):                         0.00
Kurtosis:                      11.183   Cond. No.                     1.02e+16
==============================================================================

Notes:
[1] Standard Errors assume that the covariance matrix of the errors is correctly specified.
[2] The smallest eigenvalue is 6.35e-27. This might indicate that there are
strong multicollinearity problems or that the design matrix is singular.