                            OLS Regression Results                            
==============================================================================
Dep. Variable:              sd_pooled   R-squared:                       0.560
Model:                            OLS   Adj. R-squared:                  0.553
Method:                 Least Squares   F-statistic:                     78.50
Date:                Tue, 31 Mar 2026   Prob (F-statistic):               0.00
Time:                        19:46:52   Log-Likelihood:                 524.47
No. Observations:                4012   AIC:                            -918.9
Df Residuals:                    3947   BIC:                            -509.6
Df Model:                          64                                         
Covariance Type:            nonrobust                                         
============================================================================================
                               coef    std err          t      P>|t|      [0.025      0.975]
--------------------------------------------------------------------------------------------
const                        3.3834      0.049     69.756      0.000       3.288       3.478
FLead                        0.0501      0.008      6.247      0.000       0.034       0.066
mean_pooled                 -0.2350      0.004    -53.356      0.000      -0.244      -0.226
kim_violence_gore            0.0114      0.003      4.458      0.000       0.006       0.016
kim_sex_nudity               0.0104      0.002      5.157      0.000       0.006       0.014
kim_language                -0.0119      0.002     -6.760      0.000      -0.015      -0.008
major                       -0.0387      0.008     -4.801      0.000      -0.054      -0.023
log_bom_opening_theaters     0.0056      0.002      3.139      0.002       0.002       0.009
genres_count                -0.0085      0.007     -1.256      0.209      -0.022       0.005
yr_1993                     -0.0047      0.035     -0.135      0.893      -0.072       0.063
yr_1994                     -0.0039      0.035     -0.111      0.911      -0.073       0.065
yr_1995                      0.0383      0.035      1.102      0.271      -0.030       0.106
yr_1996                      0.0028      0.034      0.083      0.934      -0.064       0.070
yr_1997                      0.0084      0.035      0.242      0.809      -0.060       0.077
yr_1998                      0.0508      0.033      1.517      0.129      -0.015       0.116
yr_1999                      0.0529      0.033      1.620      0.105      -0.011       0.117
yr_2000                     -0.0140      0.034     -0.415      0.678      -0.080       0.052
yr_2001                      0.0499      0.033      1.509      0.131      -0.015       0.115
yr_2002                      0.0118      0.033      0.362      0.717      -0.052       0.076
yr_2003                     -0.0018      0.033     -0.054      0.957      -0.066       0.062
yr_2004                      0.0624      0.033      1.919      0.055      -0.001       0.126
yr_2005                      0.0475      0.032      1.473      0.141      -0.016       0.111
yr_2006                      0.0946      0.032      2.954      0.003       0.032       0.157
yr_2007                      0.1090      0.032      3.416      0.001       0.046       0.172
yr_2008                      0.0498      0.032      1.551      0.121      -0.013       0.113
yr_2009                      0.0300      0.033      0.922      0.357      -0.034       0.094
yr_2010                      0.0223      0.032      0.688      0.491      -0.041       0.086
yr_2011                      0.0263      0.032      0.824      0.410      -0.036       0.089
yr_2012                      0.0100      0.032      0.316      0.752      -0.052       0.072
yr_2013                     -0.0006      0.032     -0.019      0.985      -0.063       0.062
yr_2014                      0.0307      0.032      0.953      0.341      -0.032       0.094
yr_2015                     -0.0411      0.032     -1.285      0.199      -0.104       0.022
yr_2016                     -0.0419      0.032     -1.299      0.194      -0.105       0.021
yr_2017                      0.0140      0.033      0.428      0.668      -0.050       0.078
yr_2018                      0.0065      0.033      0.199      0.842      -0.058       0.071
mo_2                         0.0109      0.019      0.561      0.575      -0.027       0.049
mo_3                        -0.0027      0.019     -0.148      0.882      -0.039       0.034
mo_4                         0.0041      0.019      0.218      0.827      -0.033       0.041
mo_5                        -0.0086      0.020     -0.438      0.662      -0.047       0.030
mo_6                        -0.0235      0.019     -1.205      0.228      -0.062       0.015
mo_7                        -0.0211      0.019     -1.115      0.265      -0.058       0.016
mo_8                        -0.0250      0.018     -1.369      0.171      -0.061       0.011
mo_9                        -0.0282      0.019     -1.515      0.130      -0.065       0.008
mo_10                       -0.0066      0.018     -0.361      0.718      -0.042       0.029
mo_11                       -0.0206      0.019     -1.098      0.272      -0.057       0.016
mo_12                       -0.0226      0.018     -1.246      0.213      -0.058       0.013
genre_Action                -0.0558      0.011     -5.250      0.000      -0.077      -0.035
genre_Adventure             -0.0006      0.011     -0.054      0.957      -0.023       0.021
genre_Animation             -0.0220      0.018     -1.229      0.219      -0.057       0.013
genre_Biography             -0.0954      0.014     -6.692      0.000      -0.123      -0.067
genre_Comedy                -0.0094      0.009     -0.995      0.320      -0.028       0.009
genre_Crime                 -0.0960      0.010     -9.454      0.000      -0.116      -0.076
genre_Drama                  0.0131      0.010      1.376      0.169      -0.006       0.032
genre_Family                 0.0776      0.015      5.335      0.000       0.049       0.106
genre_Fantasy                0.0079      0.013      0.629      0.530      -0.017       0.033
genre_History                0.0252      0.020      1.234      0.217      -0.015       0.065
genre_Horror                -0.0348      0.015     -2.382      0.017      -0.064      -0.006
genre_Music                  0.1081      0.019      5.647      0.000       0.071       0.146
genre_Musical                0.3268      0.043      7.557      0.000       0.242       0.412
genre_Mystery               -0.0596      0.013     -4.732      0.000      -0.084      -0.035
genre_News                1.906e-18   4.56e-18      0.418      0.676   -7.04e-18    1.09e-17
genre_Romance               -0.0169      0.010     -1.633      0.103      -0.037       0.003
genre_Sci_Fi                -0.0165      0.014     -1.212      0.226      -0.043       0.010
genre_Short              -1.192e-18   8.31e-18     -0.143      0.886   -1.75e-17    1.51e-17
genre_Sport                 -0.0419      0.021     -2.018      0.044      -0.083      -0.001
genre_Thriller              -0.0781      0.011     -7.341      0.000      -0.099      -0.057
genre_War                    0.0030      0.029      0.103      0.918      -0.054       0.060
genre_Western               -0.0432      0.052     -0.838      0.402      -0.144       0.058
==============================================================================
Omnibus:                     1665.485   Durbin-Watson:                   2.008
Prob(Omnibus):                  0.000   Jarque-Bera (JB):            13646.711
Skew:                           1.769   Prob(JB):                         0.00
Kurtosis:                      11.314   Cond. No.                     1.02e+16
==============================================================================

Notes:
[1] Standard Errors assume that the covariance matrix of the errors is correctly specified.
[2] The smallest eigenvalue is 6.39e-27. This might indicate that there are
strong multicollinearity problems or that the design matrix is singular.