                            OLS Regression Results                            
==============================================================================
Dep. Variable:              sd_pooled   R-squared:                       0.562
Model:                            OLS   Adj. R-squared:                  0.554
Method:                 Least Squares   F-statistic:                     70.98
Date:                Sun, 29 Mar 2026   Prob (F-statistic):               0.00
Time:                        15:58:32   Log-Likelihood:                 433.69
No. Observations:                3611   AIC:                            -737.4
Df Residuals:                    3546   BIC:                            -334.9
Df Model:                          64                                         
Covariance Type:            nonrobust                                         
============================================================================================
                               coef    std err          t      P>|t|      [0.025      0.975]
--------------------------------------------------------------------------------------------
const                        3.3912      0.052     65.472      0.000       3.290       3.493
FLead                        0.0454      0.008      5.343      0.000       0.029       0.062
mean_pooled                 -0.2350      0.005    -50.292      0.000      -0.244      -0.226
kim_violence_gore            0.0114      0.003      4.166      0.000       0.006       0.017
kim_sex_nudity               0.0109      0.002      4.954      0.000       0.007       0.015
kim_language                -0.0180      0.002     -8.429      0.000      -0.022      -0.014
major                       -0.0438      0.009     -5.070      0.000      -0.061      -0.027
log_bom_opening_theaters     0.0078      0.002      4.095      0.000       0.004       0.012
genres_count                -0.0143      0.007     -1.978      0.048      -0.029      -0.000
yr_1993                     -0.0023      0.037     -0.063      0.950      -0.074       0.070
yr_1994                      0.0018      0.038      0.049      0.961      -0.072       0.075
yr_1995                      0.0578      0.037      1.562      0.118      -0.015       0.130
yr_1996                      0.0199      0.036      0.549      0.583      -0.051       0.091
yr_1997                      0.0252      0.037      0.679      0.497      -0.048       0.098
yr_1998                      0.0641      0.036      1.784      0.075      -0.006       0.135
yr_1999                      0.0696      0.035      1.968      0.049       0.000       0.139
yr_2000                      0.0030      0.036      0.083      0.934      -0.068       0.074
yr_2001                      0.0541      0.036      1.521      0.128      -0.016       0.124
yr_2002                      0.0333      0.035      0.954      0.340      -0.035       0.102
yr_2003                      0.0054      0.035      0.152      0.879      -0.064       0.075
yr_2004                      0.0656      0.035      1.887      0.059      -0.003       0.134
yr_2005                      0.0627      0.034      1.822      0.069      -0.005       0.130
yr_2006                      0.1035      0.034      3.015      0.003       0.036       0.171
yr_2007                      0.1162      0.034      3.404      0.001       0.049       0.183
yr_2008                      0.0567      0.034      1.651      0.099      -0.011       0.124
yr_2009                      0.0406      0.035      1.168      0.243      -0.028       0.109
yr_2010                      0.0443      0.035      1.277      0.202      -0.024       0.112
yr_2011                      0.0452      0.034      1.317      0.188      -0.022       0.112
yr_2012                      0.0303      0.034      0.886      0.376      -0.037       0.097
yr_2013                      0.0234      0.034      0.681      0.496      -0.044       0.091
yr_2014                      0.0517      0.035      1.476      0.140      -0.017       0.120
yr_2015                     -0.0221      0.035     -0.639      0.523      -0.090       0.046
yr_2016                     -0.0213      0.035     -0.611      0.541      -0.090       0.047
yr_2017                      0.0383      0.035      1.088      0.277      -0.031       0.107
yr_2018                      0.0296      0.035      0.842      0.400      -0.039       0.099
mo_2                         0.0036      0.021      0.174      0.862      -0.037       0.045
mo_3                        -0.0011      0.020     -0.055      0.956      -0.040       0.038
mo_4                         0.0004      0.020      0.019      0.985      -0.039       0.040
mo_5                        -0.0148      0.021     -0.700      0.484      -0.056       0.027
mo_6                        -0.0184      0.021     -0.877      0.381      -0.060       0.023
mo_7                        -0.0235      0.021     -1.140      0.254      -0.064       0.017
mo_8                        -0.0317      0.020     -1.609      0.108      -0.070       0.007
mo_9                        -0.0275      0.020     -1.368      0.172      -0.067       0.012
mo_10                       -0.0100      0.020     -0.506      0.613      -0.049       0.029
mo_11                       -0.0217      0.020     -1.072      0.284      -0.061       0.018
mo_12                       -0.0252      0.020     -1.290      0.197      -0.063       0.013
genre_Action                -0.0586      0.011     -5.131      0.000      -0.081      -0.036
genre_Adventure             -0.0052      0.012     -0.437      0.662      -0.028       0.018
genre_Animation             -0.0365      0.019     -1.967      0.049      -0.073      -0.000
genre_Biography             -0.0889      0.015     -5.779      0.000      -0.119      -0.059
genre_Comedy                -0.0014      0.010     -0.134      0.893      -0.021       0.019
genre_Crime                 -0.0806      0.011     -7.207      0.000      -0.103      -0.059
genre_Drama                  0.0230      0.010      2.274      0.023       0.003       0.043
genre_Family                 0.0659      0.015      4.401      0.000       0.037       0.095
genre_Fantasy                0.0029      0.013      0.217      0.828      -0.023       0.029
genre_History                0.0179      0.021      0.841      0.400      -0.024       0.060
genre_Horror                -0.0361      0.016     -2.309      0.021      -0.067      -0.005
genre_Music                  0.1047      0.020      5.126      0.000       0.065       0.145
genre_Musical                0.3179      0.044      7.248      0.000       0.232       0.404
genre_Mystery               -0.0615      0.013     -4.590      0.000      -0.088      -0.035
genre_News                1.125e-17   3.66e-18      3.071      0.002    4.07e-18    1.84e-17
genre_Romance               -0.0163      0.011     -1.486      0.137      -0.038       0.005
genre_Sci_Fi                -0.0081      0.014     -0.558      0.577      -0.036       0.020
genre_Short               3.501e-18   3.16e-18      1.108      0.268   -2.69e-18    9.69e-18
genre_Sport                 -0.0369      0.022     -1.674      0.094      -0.080       0.006
genre_Thriller              -0.0710      0.012     -6.161      0.000      -0.094      -0.048
genre_War                    0.0117      0.032      0.368      0.713      -0.051       0.074
genre_Western               -0.0573      0.056     -1.027      0.304      -0.167       0.052
==============================================================================
Omnibus:                     1482.040   Durbin-Watson:                   2.016
Prob(Omnibus):                  0.000   Jarque-Bera (JB):            11709.459
Skew:                           1.754   Prob(JB):                         0.00
Kurtosis:                      11.095   Cond. No.                     1.02e+16
==============================================================================

Notes:
[1] Standard Errors assume that the covariance matrix of the errors is correctly specified.
[2] The smallest eigenvalue is 5.53e-27. This might indicate that there are
strong multicollinearity problems or that the design matrix is singular.