                            OLS Regression Results                            
==============================================================================
Dep. Variable:              sd_pooled   R-squared:                       0.562
Model:                            OLS   Adj. R-squared:                  0.555
Method:                 Least Squares   F-statistic:                     79.12
Date:                Tue, 31 Mar 2026   Prob (F-statistic):               0.00
Time:                        11:29:25   Log-Likelihood:                 533.32
No. Observations:                4012   AIC:                            -936.6
Df Residuals:                    3947   BIC:                            -527.3
Df Model:                          64                                         
Covariance Type:            nonrobust                                         
============================================================================================
                               coef    std err          t      P>|t|      [0.025      0.975]
--------------------------------------------------------------------------------------------
const                        3.3797      0.048     69.855      0.000       3.285       3.475
FLead                        0.0470      0.008      5.849      0.000       0.031       0.063
mean_pooled                 -0.2337      0.004    -53.070      0.000      -0.242      -0.225
kim_violence_gore            0.0122      0.003      4.789      0.000       0.007       0.017
kim_sex_nudity               0.0114      0.002      5.650      0.000       0.007       0.015
kim_language                -0.0149      0.002     -7.959      0.000      -0.019      -0.011
major                       -0.0393      0.008     -4.891      0.000      -0.055      -0.024
log_bom_opening_theaters     0.0055      0.002      3.114      0.002       0.002       0.009
genres_count                -0.0092      0.007     -1.364      0.173      -0.023       0.004
yr_1993                     -0.0059      0.034     -0.172      0.864      -0.073       0.062
yr_1994                     -0.0029      0.035     -0.082      0.935      -0.072       0.066
yr_1995                      0.0437      0.035      1.261      0.207      -0.024       0.112
yr_1996                      0.0088      0.034      0.259      0.795      -0.058       0.076
yr_1997                      0.0115      0.035      0.332      0.740      -0.056       0.079
yr_1998                      0.0585      0.033      1.750      0.080      -0.007       0.124
yr_1999                      0.0599      0.033      1.839      0.066      -0.004       0.124
yr_2000                     -0.0079      0.034     -0.234      0.815      -0.074       0.058
yr_2001                      0.0561      0.033      1.701      0.089      -0.009       0.121
yr_2002                      0.0160      0.032      0.494      0.622      -0.048       0.080
yr_2003                  -8.933e-05      0.033     -0.003      0.998      -0.064       0.064
yr_2004                      0.0612      0.032      1.887      0.059      -0.002       0.125
yr_2005                      0.0482      0.032      1.498      0.134      -0.015       0.111
yr_2006                      0.0967      0.032      3.024      0.003       0.034       0.159
yr_2007                      0.1109      0.032      3.482      0.001       0.048       0.173
yr_2008                      0.0528      0.032      1.647      0.100      -0.010       0.116
yr_2009                      0.0321      0.032      0.989      0.323      -0.032       0.096
yr_2010                      0.0265      0.032      0.820      0.413      -0.037       0.090
yr_2011                      0.0297      0.032      0.935      0.350      -0.033       0.092
yr_2012                      0.0152      0.032      0.481      0.631      -0.047       0.077
yr_2013                      0.0074      0.032      0.233      0.816      -0.055       0.070
yr_2014                      0.0392      0.032      1.218      0.223      -0.024       0.102
yr_2015                     -0.0321      0.032     -1.003      0.316      -0.095       0.031
yr_2016                     -0.0357      0.032     -1.108      0.268      -0.099       0.027
yr_2017                      0.0206      0.033      0.634      0.526      -0.043       0.084
yr_2018                      0.0155      0.033      0.473      0.636      -0.049       0.080
mo_2                         0.0079      0.019      0.405      0.685      -0.030       0.046
mo_3                        -0.0042      0.019     -0.227      0.821      -0.040       0.032
mo_4                         0.0006      0.019      0.030      0.976      -0.036       0.037
mo_5                        -0.0126      0.020     -0.640      0.522      -0.051       0.026
mo_6                        -0.0256      0.019     -1.317      0.188      -0.064       0.013
mo_7                        -0.0231      0.019     -1.222      0.222      -0.060       0.014
mo_8                        -0.0260      0.018     -1.428      0.153      -0.062       0.010
mo_9                        -0.0278      0.019     -1.497      0.134      -0.064       0.009
mo_10                       -0.0071      0.018     -0.389      0.697      -0.043       0.029
mo_11                       -0.0240      0.019     -1.282      0.200      -0.061       0.013
mo_12                       -0.0262      0.018     -1.446      0.148      -0.062       0.009
genre_Action                -0.0556      0.011     -5.245      0.000      -0.076      -0.035
genre_Adventure             -0.0059      0.011     -0.528      0.598      -0.028       0.016
genre_Animation             -0.0281      0.018     -1.567      0.117      -0.063       0.007
genre_Biography             -0.0921      0.014     -6.474      0.000      -0.120      -0.064
genre_Comedy                -0.0033      0.010     -0.344      0.731      -0.022       0.015
genre_Crime                 -0.0892      0.010     -8.711      0.000      -0.109      -0.069
genre_Drama                  0.0137      0.010      1.437      0.151      -0.005       0.032
genre_Family                 0.0715      0.015      4.914      0.000       0.043       0.100
genre_Fantasy                0.0041      0.013      0.320      0.749      -0.021       0.029
genre_History                0.0180      0.020      0.883      0.377      -0.022       0.058
genre_Horror                -0.0345      0.015     -2.366      0.018      -0.063      -0.006
genre_Music                  0.1109      0.019      5.805      0.000       0.073       0.148
genre_Musical                0.3184      0.043      7.372      0.000       0.234       0.403
genre_Mystery               -0.0588      0.013     -4.677      0.000      -0.083      -0.034
genre_News                -1.03e-17   4.62e-18     -2.228      0.026   -1.94e-17   -1.24e-18
genre_Romance               -0.0187      0.010     -1.817      0.069      -0.039       0.001
genre_Sci_Fi                -0.0122      0.014     -0.899      0.369      -0.039       0.014
genre_Short              -1.731e-18   1.99e-18     -0.871      0.384   -5.62e-18    2.16e-18
genre_Sport                 -0.0376      0.021     -1.817      0.069      -0.078       0.003
genre_Thriller              -0.0742      0.011     -6.969      0.000      -0.095      -0.053
genre_War                    0.0103      0.029      0.352      0.725      -0.047       0.067
genre_Western               -0.0457      0.051     -0.888      0.375      -0.147       0.055
==============================================================================
Omnibus:                     1648.437   Durbin-Watson:                   2.006
Prob(Omnibus):                  0.000   Jarque-Bera (JB):            13364.668
Skew:                           1.750   Prob(JB):                         0.00
Kurtosis:                      11.228   Cond. No.                     1.02e+16
==============================================================================

Notes:
[1] Standard Errors assume that the covariance matrix of the errors is correctly specified.
[2] The smallest eigenvalue is 6.38e-27. This might indicate that there are
strong multicollinearity problems or that the design matrix is singular.