                            OLS Regression Results                            
==============================================================================
Dep. Variable:              sd_pooled   R-squared:                       0.562
Model:                            OLS   Adj. R-squared:                  0.555
Method:                 Least Squares   F-statistic:                     79.27
Date:                Tue, 31 Mar 2026   Prob (F-statistic):               0.00
Time:                        23:05:45   Log-Likelihood:                 535.38
No. Observations:                4012   AIC:                            -940.8
Df Residuals:                    3947   BIC:                            -531.5
Df Model:                          64                                         
Covariance Type:            nonrobust                                         
============================================================================================
                               coef    std err          t      P>|t|      [0.025      0.975]
--------------------------------------------------------------------------------------------
const                        3.4272      0.049     70.256      0.000       3.332       3.523
FLead                        0.0510      0.008      6.382      0.000       0.035       0.067
mean_pooled                 -0.2375      0.004    -54.238      0.000      -0.246      -0.229
kim_violence_gore            0.0106      0.003      4.217      0.000       0.006       0.015
kim_sex_nudity               0.0103      0.002      5.214      0.000       0.006       0.014
kim_language                -0.0193      0.002     -8.214      0.000      -0.024      -0.015
major                       -0.0375      0.008     -4.672      0.000      -0.053      -0.022
log_bom_opening_theaters     0.0053      0.002      2.999      0.003       0.002       0.009
genres_count                -0.0086      0.007     -1.268      0.205      -0.022       0.005
yr_1993                     -0.0035      0.034     -0.103      0.918      -0.071       0.064
yr_1994                     -0.0063      0.035     -0.178      0.859      -0.075       0.063
yr_1995                      0.0341      0.035      0.983      0.326      -0.034       0.102
yr_1996                      0.0047      0.034      0.137      0.891      -0.062       0.071
yr_1997                      0.0044      0.035      0.126      0.899      -0.063       0.072
yr_1998                      0.0478      0.033      1.432      0.152      -0.018       0.113
yr_1999                      0.0506      0.033      1.558      0.119      -0.013       0.114
yr_2000                     -0.0168      0.034     -0.501      0.617      -0.082       0.049
yr_2001                      0.0548      0.033      1.663      0.096      -0.010       0.119
yr_2002                      0.0129      0.032      0.398      0.691      -0.051       0.076
yr_2003                      0.0002      0.033      0.005      0.996      -0.064       0.064
yr_2004                      0.0612      0.032      1.888      0.059      -0.002       0.125
yr_2005                      0.0500      0.032      1.554      0.120      -0.013       0.113
yr_2006                      0.0978      0.032      3.060      0.002       0.035       0.160
yr_2007                      0.1119      0.032      3.515      0.000       0.049       0.174
yr_2008                      0.0484      0.032      1.511      0.131      -0.014       0.111
yr_2009                      0.0297      0.032      0.915      0.360      -0.034       0.093
yr_2010                      0.0241      0.032      0.747      0.455      -0.039       0.088
yr_2011                      0.0290      0.032      0.912      0.362      -0.033       0.091
yr_2012                      0.0117      0.032      0.371      0.711      -0.050       0.074
yr_2013                      0.0018      0.032      0.057      0.954      -0.061       0.064
yr_2014                      0.0316      0.032      0.983      0.325      -0.031       0.095
yr_2015                     -0.0421      0.032     -1.319      0.187      -0.105       0.020
yr_2016                     -0.0468      0.032     -1.455      0.146      -0.110       0.016
yr_2017                      0.0112      0.032      0.345      0.730      -0.052       0.075
yr_2018                      0.0046      0.033      0.140      0.889      -0.059       0.068
mo_2                         0.0100      0.019      0.513      0.608      -0.028       0.048
mo_3                        -0.0037      0.019     -0.198      0.843      -0.040       0.033
mo_4                         0.0039      0.019      0.207      0.836      -0.033       0.041
mo_5                        -0.0102      0.020     -0.518      0.605      -0.049       0.028
mo_6                        -0.0231      0.019     -1.187      0.235      -0.061       0.015
mo_7                        -0.0235      0.019     -1.244      0.213      -0.061       0.014
mo_8                        -0.0239      0.018     -1.314      0.189      -0.060       0.012
mo_9                        -0.0264      0.019     -1.421      0.155      -0.063       0.010
mo_10                       -0.0097      0.018     -0.531      0.596      -0.045       0.026
mo_11                       -0.0193      0.019     -1.030      0.303      -0.056       0.017
mo_12                       -0.0239      0.018     -1.319      0.187      -0.059       0.012
genre_Action                -0.0534      0.011     -5.034      0.000      -0.074      -0.033
genre_Adventure             -0.0051      0.011     -0.452      0.651      -0.027       0.017
genre_Animation             -0.0305      0.018     -1.694      0.090      -0.066       0.005
genre_Biography             -0.0945      0.014     -6.649      0.000      -0.122      -0.067
genre_Comedy                -0.0091      0.009     -0.968      0.333      -0.028       0.009
genre_Crime                 -0.0978      0.010     -9.702      0.000      -0.118      -0.078
genre_Drama                  0.0134      0.010      1.414      0.158      -0.005       0.032
genre_Family                 0.0647      0.015      4.417      0.000       0.036       0.093
genre_Fantasy                0.0082      0.013      0.654      0.513      -0.016       0.033
genre_History                0.0240      0.020      1.178      0.239      -0.016       0.064
genre_Horror                -0.0353      0.015     -2.419      0.016      -0.064      -0.007
genre_Music                  0.1097      0.019      5.747      0.000       0.072       0.147
genre_Musical                0.3232      0.043      7.492      0.000       0.239       0.408
genre_Mystery               -0.0568      0.013     -4.520      0.000      -0.081      -0.032
genre_News               -1.939e-17   6.98e-18     -2.779      0.005   -3.31e-17   -5.71e-18
genre_Romance               -0.0160      0.010     -1.554      0.120      -0.036       0.004
genre_Sci_Fi                -0.0103      0.014     -0.762      0.446      -0.037       0.016
genre_Short              -1.876e-17   6.29e-18     -2.982      0.003   -3.11e-17   -6.43e-18
genre_Sport                 -0.0344      0.021     -1.662      0.097      -0.075       0.006
genre_Thriller              -0.0747      0.011     -7.025      0.000      -0.096      -0.054
genre_War                    0.0029      0.029      0.098      0.922      -0.054       0.060
genre_Western               -0.0367      0.051     -0.714      0.475      -0.138       0.064
==============================================================================
Omnibus:                     1671.940   Durbin-Watson:                   2.009
Prob(Omnibus):                  0.000   Jarque-Bera (JB):            13930.482
Skew:                           1.771   Prob(JB):                         0.00
Kurtosis:                      11.413   Cond. No.                     1.02e+16
==============================================================================

Notes:
[1] Standard Errors assume that the covariance matrix of the errors is correctly specified.
[2] The smallest eigenvalue is 6.07e-27. This might indicate that there are
strong multicollinearity problems or that the design matrix is singular.