                            OLS Regression Results                            
==============================================================================
Dep. Variable:              sd_pooled   R-squared:                       0.562
Model:                            OLS   Adj. R-squared:                  0.554
Method:                 Least Squares   F-statistic:                     78.98
Date:                Tue, 31 Mar 2026   Prob (F-statistic):               0.00
Time:                        19:37:22   Log-Likelihood:                 531.27
No. Observations:                4012   AIC:                            -932.5
Df Residuals:                    3947   BIC:                            -523.2
Df Model:                          64                                         
Covariance Type:            nonrobust                                         
============================================================================================
                               coef    std err          t      P>|t|      [0.025      0.975]
--------------------------------------------------------------------------------------------
const                        3.3882      0.048     70.096      0.000       3.293       3.483
FLead                        0.0459      0.008      5.720      0.000       0.030       0.062
mean_pooled                 -0.2330      0.004    -52.928      0.000      -0.242      -0.224
kim_violence_gore            0.0084      0.002      4.283      0.000       0.005       0.012
kim_sex_nudity               0.0122      0.002      6.099      0.000       0.008       0.016
kim_language                -0.0145      0.002     -7.798      0.000      -0.018      -0.011
major                       -0.0393      0.008     -4.887      0.000      -0.055      -0.024
log_bom_opening_theaters     0.0056      0.002      3.168      0.002       0.002       0.009
genres_count                -0.0086      0.007     -1.277      0.202      -0.022       0.005
yr_1993                     -0.0021      0.034     -0.062      0.950      -0.070       0.065
yr_1994                     -0.0010      0.035     -0.029      0.977      -0.070       0.068
yr_1995                      0.0468      0.035      1.349      0.177      -0.021       0.115
yr_1996                      0.0113      0.034      0.332      0.740      -0.055       0.078
yr_1997                      0.0151      0.035      0.437      0.662      -0.053       0.083
yr_1998                      0.0609      0.033      1.821      0.069      -0.005       0.127
yr_1999                      0.0626      0.033      1.923      0.055      -0.001       0.127
yr_2000                     -0.0065      0.034     -0.194      0.846      -0.072       0.059
yr_2001                      0.0635      0.033      1.929      0.054      -0.001       0.128
yr_2002                      0.0195      0.032      0.601      0.548      -0.044       0.083
yr_2003                      0.0010      0.033      0.032      0.975      -0.063       0.065
yr_2004                      0.0658      0.032      2.029      0.043       0.002       0.129
yr_2005                      0.0539      0.032      1.679      0.093      -0.009       0.117
yr_2006                      0.1034      0.032      3.241      0.001       0.041       0.166
yr_2007                      0.1166      0.032      3.670      0.000       0.054       0.179
yr_2008                      0.0563      0.032      1.758      0.079      -0.006       0.119
yr_2009                      0.0377      0.032      1.162      0.245      -0.026       0.101
yr_2010                      0.0307      0.032      0.948      0.343      -0.033       0.094
yr_2011                      0.0355      0.032      1.118      0.263      -0.027       0.098
yr_2012                      0.0193      0.032      0.609      0.543      -0.043       0.081
yr_2013                      0.0126      0.032      0.396      0.692      -0.050       0.075
yr_2014                      0.0433      0.032      1.346      0.178      -0.020       0.106
yr_2015                     -0.0299      0.032     -0.934      0.350      -0.093       0.033
yr_2016                     -0.0332      0.032     -1.030      0.303      -0.096       0.030
yr_2017                      0.0226      0.033      0.693      0.488      -0.041       0.086
yr_2018                      0.0178      0.033      0.545      0.586      -0.046       0.082
mo_2                         0.0059      0.019      0.304      0.761      -0.032       0.044
mo_3                        -0.0046      0.019     -0.249      0.803      -0.041       0.032
mo_4                         0.0013      0.019      0.069      0.945      -0.035       0.038
mo_5                        -0.0134      0.020     -0.679      0.497      -0.052       0.025
mo_6                        -0.0256      0.019     -1.316      0.188      -0.064       0.013
mo_7                        -0.0234      0.019     -1.237      0.216      -0.060       0.014
mo_8                        -0.0270      0.018     -1.483      0.138      -0.063       0.009
mo_9                        -0.0281      0.019     -1.513      0.130      -0.064       0.008
mo_10                       -0.0056      0.018     -0.307      0.759      -0.041       0.030
mo_11                       -0.0243      0.019     -1.295      0.195      -0.061       0.012
mo_12                       -0.0267      0.018     -1.472      0.141      -0.062       0.009
genre_Action                -0.0499      0.010     -4.783      0.000      -0.070      -0.029
genre_Adventure             -0.0050      0.011     -0.448      0.654      -0.027       0.017
genre_Animation             -0.0342      0.018     -1.912      0.056      -0.069       0.001
genre_Biography             -0.0950      0.014     -6.687      0.000      -0.123      -0.067
genre_Comedy                -0.0120      0.009     -1.329      0.184      -0.030       0.006
genre_Crime                 -0.0854      0.010     -8.379      0.000      -0.105      -0.065
genre_Drama                  0.0105      0.009      1.109      0.267      -0.008       0.029
genre_Family                 0.0655      0.014      4.522      0.000       0.037       0.094
genre_Fantasy                0.0070      0.013      0.552      0.581      -0.018       0.032
genre_History                0.0206      0.020      1.011      0.312      -0.019       0.061
genre_Horror                -0.0218      0.014     -1.563      0.118      -0.049       0.006
genre_Music                  0.1028      0.019      5.426      0.000       0.066       0.140
genre_Musical                0.3156      0.043      7.308      0.000       0.231       0.400
genre_Mystery               -0.0598      0.013     -4.752      0.000      -0.084      -0.035
genre_News               -1.533e-17   3.71e-18     -4.134      0.000   -2.26e-17   -8.06e-18
genre_Romance               -0.0252      0.010     -2.515      0.012      -0.045      -0.006
genre_Sci_Fi                -0.0125      0.014     -0.918      0.359      -0.039       0.014
genre_Short              -3.238e-18   8.25e-18     -0.393      0.695   -1.94e-17    1.29e-17
genre_Sport                 -0.0412      0.021     -1.990      0.047      -0.082      -0.001
genre_Thriller              -0.0747      0.011     -7.009      0.000      -0.096      -0.054
genre_War                    0.0195      0.029      0.671      0.502      -0.037       0.076
genre_Western               -0.0333      0.051     -0.647      0.517      -0.134       0.067
==============================================================================
Omnibus:                     1648.919   Durbin-Watson:                   2.002
Prob(Omnibus):                  0.000   Jarque-Bera (JB):            13437.149
Skew:                           1.749   Prob(JB):                         0.00
Kurtosis:                      11.255   Cond. No.                     1.02e+16
==============================================================================

Notes:
[1] Standard Errors assume that the covariance matrix of the errors is correctly specified.
[2] The smallest eigenvalue is 6.38e-27. This might indicate that there are
strong multicollinearity problems or that the design matrix is singular.