                            OLS Regression Results                            
==============================================================================
Dep. Variable:              sd_pooled   R-squared:                       0.561
Model:                            OLS   Adj. R-squared:                  0.554
Method:                 Least Squares   F-statistic:                     78.79
Date:                Sun, 29 Mar 2026   Prob (F-statistic):               0.00
Time:                        15:54:08   Log-Likelihood:                 528.61
No. Observations:                4012   AIC:                            -927.2
Df Residuals:                    3947   BIC:                            -517.9
Df Model:                          64                                         
Covariance Type:            nonrobust                                         
============================================================================================
                               coef    std err          t      P>|t|      [0.025      0.975]
--------------------------------------------------------------------------------------------
const                        3.3808      0.048     69.748      0.000       3.286       3.476
FLead                        0.0457      0.008      5.684      0.000       0.030       0.061
mean_pooled                 -0.2329      0.004    -52.855      0.000      -0.242      -0.224
kim_violence_gore            0.0091      0.003      3.617      0.000       0.004       0.014
kim_sex_nudity               0.0123      0.002      6.080      0.000       0.008       0.016
kim_language                -0.0143      0.002     -7.664      0.000      -0.018      -0.011
major                       -0.0402      0.008     -5.001      0.000      -0.056      -0.024
log_bom_opening_theaters     0.0057      0.002      3.251      0.001       0.002       0.009
genres_count                -0.0077      0.007     -1.145      0.252      -0.021       0.006
yr_1993                     -0.0028      0.034     -0.080      0.936      -0.070       0.065
yr_1994                     -0.0016      0.035     -0.045      0.964      -0.071       0.067
yr_1995                      0.0460      0.035      1.324      0.186      -0.022       0.114
yr_1996                      0.0105      0.034      0.307      0.759      -0.056       0.077
yr_1997                      0.0154      0.035      0.443      0.658      -0.053       0.083
yr_1998                      0.0604      0.033      1.804      0.071      -0.005       0.126
yr_1999                      0.0630      0.033      1.932      0.053      -0.001       0.127
yr_2000                     -0.0058      0.034     -0.172      0.863      -0.072       0.060
yr_2001                      0.0599      0.033      1.814      0.070      -0.005       0.125
yr_2002                      0.0178      0.032      0.548      0.583      -0.046       0.082
yr_2003                      0.0023      0.033      0.072      0.943      -0.062       0.066
yr_2004                      0.0646      0.032      1.992      0.046       0.001       0.128
yr_2005                      0.0504      0.032      1.564      0.118      -0.013       0.114
yr_2006                      0.1012      0.032      3.164      0.002       0.038       0.164
yr_2007                      0.1140      0.032      3.577      0.000       0.052       0.176
yr_2008                      0.0555      0.032      1.731      0.083      -0.007       0.118
yr_2009                      0.0343      0.033      1.055      0.292      -0.029       0.098
yr_2010                      0.0301      0.032      0.928      0.353      -0.033       0.094
yr_2011                      0.0324      0.032      1.018      0.309      -0.030       0.095
yr_2012                      0.0174      0.032      0.548      0.584      -0.045       0.080
yr_2013                      0.0097      0.032      0.303      0.762      -0.053       0.072
yr_2014                      0.0409      0.032      1.268      0.205      -0.022       0.104
yr_2015                     -0.0313      0.032     -0.976      0.329      -0.094       0.032
yr_2016                     -0.0346      0.032     -1.072      0.284      -0.098       0.029
yr_2017                      0.0218      0.033      0.669      0.503      -0.042       0.086
yr_2018                      0.0163      0.033      0.499      0.618      -0.048       0.080
mo_2                         0.0075      0.019      0.383      0.702      -0.031       0.046
mo_3                        -0.0047      0.019     -0.253      0.800      -0.041       0.032
mo_4                         0.0005      0.019      0.028      0.978      -0.036       0.037
mo_5                        -0.0134      0.020     -0.678      0.498      -0.052       0.025
mo_6                        -0.0262      0.019     -1.345      0.179      -0.064       0.012
mo_7                        -0.0244      0.019     -1.288      0.198      -0.061       0.013
mo_8                        -0.0258      0.018     -1.416      0.157      -0.062       0.010
mo_9                        -0.0285      0.019     -1.537      0.124      -0.065       0.008
mo_10                       -0.0073      0.018     -0.399      0.690      -0.043       0.029
mo_11                       -0.0245      0.019     -1.307      0.191      -0.061       0.012
mo_12                       -0.0268      0.018     -1.474      0.141      -0.062       0.009
genre_Action                -0.0516      0.011     -4.890      0.000      -0.072      -0.031
genre_Adventure             -0.0057      0.011     -0.510      0.610      -0.028       0.016
genre_Animation             -0.0305      0.018     -1.697      0.090      -0.066       0.005
genre_Biography             -0.0926      0.014     -6.492      0.000      -0.121      -0.065
genre_Comedy                -0.0085      0.009     -0.900      0.368      -0.027       0.010
genre_Crime                 -0.0874      0.010     -8.523      0.000      -0.107      -0.067
genre_Drama                  0.0114      0.009      1.204      0.229      -0.007       0.030
genre_Family                 0.0693      0.015      4.750      0.000       0.041       0.098
genre_Fantasy                0.0039      0.013      0.305      0.760      -0.021       0.029
genre_History                0.0191      0.020      0.936      0.349      -0.021       0.059
genre_Horror                -0.0243      0.014     -1.704      0.089      -0.052       0.004
genre_Music                  0.1069      0.019      5.599      0.000       0.069       0.144
genre_Musical                0.3181      0.043      7.355      0.000       0.233       0.403
genre_Mystery               -0.0597      0.013     -4.744      0.000      -0.084      -0.035
genre_News                  8.2e-18   6.65e-18      1.233      0.218   -4.84e-18    2.12e-17
genre_Romance               -0.0229      0.010     -2.238      0.025      -0.043      -0.003
genre_Sci_Fi                -0.0122      0.014     -0.899      0.369      -0.039       0.014
genre_Short              -1.511e-22   1.61e-18  -9.37e-05      1.000   -3.16e-18    3.16e-18
genre_Sport                 -0.0401      0.021     -1.935      0.053      -0.081       0.001
genre_Thriller              -0.0738      0.011     -6.925      0.000      -0.095      -0.053
genre_War                    0.0174      0.029      0.599      0.549      -0.040       0.074
genre_Western               -0.0445      0.052     -0.863      0.388      -0.146       0.057
==============================================================================
Omnibus:                     1651.555   Durbin-Watson:                   2.005
Prob(Omnibus):                  0.000   Jarque-Bera (JB):            13425.449
Skew:                           1.753   Prob(JB):                         0.00
Kurtosis:                      11.247   Cond. No.                     1.02e+16
==============================================================================

Notes:
[1] Standard Errors assume that the covariance matrix of the errors is correctly specified.
[2] The smallest eigenvalue is 6.33e-27. This might indicate that there are
strong multicollinearity problems or that the design matrix is singular.