                            OLS Regression Results                            
==============================================================================
Dep. Variable:              sd_pooled   R-squared:                       0.561
Model:                            OLS   Adj. R-squared:                  0.554
Method:                 Least Squares   F-statistic:                     78.69
Date:                Sun, 29 Mar 2026   Prob (F-statistic):               0.00
Time:                        15:54:17   Log-Likelihood:                 527.18
No. Observations:                4012   AIC:                            -924.4
Df Residuals:                    3947   BIC:                            -515.0
Df Model:                          64                                         
Covariance Type:            nonrobust                                         
============================================================================================
                               coef    std err          t      P>|t|      [0.025      0.975]
--------------------------------------------------------------------------------------------
const                        3.3794      0.049     69.602      0.000       3.284       3.475
FLead                        0.0458      0.008      5.687      0.000       0.030       0.062
mean_pooled                 -0.2326      0.004    -52.808      0.000      -0.241      -0.224
kim_violence_gore            0.0080      0.003      3.204      0.001       0.003       0.013
kim_sex_nudity               0.0124      0.002      6.143      0.000       0.008       0.016
kim_language                -0.0140      0.002     -7.543      0.000      -0.018      -0.010
major                       -0.0410      0.008     -5.093      0.000      -0.057      -0.025
log_bom_opening_theaters     0.0059      0.002      3.328      0.001       0.002       0.009
genres_count                -0.0073      0.007     -1.079      0.281      -0.021       0.006
yr_1993                     -0.0024      0.034     -0.070      0.944      -0.070       0.065
yr_1994                     -0.0003      0.035     -0.009      0.993      -0.069       0.069
yr_1995                      0.0470      0.035      1.354      0.176      -0.021       0.115
yr_1996                      0.0118      0.034      0.346      0.730      -0.055       0.079
yr_1997                      0.0171      0.035      0.492      0.622      -0.051       0.085
yr_1998                      0.0611      0.033      1.823      0.068      -0.005       0.127
yr_1999                      0.0650      0.033      1.992      0.046       0.001       0.129
yr_2000                     -0.0063      0.034     -0.187      0.851      -0.072       0.060
yr_2001                      0.0611      0.033      1.850      0.064      -0.004       0.126
yr_2002                      0.0190      0.032      0.583      0.560      -0.045       0.083
yr_2003                      0.0039      0.033      0.118      0.906      -0.060       0.068
yr_2004                      0.0667      0.032      2.057      0.040       0.003       0.130
yr_2005                      0.0521      0.032      1.616      0.106      -0.011       0.115
yr_2006                      0.1018      0.032      3.182      0.001       0.039       0.165
yr_2007                      0.1157      0.032      3.631      0.000       0.053       0.178
yr_2008                      0.0573      0.032      1.786      0.074      -0.006       0.120
yr_2009                      0.0359      0.033      1.103      0.270      -0.028       0.100
yr_2010                      0.0307      0.032      0.949      0.343      -0.033       0.094
yr_2011                      0.0339      0.032      1.066      0.286      -0.028       0.096
yr_2012                      0.0184      0.032      0.579      0.562      -0.044       0.081
yr_2013                      0.0107      0.032      0.336      0.737      -0.052       0.073
yr_2014                      0.0417      0.032      1.293      0.196      -0.022       0.105
yr_2015                     -0.0303      0.032     -0.946      0.344      -0.093       0.032
yr_2016                     -0.0337      0.032     -1.045      0.296      -0.097       0.030
yr_2017                      0.0225      0.033      0.689      0.491      -0.041       0.086
yr_2018                      0.0177      0.033      0.541      0.589      -0.046       0.082
mo_2                         0.0079      0.019      0.406      0.684      -0.030       0.046
mo_3                        -0.0041      0.019     -0.221      0.825      -0.040       0.032
mo_4                         0.0017      0.019      0.092      0.927      -0.035       0.038
mo_5                        -0.0126      0.020     -0.639      0.523      -0.051       0.026
mo_6                        -0.0257      0.019     -1.318      0.188      -0.064       0.013
mo_7                        -0.0238      0.019     -1.258      0.208      -0.061       0.013
mo_8                        -0.0258      0.018     -1.414      0.157      -0.062       0.010
mo_9                        -0.0280      0.019     -1.506      0.132      -0.064       0.008
mo_10                       -0.0058      0.018     -0.317      0.752      -0.042       0.030
mo_11                       -0.0235      0.019     -1.253      0.210      -0.060       0.013
mo_12                       -0.0253      0.018     -1.395      0.163      -0.061       0.010
genre_Action                -0.0503      0.011     -4.775      0.000      -0.071      -0.030
genre_Adventure             -0.0059      0.011     -0.522      0.602      -0.028       0.016
genre_Animation             -0.0308      0.018     -1.710      0.087      -0.066       0.005
genre_Biography             -0.0937      0.014     -6.576      0.000      -0.122      -0.066
genre_Comedy                -0.0097      0.009     -1.037      0.300      -0.028       0.009
genre_Crime                 -0.0867      0.010     -8.462      0.000      -0.107      -0.067
genre_Drama                  0.0108      0.009      1.142      0.253      -0.008       0.029
genre_Family                 0.0690      0.015      4.726      0.000       0.040       0.098
genre_Fantasy                0.0044      0.013      0.350      0.726      -0.020       0.029
genre_History                0.0202      0.020      0.990      0.322      -0.020       0.060
genre_Horror                -0.0215      0.014     -1.516      0.130      -0.049       0.006
genre_Music                  0.1058      0.019      5.540      0.000       0.068       0.143
genre_Musical                0.3152      0.043      7.290      0.000       0.230       0.400
genre_Mystery               -0.0602      0.013     -4.780      0.000      -0.085      -0.036
genre_News                4.861e-18   4.72e-18      1.029      0.304    -4.4e-18    1.41e-17
genre_Romance               -0.0241      0.010     -2.353      0.019      -0.044      -0.004
genre_Sci_Fi                -0.0124      0.014     -0.910      0.363      -0.039       0.014
genre_Short               5.962e-20   1.18e-18      0.051      0.960   -2.25e-18    2.37e-18
genre_Sport                 -0.0405      0.021     -1.955      0.051      -0.081       0.000
genre_Thriller              -0.0737      0.011     -6.913      0.000      -0.095      -0.053
genre_War                    0.0180      0.029      0.616      0.538      -0.039       0.075
genre_Western               -0.0412      0.052     -0.799      0.424      -0.142       0.060
==============================================================================
Omnibus:                     1650.054   Durbin-Watson:                   2.007
Prob(Omnibus):                  0.000   Jarque-Bera (JB):            13405.814
Skew:                           1.751   Prob(JB):                         0.00
Kurtosis:                      11.242   Cond. No.                     1.02e+16
==============================================================================

Notes:
[1] Standard Errors assume that the covariance matrix of the errors is correctly specified.
[2] The smallest eigenvalue is 6.32e-27. This might indicate that there are
strong multicollinearity problems or that the design matrix is singular.