                            OLS Regression Results                            
==============================================================================
Dep. Variable:              sd_pooled   R-squared:                       0.560
Model:                            OLS   Adj. R-squared:                  0.553
Method:                 Least Squares   F-statistic:                     78.42
Date:                Tue, 31 Mar 2026   Prob (F-statistic):               0.00
Time:                        21:55:19   Log-Likelihood:                 523.29
No. Observations:                4012   AIC:                            -916.6
Df Residuals:                    3947   BIC:                            -507.3
Df Model:                          64                                         
Covariance Type:            nonrobust                                         
============================================================================================
                               coef    std err          t      P>|t|      [0.025      0.975]
--------------------------------------------------------------------------------------------
const                        3.3842      0.049     69.745      0.000       3.289       3.479
FLead                        0.0496      0.008      6.181      0.000       0.034       0.065
mean_pooled                 -0.2348      0.004    -53.262      0.000      -0.243      -0.226
kim_violence_gore            0.0113      0.003      4.414      0.000       0.006       0.016
kim_sex_nudity               0.0102      0.002      5.061      0.000       0.006       0.014
kim_language                -0.0130      0.002     -6.584      0.000      -0.017      -0.009
major                       -0.0389      0.008     -4.828      0.000      -0.055      -0.023
log_bom_opening_theaters     0.0055      0.002      3.092      0.002       0.002       0.009
genres_count                -0.0085      0.007     -1.255      0.210      -0.022       0.005
yr_1993                     -0.0056      0.035     -0.161      0.872      -0.073       0.062
yr_1994                     -0.0022      0.035     -0.062      0.951      -0.071       0.067
yr_1995                      0.0401      0.035      1.152      0.249      -0.028       0.108
yr_1996                      0.0042      0.034      0.125      0.901      -0.063       0.071
yr_1997                      0.0106      0.035      0.305      0.761      -0.058       0.079
yr_1998                      0.0561      0.034      1.673      0.094      -0.010       0.122
yr_1999                      0.0541      0.033      1.659      0.097      -0.010       0.118
yr_2000                     -0.0120      0.034     -0.356      0.722      -0.078       0.054
yr_2001                      0.0559      0.033      1.690      0.091      -0.009       0.121
yr_2002                      0.0129      0.033      0.396      0.692      -0.051       0.077
yr_2003                     -0.0016      0.033     -0.048      0.962      -0.066       0.063
yr_2004                      0.0621      0.033      1.908      0.056      -0.002       0.126
yr_2005                      0.0461      0.032      1.429      0.153      -0.017       0.109
yr_2006                      0.0981      0.032      3.062      0.002       0.035       0.161
yr_2007                      0.1105      0.032      3.463      0.001       0.048       0.173
yr_2008                      0.0511      0.032      1.590      0.112      -0.012       0.114
yr_2009                      0.0327      0.033      1.004      0.315      -0.031       0.097
yr_2010                      0.0237      0.032      0.731      0.465      -0.040       0.087
yr_2011                      0.0283      0.032      0.889      0.374      -0.034       0.091
yr_2012                      0.0117      0.032      0.369      0.712      -0.051       0.074
yr_2013                      0.0046      0.032      0.146      0.884      -0.058       0.067
yr_2014                      0.0357      0.032      1.107      0.268      -0.028       0.099
yr_2015                     -0.0367      0.032     -1.145      0.252      -0.100       0.026
yr_2016                     -0.0422      0.032     -1.308      0.191      -0.106       0.021
yr_2017                      0.0133      0.033      0.409      0.683      -0.051       0.077
yr_2018                      0.0074      0.033      0.225      0.822      -0.057       0.071
mo_2                         0.0112      0.019      0.574      0.566      -0.027       0.049
mo_3                        -0.0040      0.019     -0.217      0.828      -0.040       0.032
mo_4                         0.0025      0.019      0.135      0.893      -0.034       0.039
mo_5                        -0.0097      0.020     -0.491      0.624      -0.048       0.029
mo_6                        -0.0233      0.020     -1.196      0.232      -0.062       0.015
mo_7                        -0.0225      0.019     -1.189      0.234      -0.060       0.015
mo_8                        -0.0234      0.018     -1.280      0.201      -0.059       0.012
mo_9                        -0.0266      0.019     -1.429      0.153      -0.063       0.010
mo_10                       -0.0080      0.018     -0.437      0.662      -0.044       0.028
mo_11                       -0.0235      0.019     -1.247      0.212      -0.060       0.013
mo_12                       -0.0247      0.018     -1.359      0.174      -0.060       0.011
genre_Action                -0.0549      0.011     -5.158      0.000      -0.076      -0.034
genre_Adventure             -0.0032      0.011     -0.288      0.773      -0.025       0.019
genre_Animation             -0.0238      0.018     -1.325      0.185      -0.059       0.011
genre_Biography             -0.0926      0.014     -6.491      0.000      -0.121      -0.065
genre_Comedy                -0.0072      0.010     -0.758      0.448      -0.026       0.011
genre_Crime                 -0.0941      0.010     -9.221      0.000      -0.114      -0.074
genre_Drama                  0.0124      0.010      1.301      0.193      -0.006       0.031
genre_Family                 0.0733      0.015      5.023      0.000       0.045       0.102
genre_Fantasy                0.0071      0.013      0.562      0.574      -0.018       0.032
genre_History                0.0233      0.020      1.141      0.254      -0.017       0.063
genre_Horror                -0.0327      0.015     -2.235      0.025      -0.061      -0.004
genre_Music                  0.1086      0.019      5.670      0.000       0.071       0.146
genre_Musical                0.3207      0.043      7.407      0.000       0.236       0.406
genre_Mystery               -0.0579      0.013     -4.596      0.000      -0.083      -0.033
genre_News                 2.03e-17   4.95e-17      0.410      0.682   -7.67e-17    1.17e-16
genre_Romance               -0.0170      0.010     -1.648      0.099      -0.037       0.003
genre_Sci_Fi                -0.0131      0.014     -0.966      0.334      -0.040       0.014
genre_Short               4.422e-18   7.33e-18      0.603      0.546   -9.95e-18    1.88e-17
genre_Sport                 -0.0375      0.021     -1.807      0.071      -0.078       0.003
genre_Thriller              -0.0775      0.011     -7.277      0.000      -0.098      -0.057
genre_War                    0.0080      0.029      0.274      0.784      -0.049       0.065
genre_Western               -0.0503      0.052     -0.974      0.330      -0.151       0.051
==============================================================================
Omnibus:                     1665.338   Durbin-Watson:                   2.011
Prob(Omnibus):                  0.000   Jarque-Bera (JB):            13694.921
Skew:                           1.767   Prob(JB):                         0.00
Kurtosis:                      11.333   Cond. No.                     1.02e+16
==============================================================================

Notes:
[1] Standard Errors assume that the covariance matrix of the errors is correctly specified.
[2] The smallest eigenvalue is 6.28e-27. This might indicate that there are
strong multicollinearity problems or that the design matrix is singular.