                            OLS Regression Results                            
==============================================================================
Dep. Variable:              sd_pooled   R-squared:                       0.562
Model:                            OLS   Adj. R-squared:                  0.555
Method:                 Least Squares   F-statistic:                     79.18
Date:                Sun, 29 Mar 2026   Prob (F-statistic):               0.00
Time:                        10:27:56   Log-Likelihood:                 534.14
No. Observations:                4012   AIC:                            -938.3
Df Residuals:                    3947   BIC:                            -529.0
Df Model:                          64                                         
Covariance Type:            nonrobust                                         
============================================================================================
                               coef    std err          t      P>|t|      [0.025      0.975]
--------------------------------------------------------------------------------------------
const                        3.3769      0.048     69.888      0.000       3.282       3.472
FLead                        0.0467      0.008      5.815      0.000       0.031       0.062
mean_pooled                 -0.2334      0.004    -52.996      0.000      -0.242      -0.225
kim_violence_gore            0.0121      0.003      4.737      0.000       0.007       0.017
kim_sex_nudity               0.0115      0.002      5.688      0.000       0.008       0.016
kim_language                -0.0150      0.002     -7.988      0.000      -0.019      -0.011
major                       -0.0401      0.008     -4.992      0.000      -0.056      -0.024
log_bom_opening_theaters     0.0059      0.002      3.339      0.001       0.002       0.009
genres_count                -0.0096      0.007     -1.415      0.157      -0.023       0.004
yr_1993                     -0.0061      0.034     -0.177      0.860      -0.074       0.061
yr_1994                     -0.0027      0.035     -0.078      0.938      -0.072       0.066
yr_1995                      0.0438      0.035      1.263      0.207      -0.024       0.112
yr_1996                      0.0089      0.034      0.262      0.793      -0.058       0.076
yr_1997                      0.0131      0.035      0.379      0.705      -0.055       0.081
yr_1998                      0.0592      0.033      1.771      0.077      -0.006       0.125
yr_1999                      0.0605      0.033      1.858      0.063      -0.003       0.124
yr_2000                     -0.0086      0.034     -0.257      0.797      -0.074       0.057
yr_2001                      0.0561      0.033      1.701      0.089      -0.009       0.121
yr_2002                      0.0162      0.032      0.498      0.618      -0.047       0.080
yr_2003                     -0.0002      0.033     -0.006      0.996      -0.064       0.064
yr_2004                      0.0611      0.032      1.884      0.060      -0.002       0.125
yr_2005                      0.0480      0.032      1.492      0.136      -0.015       0.111
yr_2006                      0.0968      0.032      3.027      0.002       0.034       0.159
yr_2007                      0.1106      0.032      3.474      0.001       0.048       0.173
yr_2008                      0.0522      0.032      1.628      0.104      -0.011       0.115
yr_2009                      0.0317      0.032      0.976      0.329      -0.032       0.095
yr_2010                      0.0263      0.032      0.814      0.416      -0.037       0.090
yr_2011                      0.0296      0.032      0.932      0.351      -0.033       0.092
yr_2012                      0.0151      0.032      0.477      0.634      -0.047       0.077
yr_2013                      0.0071      0.032      0.222      0.824      -0.055       0.069
yr_2014                      0.0397      0.032      1.231      0.218      -0.023       0.103
yr_2015                     -0.0314      0.032     -0.983      0.325      -0.094       0.031
yr_2016                     -0.0355      0.032     -1.103      0.270      -0.099       0.028
yr_2017                      0.0208      0.033      0.640      0.522      -0.043       0.085
yr_2018                      0.0150      0.033      0.460      0.645      -0.049       0.079
mo_2                         0.0076      0.019      0.391      0.696      -0.031       0.046
mo_3                        -0.0043      0.019     -0.231      0.818      -0.041       0.032
mo_4                         0.0004      0.019      0.022      0.982      -0.036       0.037
mo_5                        -0.0124      0.020     -0.628      0.530      -0.051       0.026
mo_6                        -0.0252      0.019     -1.295      0.195      -0.063       0.013
mo_7                        -0.0230      0.019     -1.219      0.223      -0.060       0.014
mo_8                        -0.0251      0.018     -1.377      0.169      -0.061       0.011
mo_9                        -0.0275      0.019     -1.483      0.138      -0.064       0.009
mo_10                       -0.0069      0.018     -0.379      0.705      -0.043       0.029
mo_11                       -0.0241      0.019     -1.286      0.199      -0.061       0.013
mo_12                       -0.0259      0.018     -1.433      0.152      -0.061       0.010
genre_Action                -0.0555      0.011     -5.231      0.000      -0.076      -0.035
genre_Adventure             -0.0060      0.011     -0.537      0.591      -0.028       0.016
genre_Animation             -0.0283      0.018     -1.578      0.115      -0.064       0.007
genre_Biography             -0.0920      0.014     -6.469      0.000      -0.120      -0.064
genre_Comedy                -0.0032      0.010     -0.336      0.737      -0.022       0.015
genre_Crime                 -0.0890      0.010     -8.688      0.000      -0.109      -0.069
genre_Drama                  0.0139      0.010      1.464      0.143      -0.005       0.033
genre_Family                 0.0710      0.015      4.873      0.000       0.042       0.100
genre_Fantasy                0.0041      0.013      0.324      0.746      -0.021       0.029
genre_History                0.0184      0.020      0.901      0.367      -0.022       0.058
genre_Horror                -0.0341      0.015     -2.333      0.020      -0.063      -0.005
genre_Music                  0.1115      0.019      5.836      0.000       0.074       0.149
genre_Musical                0.3184      0.043      7.375      0.000       0.234       0.403
genre_Mystery               -0.0588      0.013     -4.675      0.000      -0.083      -0.034
genre_News               -1.408e-17   3.42e-18     -4.115      0.000   -2.08e-17   -7.37e-18
genre_Romance               -0.0187      0.010     -1.812      0.070      -0.039       0.002
genre_Sci_Fi                -0.0128      0.014     -0.947      0.344      -0.039       0.014
genre_Short               -4.53e-19   2.06e-18     -0.220      0.826    -4.5e-18    3.59e-18
genre_Sport                 -0.0377      0.021     -1.821      0.069      -0.078       0.003
genre_Thriller              -0.0741      0.011     -6.958      0.000      -0.095      -0.053
genre_War                    0.0108      0.029      0.371      0.710      -0.046       0.068
genre_Western               -0.0476      0.051     -0.924      0.355      -0.148       0.053
==============================================================================
Omnibus:                     1643.810   Durbin-Watson:                   2.006
Prob(Omnibus):                  0.000   Jarque-Bera (JB):            13271.590
Skew:                           1.746   Prob(JB):                         0.00
Kurtosis:                      11.198   Cond. No.                     1.02e+16
==============================================================================

Notes:
[1] Standard Errors assume that the covariance matrix of the errors is correctly specified.
[2] The smallest eigenvalue is 6.39e-27. This might indicate that there are
strong multicollinearity problems or that the design matrix is singular.