                            OLS Regression Results                            
==============================================================================
Dep. Variable:              sd_pooled   R-squared:                       0.560
Model:                            OLS   Adj. R-squared:                  0.553
Method:                 Least Squares   F-statistic:                     78.55
Date:                Tue, 31 Mar 2026   Prob (F-statistic):               0.00
Time:                        15:20:36   Log-Likelihood:                 525.07
No. Observations:                4012   AIC:                            -920.1
Df Residuals:                    3947   BIC:                            -510.8
Df Model:                          64                                         
Covariance Type:            nonrobust                                         
============================================================================================
                               coef    std err          t      P>|t|      [0.025      0.975]
--------------------------------------------------------------------------------------------
const                        3.3897      0.049     69.853      0.000       3.295       3.485
FLead                        0.0468      0.008      5.797      0.000       0.031       0.063
mean_pooled                 -0.2347      0.004    -53.259      0.000      -0.243      -0.226
kim_violence_gore            0.0140      0.003      5.569      0.000       0.009       0.019
kim_sex_nudity               0.0075      0.002      3.937      0.000       0.004       0.011
kim_language                -0.0140      0.002     -7.361      0.000      -0.018      -0.010
major                       -0.0389      0.008     -4.824      0.000      -0.055      -0.023
log_bom_opening_theaters     0.0052      0.002      2.964      0.003       0.002       0.009
genres_count                -0.0126      0.007     -1.869      0.062      -0.026       0.001
yr_1993                     -0.0077      0.035     -0.224      0.822      -0.075       0.060
yr_1994                     -0.0015      0.035     -0.044      0.965      -0.071       0.068
yr_1995                      0.0422      0.035      1.213      0.225      -0.026       0.110
yr_1996                      0.0076      0.034      0.223      0.823      -0.059       0.074
yr_1997                      0.0095      0.035      0.274      0.784      -0.059       0.078
yr_1998                      0.0600      0.034      1.789      0.074      -0.006       0.126
yr_1999                      0.0632      0.033      1.937      0.053      -0.001       0.127
yr_2000                     -0.0060      0.034     -0.178      0.859      -0.072       0.060
yr_2001                      0.0616      0.033      1.865      0.062      -0.003       0.126
yr_2002                      0.0199      0.032      0.612      0.541      -0.044       0.084
yr_2003                      0.0071      0.033      0.216      0.829      -0.057       0.071
yr_2004                      0.0696      0.032      2.144      0.032       0.006       0.133
yr_2005                      0.0534      0.032      1.658      0.097      -0.010       0.117
yr_2006                      0.1049      0.032      3.280      0.001       0.042       0.168
yr_2007                      0.1194      0.032      3.748      0.000       0.057       0.182
yr_2008                      0.0593      0.032      1.849      0.064      -0.004       0.122
yr_2009                      0.0399      0.032      1.229      0.219      -0.024       0.104
yr_2010                      0.0332      0.032      1.025      0.305      -0.030       0.097
yr_2011                      0.0364      0.032      1.143      0.253      -0.026       0.099
yr_2012                      0.0213      0.032      0.672      0.502      -0.041       0.083
yr_2013                      0.0125      0.032      0.392      0.695      -0.050       0.075
yr_2014                      0.0436      0.032      1.350      0.177      -0.020       0.107
yr_2015                     -0.0267      0.032     -0.833      0.405      -0.089       0.036
yr_2016                     -0.0331      0.032     -1.025      0.305      -0.096       0.030
yr_2017                      0.0248      0.033      0.761      0.446      -0.039       0.089
yr_2018                      0.0176      0.033      0.538      0.591      -0.047       0.082
mo_2                         0.0095      0.019      0.486      0.627      -0.029       0.048
mo_3                        -0.0035      0.019     -0.187      0.852      -0.040       0.033
mo_4                         0.0015      0.019      0.080      0.936      -0.035       0.038
mo_5                        -0.0098      0.020     -0.495      0.621      -0.049       0.029
mo_6                        -0.0233      0.019     -1.197      0.231      -0.062       0.015
mo_7                        -0.0213      0.019     -1.124      0.261      -0.058       0.016
mo_8                        -0.0231      0.018     -1.263      0.207      -0.059       0.013
mo_9                        -0.0262      0.019     -1.408      0.159      -0.063       0.010
mo_10                       -0.0048      0.018     -0.265      0.791      -0.041       0.031
mo_11                       -0.0196      0.019     -1.044      0.296      -0.056       0.017
mo_12                       -0.0246      0.018     -1.352      0.176      -0.060       0.011
genre_Action                -0.0588      0.011     -5.552      0.000      -0.080      -0.038
genre_Adventure             -0.0059      0.011     -0.527      0.598      -0.028       0.016
genre_Animation             -0.0295      0.018     -1.640      0.101      -0.065       0.006
genre_Biography             -0.0901      0.014     -6.323      0.000      -0.118      -0.062
genre_Comedy                 0.0007      0.009      0.077      0.939      -0.018       0.019
genre_Crime                 -0.0885      0.010     -8.622      0.000      -0.109      -0.068
genre_Drama                  0.0147      0.010      1.544      0.123      -0.004       0.033
genre_Family                 0.0674      0.015      4.627      0.000       0.039       0.096
genre_Fantasy                0.0059      0.013      0.464      0.642      -0.019       0.031
genre_History                0.0167      0.020      0.819      0.413      -0.023       0.057
genre_Horror                -0.0386      0.015     -2.646      0.008      -0.067      -0.010
genre_Music                  0.1146      0.019      5.986      0.000       0.077       0.152
genre_Musical                0.3215      0.043      7.431      0.000       0.237       0.406
genre_Mystery               -0.0573      0.013     -4.549      0.000      -0.082      -0.033
genre_News               -9.364e-18    4.2e-18     -2.232      0.026   -1.76e-17   -1.14e-18
genre_Romance               -0.0106      0.010     -1.041      0.298      -0.030       0.009
genre_Sci_Fi                -0.0130      0.014     -0.959      0.338      -0.040       0.014
genre_Short               1.797e-17   6.85e-18      2.625      0.009    4.55e-18    3.14e-17
genre_Sport                 -0.0378      0.021     -1.821      0.069      -0.079       0.003
genre_Thriller              -0.0752      0.011     -7.050      0.000      -0.096      -0.054
genre_War                    0.0058      0.029      0.198      0.843      -0.051       0.063
genre_Western               -0.0546      0.052     -1.060      0.289      -0.156       0.046
==============================================================================
Omnibus:                     1636.280   Durbin-Watson:                   2.004
Prob(Omnibus):                  0.000   Jarque-Bera (JB):            13013.681
Skew:                           1.741   Prob(JB):                         0.00
Kurtosis:                      11.107   Cond. No.                     1.02e+16
==============================================================================

Notes:
[1] Standard Errors assume that the covariance matrix of the errors is correctly specified.
[2] The smallest eigenvalue is 6.39e-27. This might indicate that there are
strong multicollinearity problems or that the design matrix is singular.