                            OLS Regression Results                            
==============================================================================
Dep. Variable:              sd_pooled   R-squared:                       0.562
Model:                            OLS   Adj. R-squared:                  0.555
Method:                 Least Squares   F-statistic:                     79.10
Date:                Tue, 31 Mar 2026   Prob (F-statistic):               0.00
Time:                        11:01:08   Log-Likelihood:                 532.98
No. Observations:                4012   AIC:                            -936.0
Df Residuals:                    3947   BIC:                            -526.6
Df Model:                          64                                         
Covariance Type:            nonrobust                                         
============================================================================================
                               coef    std err          t      P>|t|      [0.025      0.975]
--------------------------------------------------------------------------------------------
const                        3.3799      0.048     69.858      0.000       3.285       3.475
FLead                        0.0468      0.008      5.817      0.000       0.031       0.063
mean_pooled                 -0.2334      0.004    -52.990      0.000      -0.242      -0.225
kim_violence_gore            0.0118      0.003      4.660      0.000       0.007       0.017
kim_sex_nudity               0.0116      0.002      5.696      0.000       0.008       0.016
kim_language                -0.0149      0.002     -7.950      0.000      -0.019      -0.011
major                       -0.0394      0.008     -4.905      0.000      -0.055      -0.024
log_bom_opening_theaters     0.0055      0.002      3.128      0.002       0.002       0.009
genres_count                -0.0094      0.007     -1.382      0.167      -0.023       0.004
yr_1993                     -0.0060      0.034     -0.175      0.861      -0.074       0.061
yr_1994                     -0.0034      0.035     -0.097      0.923      -0.072       0.066
yr_1995                      0.0436      0.035      1.258      0.209      -0.024       0.112
yr_1996                      0.0081      0.034      0.237      0.813      -0.059       0.075
yr_1997                      0.0129      0.035      0.373      0.709      -0.055       0.081
yr_1998                      0.0590      0.033      1.765      0.078      -0.007       0.125
yr_1999                      0.0605      0.033      1.856      0.064      -0.003       0.124
yr_2000                     -0.0088      0.034     -0.264      0.792      -0.075       0.057
yr_2001                      0.0561      0.033      1.700      0.089      -0.009       0.121
yr_2002                      0.0159      0.032      0.490      0.624      -0.048       0.080
yr_2003                     -0.0003      0.033     -0.010      0.992      -0.064       0.064
yr_2004                      0.0612      0.032      1.885      0.059      -0.002       0.125
yr_2005                      0.0482      0.032      1.498      0.134      -0.015       0.111
yr_2006                      0.0970      0.032      3.034      0.002       0.034       0.160
yr_2007                      0.1102      0.032      3.460      0.001       0.048       0.173
yr_2008                      0.0524      0.032      1.633      0.103      -0.011       0.115
yr_2009                      0.0318      0.032      0.979      0.327      -0.032       0.095
yr_2010                      0.0265      0.032      0.819      0.413      -0.037       0.090
yr_2011                      0.0297      0.032      0.933      0.351      -0.033       0.092
yr_2012                      0.0151      0.032      0.476      0.634      -0.047       0.077
yr_2013                      0.0072      0.032      0.227      0.820      -0.055       0.070
yr_2014                      0.0398      0.032      1.236      0.217      -0.023       0.103
yr_2015                     -0.0314      0.032     -0.981      0.326      -0.094       0.031
yr_2016                     -0.0356      0.032     -1.104      0.270      -0.099       0.028
yr_2017                      0.0209      0.033      0.641      0.522      -0.043       0.085
yr_2018                      0.0150      0.033      0.459      0.646      -0.049       0.079
mo_2                         0.0079      0.019      0.405      0.686      -0.030       0.046
mo_3                        -0.0039      0.019     -0.212      0.832      -0.040       0.032
mo_4                         0.0008      0.019      0.043      0.965      -0.036       0.037
mo_5                        -0.0123      0.020     -0.625      0.532      -0.051       0.026
mo_6                        -0.0253      0.019     -1.303      0.193      -0.063       0.013
mo_7                        -0.0233      0.019     -1.234      0.217      -0.060       0.014
mo_8                        -0.0250      0.018     -1.374      0.170      -0.061       0.011
mo_9                        -0.0274      0.019     -1.478      0.139      -0.064       0.009
mo_10                       -0.0068      0.018     -0.371      0.711      -0.042       0.029
mo_11                       -0.0242      0.019     -1.290      0.197      -0.061       0.013
mo_12                       -0.0259      0.018     -1.431      0.152      -0.061       0.010
genre_Action                -0.0550      0.011     -5.184      0.000      -0.076      -0.034
genre_Adventure             -0.0060      0.011     -0.535      0.592      -0.028       0.016
genre_Animation             -0.0283      0.018     -1.576      0.115      -0.064       0.007
genre_Biography             -0.0923      0.014     -6.487      0.000      -0.120      -0.064
genre_Comedy                -0.0037      0.010     -0.389      0.697      -0.022       0.015
genre_Crime                 -0.0889      0.010     -8.673      0.000      -0.109      -0.069
genre_Drama                  0.0134      0.010      1.405      0.160      -0.005       0.032
genre_Family                 0.0710      0.015      4.876      0.000       0.042       0.100
genre_Fantasy                0.0044      0.013      0.345      0.730      -0.020       0.029
genre_History                0.0188      0.020      0.922      0.357      -0.021       0.059
genre_Horror                -0.0330      0.015     -2.269      0.023      -0.062      -0.004
genre_Music                  0.1112      0.019      5.816      0.000       0.074       0.149
genre_Musical                0.3177      0.043      7.358      0.000       0.233       0.402
genre_Mystery               -0.0589      0.013     -4.685      0.000      -0.084      -0.034
genre_News                4.058e-18   4.85e-18      0.836      0.403   -5.46e-18    1.36e-17
genre_Romance               -0.0191      0.010     -1.853      0.064      -0.039       0.001
genre_Sci_Fi                -0.0127      0.014     -0.939      0.348      -0.039       0.014
genre_Short              -3.822e-18   2.88e-18     -1.325      0.185   -9.48e-18    1.83e-18
genre_Sport                 -0.0377      0.021     -1.821      0.069      -0.078       0.003
genre_Thriller              -0.0740      0.011     -6.946      0.000      -0.095      -0.053
genre_War                    0.0109      0.029      0.374      0.709      -0.046       0.068
genre_Western               -0.0471      0.051     -0.915      0.360      -0.148       0.054
==============================================================================
Omnibus:                     1647.392   Durbin-Watson:                   2.006
Prob(Omnibus):                  0.000   Jarque-Bera (JB):            13347.511
Skew:                           1.749   Prob(JB):                         0.00
Kurtosis:                      11.223   Cond. No.                     1.02e+16
==============================================================================

Notes:
[1] Standard Errors assume that the covariance matrix of the errors is correctly specified.
[2] The smallest eigenvalue is 6.39e-27. This might indicate that there are
strong multicollinearity problems or that the design matrix is singular.