                            OLS Regression Results                            
==============================================================================
Dep. Variable:              sd_pooled   R-squared:                       0.562
Model:                            OLS   Adj. R-squared:                  0.555
Method:                 Least Squares   F-statistic:                     79.17
Date:                Tue, 31 Mar 2026   Prob (F-statistic):               0.00
Time:                        11:05:39   Log-Likelihood:                 534.04
No. Observations:                4012   AIC:                            -938.1
Df Residuals:                    3947   BIC:                            -528.8
Df Model:                          64                                         
Covariance Type:            nonrobust                                         
============================================================================================
                               coef    std err          t      P>|t|      [0.025      0.975]
--------------------------------------------------------------------------------------------
const                        3.3781      0.048     69.816      0.000       3.283       3.473
FLead                        0.0468      0.008      5.831      0.000       0.031       0.063
mean_pooled                 -0.2336      0.004    -53.024      0.000      -0.242      -0.225
kim_violence_gore            0.0123      0.003      4.881      0.000       0.007       0.017
kim_sex_nudity               0.0115      0.002      5.681      0.000       0.008       0.015
kim_language                -0.0150      0.002     -8.017      0.000      -0.019      -0.011
major                       -0.0393      0.008     -4.891      0.000      -0.055      -0.024
log_bom_opening_theaters     0.0056      0.002      3.147      0.002       0.002       0.009
genres_count                -0.0096      0.007     -1.417      0.157      -0.023       0.004
yr_1993                     -0.0048      0.034     -0.140      0.889      -0.072       0.063
yr_1994                     -0.0017      0.035     -0.047      0.962      -0.071       0.067
yr_1995                      0.0449      0.035      1.297      0.195      -0.023       0.113
yr_1996                      0.0101      0.034      0.297      0.766      -0.057       0.077
yr_1997                      0.0143      0.035      0.413      0.680      -0.054       0.082
yr_1998                      0.0599      0.033      1.793      0.073      -0.006       0.126
yr_1999                      0.0617      0.033      1.895      0.058      -0.002       0.126
yr_2000                     -0.0076      0.034     -0.227      0.820      -0.073       0.058
yr_2001                      0.0572      0.033      1.735      0.083      -0.007       0.122
yr_2002                      0.0172      0.032      0.532      0.595      -0.046       0.081
yr_2003                      0.0009      0.033      0.028      0.978      -0.063       0.065
yr_2004                      0.0621      0.032      1.916      0.055      -0.001       0.126
yr_2005                      0.0489      0.032      1.520      0.129      -0.014       0.112
yr_2006                      0.0979      0.032      3.066      0.002       0.035       0.161
yr_2007                      0.1116      0.032      3.510      0.000       0.049       0.174
yr_2008                      0.0533      0.032      1.665      0.096      -0.009       0.116
yr_2009                      0.0332      0.032      1.023      0.306      -0.030       0.097
yr_2010                      0.0273      0.032      0.844      0.399      -0.036       0.091
yr_2011                      0.0314      0.032      0.987      0.324      -0.031       0.094
yr_2012                      0.0161      0.032      0.510      0.610      -0.046       0.078
yr_2013                      0.0088      0.032      0.276      0.783      -0.054       0.071
yr_2014                      0.0409      0.032      1.270      0.204      -0.022       0.104
yr_2015                     -0.0301      0.032     -0.941      0.347      -0.093       0.033
yr_2016                     -0.0340      0.032     -1.056      0.291      -0.097       0.029
yr_2017                      0.0221      0.033      0.680      0.496      -0.042       0.086
yr_2018                      0.0163      0.033      0.500      0.617      -0.048       0.080
mo_2                         0.0075      0.019      0.388      0.698      -0.031       0.046
mo_3                        -0.0043      0.019     -0.233      0.815      -0.041       0.032
mo_4                         0.0007      0.019      0.039      0.969      -0.036       0.037
mo_5                        -0.0127      0.020     -0.643      0.520      -0.051       0.026
mo_6                        -0.0253      0.019     -1.301      0.193      -0.063       0.013
mo_7                        -0.0232      0.019     -1.228      0.220      -0.060       0.014
mo_8                        -0.0250      0.018     -1.374      0.170      -0.061       0.011
mo_9                        -0.0279      0.019     -1.506      0.132      -0.064       0.008
mo_10                       -0.0071      0.018     -0.391      0.696      -0.043       0.029
mo_11                       -0.0241      0.019     -1.287      0.198      -0.061       0.013
mo_12                       -0.0263      0.018     -1.451      0.147      -0.062       0.009
genre_Action                -0.0554      0.011     -5.228      0.000      -0.076      -0.035
genre_Adventure             -0.0063      0.011     -0.565      0.572      -0.028       0.016
genre_Animation             -0.0281      0.018     -1.564      0.118      -0.063       0.007
genre_Biography             -0.0920      0.014     -6.467      0.000      -0.120      -0.064
genre_Comedy                -0.0030      0.009     -0.320      0.749      -0.022       0.016
genre_Crime                 -0.0892      0.010     -8.705      0.000      -0.109      -0.069
genre_Drama                  0.0137      0.010      1.440      0.150      -0.005       0.032
genre_Family                 0.0713      0.015      4.898      0.000       0.043       0.100
genre_Fantasy                0.0040      0.013      0.313      0.754      -0.021       0.029
genre_History                0.0175      0.020      0.859      0.390      -0.022       0.058
genre_Horror                -0.0346      0.015     -2.370      0.018      -0.063      -0.006
genre_Music                  0.1118      0.019      5.851      0.000       0.074       0.149
genre_Musical                0.3187      0.043      7.381      0.000       0.234       0.403
genre_Mystery               -0.0587      0.013     -4.664      0.000      -0.083      -0.034
genre_News                1.748e-18   2.43e-18      0.718      0.473   -3.03e-18    6.52e-18
genre_Romance               -0.0188      0.010     -1.826      0.068      -0.039       0.001
genre_Sci_Fi                -0.0129      0.014     -0.952      0.341      -0.039       0.014
genre_Short               2.143e-18   2.65e-18      0.809      0.419   -3.05e-18    7.34e-18
genre_Sport                 -0.0376      0.021     -1.813      0.070      -0.078       0.003
genre_Thriller              -0.0741      0.011     -6.963      0.000      -0.095      -0.053
genre_War                    0.0101      0.029      0.346      0.729      -0.047       0.067
genre_Western               -0.0461      0.051     -0.896      0.371      -0.147       0.055
==============================================================================
Omnibus:                     1646.728   Durbin-Watson:                   2.006
Prob(Omnibus):                  0.000   Jarque-Bera (JB):            13340.059
Skew:                           1.748   Prob(JB):                         0.00
Kurtosis:                      11.221   Cond. No.                     1.02e+16
==============================================================================

Notes:
[1] Standard Errors assume that the covariance matrix of the errors is correctly specified.
[2] The smallest eigenvalue is 6.39e-27. This might indicate that there are
strong multicollinearity problems or that the design matrix is singular.