                            OLS Regression Results                            
==============================================================================
Dep. Variable:              sd_pooled   R-squared:                       0.562
Model:                            OLS   Adj. R-squared:                  0.555
Method:                 Least Squares   F-statistic:                     79.24
Date:                Tue, 31 Mar 2026   Prob (F-statistic):               0.00
Time:                        20:35:02   Log-Likelihood:                 535.00
No. Observations:                4012   AIC:                            -940.0
Df Residuals:                    3947   BIC:                            -530.7
Df Model:                          64                                         
Covariance Type:            nonrobust                                         
============================================================================================
                               coef    std err          t      P>|t|      [0.025      0.975]
--------------------------------------------------------------------------------------------
const                        3.3734      0.048     69.861      0.000       3.279       3.468
FLead                        0.0457      0.008      5.684      0.000       0.030       0.061
mean_pooled                 -0.2325      0.004    -52.334      0.000      -0.241      -0.224
kim_violence_gore            0.0115      0.003      4.473      0.000       0.006       0.017
kim_sex_nudity               0.0120      0.002      5.869      0.000       0.008       0.016
kim_language                -0.0151      0.002     -8.051      0.000      -0.019      -0.011
major                       -0.0402      0.008     -5.047      0.000      -0.056      -0.025
log_bom_opening_theaters     0.0060      0.002      3.582      0.000       0.003       0.009
genres_count                -0.0093      0.007     -1.381      0.167      -0.023       0.004
yr_1993                     -0.0055      0.034     -0.159      0.874      -0.073       0.062
yr_1994                     -0.0018      0.035     -0.051      0.960      -0.071       0.067
yr_1995                      0.0438      0.035      1.263      0.207      -0.024       0.112
yr_1996                      0.0088      0.034      0.260      0.795      -0.058       0.076
yr_1997                      0.0141      0.035      0.407      0.684      -0.054       0.082
yr_1998                      0.0609      0.033      1.821      0.069      -0.005       0.126
yr_1999                      0.0612      0.033      1.879      0.060      -0.003       0.125
yr_2000                     -0.0084      0.034     -0.252      0.801      -0.074       0.057
yr_2001                      0.0583      0.033      1.768      0.077      -0.006       0.123
yr_2002                      0.0169      0.032      0.522      0.602      -0.047       0.081
yr_2003                      0.0011      0.033      0.034      0.973      -0.063       0.065
yr_2004                      0.0620      0.032      1.911      0.056      -0.002       0.126
yr_2005                      0.0483      0.032      1.501      0.133      -0.015       0.111
yr_2006                      0.0983      0.032      3.075      0.002       0.036       0.161
yr_2007                      0.1113      0.032      3.498      0.000       0.049       0.174
yr_2008                      0.0531      0.032      1.655      0.098      -0.010       0.116
yr_2009                      0.0319      0.032      0.983      0.326      -0.032       0.096
yr_2010                      0.0273      0.032      0.845      0.398      -0.036       0.091
yr_2011                      0.0287      0.032      0.902      0.367      -0.034       0.091
yr_2012                      0.0136      0.032      0.429      0.668      -0.048       0.076
yr_2013                      0.0059      0.032      0.185      0.853      -0.056       0.068
yr_2014                      0.0405      0.032      1.257      0.209      -0.023       0.104
yr_2015                     -0.0292      0.032     -0.912      0.362      -0.092       0.034
yr_2016                     -0.0345      0.032     -1.072      0.284      -0.098       0.029
yr_2017                      0.0226      0.033      0.694      0.488      -0.041       0.086
yr_2018                      0.0166      0.033      0.508      0.612      -0.047       0.081
mo_2                         0.0081      0.019      0.418      0.676      -0.030       0.046
mo_3                        -0.0047      0.019     -0.253      0.800      -0.041       0.032
mo_4                         0.0005      0.019      0.024      0.981      -0.036       0.037
mo_5                        -0.0142      0.020     -0.719      0.472      -0.053       0.024
mo_6                        -0.0266      0.019     -1.370      0.171      -0.065       0.011
mo_7                        -0.0250      0.019     -1.324      0.186      -0.062       0.012
mo_8                        -0.0251      0.018     -1.378      0.168      -0.061       0.011
mo_9                        -0.0271      0.019     -1.461      0.144      -0.063       0.009
mo_10                       -0.0062      0.018     -0.342      0.733      -0.042       0.030
mo_11                       -0.0252      0.019     -1.346      0.179      -0.062       0.012
mo_12                       -0.0296      0.018     -1.644      0.100      -0.065       0.006
genre_Action                -0.0539      0.011     -5.087      0.000      -0.075      -0.033
genre_Adventure             -0.0054      0.011     -0.485      0.628      -0.027       0.017
genre_Animation             -0.0297      0.018     -1.654      0.098      -0.065       0.006
genre_Biography             -0.0954      0.014     -6.738      0.000      -0.123      -0.068
genre_Comedy                -0.0034      0.010     -0.354      0.723      -0.022       0.015
genre_Crime                 -0.0894      0.010     -8.731      0.000      -0.109      -0.069
genre_Drama                  0.0122      0.009      1.296      0.195      -0.006       0.031
genre_Family                 0.0711      0.015      4.886      0.000       0.043       0.100
genre_Fantasy                0.0042      0.013      0.332      0.740      -0.021       0.029
genre_History                0.0164      0.020      0.804      0.422      -0.024       0.056
genre_Horror                -0.0327      0.015     -2.241      0.025      -0.061      -0.004
genre_Music                  0.1099      0.019      5.750      0.000       0.072       0.147
genre_Musical                0.3255      0.043      7.537      0.000       0.241       0.410
genre_Mystery               -0.0596      0.013     -4.740      0.000      -0.084      -0.035
genre_News               -2.531e-18   4.38e-18     -0.578      0.563   -1.11e-17    6.05e-18
genre_Romance               -0.0202      0.010     -1.959      0.050      -0.040    2.05e-05
genre_Sci_Fi                -0.0115      0.014     -0.850      0.395      -0.038       0.015
genre_Short               5.141e-18   1.11e-17      0.461      0.645   -1.67e-17     2.7e-17
genre_Sport                 -0.0352      0.021     -1.704      0.088      -0.076       0.005
genre_Thriller              -0.0733      0.011     -6.887      0.000      -0.094      -0.052
genre_War                    0.0107      0.029      0.369      0.712      -0.046       0.068
genre_Western               -0.0497      0.051     -0.965      0.334      -0.151       0.051
==============================================================================
Omnibus:                     1658.214   Durbin-Watson:                   2.007
Prob(Omnibus):                  0.000   Jarque-Bera (JB):            13593.318
Skew:                           1.759   Prob(JB):                         0.00
Kurtosis:                      11.303   Cond. No.                     1.02e+16
==============================================================================

Notes:
[1] Standard Errors assume that the covariance matrix of the errors is correctly specified.
[2] The smallest eigenvalue is 6.37e-27. This might indicate that there are
strong multicollinearity problems or that the design matrix is singular.