                            OLS Regression Results                            
==============================================================================
Dep. Variable:              sd_pooled   R-squared:                       0.562
Model:                            OLS   Adj. R-squared:                  0.555
Method:                 Least Squares   F-statistic:                     79.03
Date:                Tue, 31 Mar 2026   Prob (F-statistic):               0.00
Time:                        20:40:17   Log-Likelihood:                 531.93
No. Observations:                4012   AIC:                            -933.9
Df Residuals:                    3947   BIC:                            -524.5
Df Model:                          64                                         
Covariance Type:            nonrobust                                         
============================================================================================
                               coef    std err          t      P>|t|      [0.025      0.975]
--------------------------------------------------------------------------------------------
const                        3.3892      0.048     70.260      0.000       3.295       3.484
FLead                        0.0467      0.008      5.814      0.000       0.031       0.063
mean_pooled                 -0.2336      0.004    -52.668      0.000      -0.242      -0.225
kim_violence_gore            0.0120      0.003      4.669      0.000       0.007       0.017
kim_sex_nudity               0.0115      0.002      5.648      0.000       0.007       0.015
kim_language                -0.0150      0.002     -8.029      0.000      -0.019      -0.011
major                       -0.0379      0.008     -4.716      0.000      -0.054      -0.022
log_bom_opening_theaters     0.0044      0.002      2.603      0.009       0.001       0.008
genres_count                -0.0090      0.007     -1.327      0.185      -0.022       0.004
yr_1993                     -0.0073      0.034     -0.212      0.832      -0.075       0.060
yr_1994                     -0.0036      0.035     -0.102      0.919      -0.073       0.065
yr_1995                      0.0441      0.035      1.272      0.204      -0.024       0.112
yr_1996                      0.0088      0.034      0.259      0.796      -0.058       0.076
yr_1997                      0.0140      0.035      0.402      0.687      -0.054       0.082
yr_1998                      0.0600      0.033      1.794      0.073      -0.006       0.126
yr_1999                      0.0606      0.033      1.858      0.063      -0.003       0.124
yr_2000                     -0.0068      0.034     -0.202      0.840      -0.073       0.059
yr_2001                      0.0566      0.033      1.713      0.087      -0.008       0.121
yr_2002                      0.0168      0.032      0.518      0.604      -0.047       0.080
yr_2003                      0.0012      0.033      0.035      0.972      -0.063       0.065
yr_2004                      0.0619      0.032      1.906      0.057      -0.002       0.126
yr_2005                      0.0483      0.032      1.501      0.133      -0.015       0.111
yr_2006                      0.0976      0.032      3.052      0.002       0.035       0.160
yr_2007                      0.1118      0.032      3.511      0.000       0.049       0.174
yr_2008                      0.0541      0.032      1.687      0.092      -0.009       0.117
yr_2009                      0.0333      0.032      1.025      0.305      -0.030       0.097
yr_2010                      0.0280      0.032      0.863      0.388      -0.036       0.091
yr_2011                      0.0301      0.032      0.947      0.344      -0.032       0.093
yr_2012                      0.0146      0.032      0.462      0.644      -0.047       0.077
yr_2013                      0.0069      0.032      0.215      0.830      -0.056       0.069
yr_2014                      0.0383      0.032      1.188      0.235      -0.025       0.101
yr_2015                     -0.0314      0.032     -0.983      0.326      -0.094       0.031
yr_2016                     -0.0350      0.032     -1.086      0.277      -0.098       0.028
yr_2017                      0.0215      0.033      0.661      0.509      -0.042       0.085
yr_2018                      0.0164      0.033      0.501      0.617      -0.048       0.080
mo_2                         0.0089      0.019      0.457      0.648      -0.029       0.047
mo_3                        -0.0050      0.019     -0.268      0.788      -0.041       0.031
mo_4                        -0.0003      0.019     -0.017      0.987      -0.037       0.036
mo_5                        -0.0140      0.020     -0.712      0.477      -0.053       0.025
mo_6                        -0.0268      0.019     -1.378      0.168      -0.065       0.011
mo_7                        -0.0250      0.019     -1.323      0.186      -0.062       0.012
mo_8                        -0.0260      0.018     -1.426      0.154      -0.062       0.010
mo_9                        -0.0288      0.019     -1.554      0.120      -0.065       0.008
mo_10                       -0.0082      0.018     -0.450      0.653      -0.044       0.028
mo_11                       -0.0250      0.019     -1.331      0.183      -0.062       0.012
mo_12                       -0.0310      0.018     -1.719      0.086      -0.066       0.004
genre_Action                -0.0537      0.011     -5.064      0.000      -0.074      -0.033
genre_Adventure             -0.0059      0.011     -0.522      0.602      -0.028       0.016
genre_Animation             -0.0278      0.018     -1.549      0.121      -0.063       0.007
genre_Biography             -0.0950      0.014     -6.700      0.000      -0.123      -0.067
genre_Comedy                -0.0035      0.010     -0.365      0.715      -0.022       0.015
genre_Crime                 -0.0884      0.010     -8.629      0.000      -0.109      -0.068
genre_Drama                  0.0109      0.009      1.162      0.245      -0.008       0.029
genre_Family                 0.0711      0.015      4.876      0.000       0.042       0.100
genre_Fantasy                0.0046      0.013      0.361      0.718      -0.020       0.029
genre_History                0.0151      0.020      0.740      0.460      -0.025       0.055
genre_Horror                -0.0336      0.015     -2.304      0.021      -0.062      -0.005
genre_Music                  0.1110      0.019      5.803      0.000       0.073       0.148
genre_Musical                0.3210      0.043      7.432      0.000       0.236       0.406
genre_Mystery               -0.0589      0.013     -4.681      0.000      -0.084      -0.034
genre_News                 9.01e-18   3.06e-18      2.947      0.003    3.02e-18     1.5e-17
genre_Romance               -0.0189      0.010     -1.837      0.066      -0.039       0.001
genre_Sci_Fi                -0.0119      0.014     -0.875      0.382      -0.038       0.015
genre_Short               4.541e-18   2.04e-18      2.227      0.026    5.44e-19    8.54e-18
genre_Sport                 -0.0346      0.021     -1.675      0.094      -0.075       0.006
genre_Thriller              -0.0739      0.011     -6.942      0.000      -0.095      -0.053
genre_War                    0.0088      0.029      0.300      0.764      -0.048       0.066
genre_Western               -0.0453      0.051     -0.879      0.379      -0.146       0.056
==============================================================================
Omnibus:                     1659.848   Durbin-Watson:                   2.005
Prob(Omnibus):                  0.000   Jarque-Bera (JB):            13648.240
Skew:                           1.760   Prob(JB):                         0.00
Kurtosis:                      11.322   Cond. No.                     1.02e+16
==============================================================================

Notes:
[1] Standard Errors assume that the covariance matrix of the errors is correctly specified.
[2] The smallest eigenvalue is 6.37e-27. This might indicate that there are
strong multicollinearity problems or that the design matrix is singular.