                            OLS Regression Results                            
==============================================================================
Dep. Variable:              sd_pooled   R-squared:                       0.560
Model:                            OLS   Adj. R-squared:                  0.552
Method:                 Least Squares   F-statistic:                     78.33
Date:                Tue, 31 Mar 2026   Prob (F-statistic):               0.00
Time:                        23:23:22   Log-Likelihood:                 522.03
No. Observations:                4012   AIC:                            -914.1
Df Residuals:                    3947   BIC:                            -504.7
Df Model:                          64                                         
Covariance Type:            nonrobust                                         
============================================================================================
                               coef    std err          t      P>|t|      [0.025      0.975]
--------------------------------------------------------------------------------------------
const                        3.3909      0.049     69.591      0.000       3.295       3.486
FLead                        0.0440      0.008      5.473      0.000       0.028       0.060
mean_pooled                 -0.2319      0.004    -52.639      0.000      -0.241      -0.223
kim_violence_gore            0.0009      0.003      0.342      0.733      -0.004       0.006
kim_sex_nudity               0.0136      0.002      6.818      0.000       0.010       0.017
kim_language                -0.0130      0.002     -7.056      0.000      -0.017      -0.009
major                       -0.0412      0.008     -5.115      0.000      -0.057      -0.025
log_bom_opening_theaters     0.0063      0.002      3.553      0.000       0.003       0.010
genres_count                -0.0045      0.007     -0.667      0.505      -0.018       0.009
yr_1993                      0.0017      0.035      0.048      0.962      -0.066       0.069
yr_1994                      0.0021      0.035      0.058      0.954      -0.067       0.071
yr_1995                      0.0508      0.035      1.462      0.144      -0.017       0.119
yr_1996                      0.0149      0.034      0.437      0.662      -0.052       0.082
yr_1997                      0.0207      0.035      0.595      0.552      -0.047       0.089
yr_1998                      0.0625      0.034      1.863      0.063      -0.003       0.128
yr_1999                      0.0682      0.033      2.088      0.037       0.004       0.132
yr_2000                     -0.0030      0.034     -0.089      0.929      -0.069       0.063
yr_2001                      0.0673      0.033      2.033      0.042       0.002       0.132
yr_2002                      0.0233      0.033      0.715      0.474      -0.041       0.087
yr_2003                      0.0071      0.033      0.215      0.830      -0.057       0.071
yr_2004                      0.0708      0.033      2.175      0.030       0.007       0.135
yr_2005                      0.0584      0.032      1.809      0.071      -0.005       0.122
yr_2006                      0.1096      0.032      3.420      0.001       0.047       0.172
yr_2007                      0.1229      0.032      3.851      0.000       0.060       0.185
yr_2008                      0.0628      0.032      1.951      0.051      -0.000       0.126
yr_2009                      0.0425      0.033      1.304      0.192      -0.021       0.106
yr_2010                      0.0380      0.032      1.171      0.242      -0.026       0.102
yr_2011                      0.0398      0.032      1.247      0.212      -0.023       0.102
yr_2012                      0.0247      0.032      0.775      0.438      -0.038       0.087
yr_2013                      0.0168      0.032      0.525      0.599      -0.046       0.080
yr_2014                      0.0457      0.032      1.411      0.158      -0.018       0.109
yr_2015                     -0.0275      0.032     -0.854      0.393      -0.091       0.036
yr_2016                     -0.0287      0.032     -0.885      0.376      -0.092       0.035
yr_2017                      0.0262      0.033      0.802      0.423      -0.038       0.090
yr_2018                      0.0217      0.033      0.660      0.509      -0.043       0.086
mo_2                         0.0075      0.020      0.385      0.701      -0.031       0.046
mo_3                        -0.0045      0.019     -0.241      0.809      -0.041       0.032
mo_4                         0.0021      0.019      0.111      0.912      -0.035       0.039
mo_5                        -0.0128      0.020     -0.649      0.516      -0.052       0.026
mo_6                        -0.0264      0.020     -1.353      0.176      -0.065       0.012
mo_7                        -0.0245      0.019     -1.294      0.196      -0.062       0.013
mo_8                        -0.0264      0.018     -1.446      0.148      -0.062       0.009
mo_9                        -0.0293      0.019     -1.574      0.116      -0.066       0.007
mo_10                       -0.0058      0.018     -0.316      0.752      -0.042       0.030
mo_11                       -0.0243      0.019     -1.293      0.196      -0.061       0.013
mo_12                       -0.0250      0.018     -1.374      0.170      -0.061       0.011
genre_Action                -0.0448      0.010     -4.289      0.000      -0.065      -0.024
genre_Adventure             -0.0048      0.011     -0.425      0.671      -0.027       0.017
genre_Animation             -0.0358      0.018     -1.994      0.046      -0.071      -0.001
genre_Biography             -0.0965      0.014     -6.779      0.000      -0.124      -0.069
genre_Comedy                -0.0191      0.009     -2.125      0.034      -0.037      -0.001
genre_Crime                 -0.0833      0.010     -8.136      0.000      -0.103      -0.063
genre_Drama                  0.0078      0.009      0.828      0.408      -0.011       0.026
genre_Family                 0.0638      0.015      4.388      0.000       0.035       0.092
genre_Fantasy                0.0060      0.013      0.474      0.636      -0.019       0.031
genre_History                0.0240      0.020      1.175      0.240      -0.016       0.064
genre_Horror                -0.0098      0.014     -0.712      0.477      -0.037       0.017
genre_Music                  0.0979      0.019      5.159      0.000       0.061       0.135
genre_Musical                0.3108      0.043      7.181      0.000       0.226       0.396
genre_Mystery               -0.0599      0.013     -4.749      0.000      -0.085      -0.035
genre_News                2.923e-18   3.72e-18      0.785      0.433   -4.38e-18    1.02e-17
genre_Romance               -0.0321      0.010     -3.217      0.001      -0.052      -0.013
genre_Sci_Fi                -0.0117      0.014     -0.860      0.390      -0.038       0.015
genre_Short               3.303e-19   2.73e-18      0.121      0.904   -5.03e-18    5.69e-18
genre_Sport                 -0.0436      0.021     -2.105      0.035      -0.084      -0.003
genre_Thriller              -0.0725      0.011     -6.781      0.000      -0.093      -0.052
genre_War                    0.0293      0.029      1.012      0.312      -0.028       0.086
genre_Western               -0.0301      0.051     -0.584      0.559      -0.131       0.071
==============================================================================
Omnibus:                     1662.735   Durbin-Watson:                   2.004
Prob(Omnibus):                  0.000   Jarque-Bera (JB):            13741.636
Skew:                           1.762   Prob(JB):                         0.00
Kurtosis:                      11.354   Cond. No.                     1.02e+16
==============================================================================

Notes:
[1] Standard Errors assume that the covariance matrix of the errors is correctly specified.
[2] The smallest eigenvalue is 6.01e-27. This might indicate that there are
strong multicollinearity problems or that the design matrix is singular.