                            OLS Regression Results                            
==============================================================================
Dep. Variable:              sd_pooled   R-squared:                       0.559
Model:                            OLS   Adj. R-squared:                  0.552
Method:                 Least Squares   F-statistic:                     78.33
Date:                Sun, 29 Mar 2026   Prob (F-statistic):               0.00
Time:                        16:06:56   Log-Likelihood:                 521.98
No. Observations:                4012   AIC:                            -914.0
Df Residuals:                    3947   BIC:                            -504.6
Df Model:                          64                                         
Covariance Type:            nonrobust                                         
============================================================================================
                               coef    std err          t      P>|t|      [0.025      0.975]
--------------------------------------------------------------------------------------------
const                        3.3919      0.049     69.428      0.000       3.296       3.488
FLead                        0.0440      0.008      5.455      0.000       0.028       0.060
mean_pooled                 -0.2319      0.004    -52.635      0.000      -0.241      -0.223
kim_violence_gore            0.0004      0.003      0.140      0.889      -0.005       0.005
kim_sex_nudity               0.0136      0.002      6.825      0.000       0.010       0.017
kim_language                -0.0130      0.002     -7.043      0.000      -0.017      -0.009
major                       -0.0411      0.008     -5.106      0.000      -0.057      -0.025
log_bom_opening_theaters     0.0063      0.002      3.544      0.000       0.003       0.010
genres_count                -0.0044      0.007     -0.655      0.512      -0.018       0.009
yr_1993                      0.0020      0.035      0.058      0.954      -0.066       0.070
yr_1994                      0.0023      0.035      0.065      0.948      -0.067       0.071
yr_1995                      0.0508      0.035      1.462      0.144      -0.017       0.119
yr_1996                      0.0151      0.034      0.444      0.657      -0.052       0.082
yr_1997                      0.0210      0.035      0.604      0.546      -0.047       0.089
yr_1998                      0.0629      0.034      1.875      0.061      -0.003       0.129
yr_1999                      0.0686      0.033      2.100      0.036       0.005       0.133
yr_2000                     -0.0026      0.034     -0.077      0.938      -0.069       0.063
yr_2001                      0.0678      0.033      2.047      0.041       0.003       0.133
yr_2002                      0.0238      0.033      0.731      0.465      -0.040       0.088
yr_2003                      0.0076      0.033      0.233      0.816      -0.057       0.072
yr_2004                      0.0713      0.033      2.191      0.028       0.008       0.135
yr_2005                      0.0590      0.032      1.828      0.068      -0.004       0.122
yr_2006                      0.1103      0.032      3.446      0.001       0.048       0.173
yr_2007                      0.1235      0.032      3.868      0.000       0.061       0.186
yr_2008                      0.0635      0.032      1.975      0.048       0.000       0.127
yr_2009                      0.0432      0.033      1.326      0.185      -0.021       0.107
yr_2010                      0.0387      0.032      1.194      0.233      -0.025       0.102
yr_2011                      0.0405      0.032      1.270      0.204      -0.022       0.103
yr_2012                      0.0253      0.032      0.795      0.427      -0.037       0.088
yr_2013                      0.0174      0.032      0.545      0.586      -0.045       0.080
yr_2014                      0.0463      0.032      1.430      0.153      -0.017       0.110
yr_2015                     -0.0269      0.032     -0.837      0.403      -0.090       0.036
yr_2016                     -0.0280      0.032     -0.865      0.387      -0.091       0.035
yr_2017                      0.0267      0.033      0.816      0.415      -0.037       0.091
yr_2018                      0.0223      0.033      0.678      0.498      -0.042       0.087
mo_2                         0.0076      0.020      0.388      0.698      -0.031       0.046
mo_3                        -0.0044      0.019     -0.237      0.813      -0.041       0.032
mo_4                         0.0022      0.019      0.115      0.908      -0.035       0.039
mo_5                        -0.0128      0.020     -0.645      0.519      -0.052       0.026
mo_6                        -0.0264      0.020     -1.351      0.177      -0.065       0.012
mo_7                        -0.0245      0.019     -1.292      0.196      -0.062       0.013
mo_8                        -0.0264      0.018     -1.446      0.148      -0.062       0.009
mo_9                        -0.0292      0.019     -1.571      0.116      -0.066       0.007
mo_10                       -0.0057      0.018     -0.311      0.756      -0.042       0.030
mo_11                       -0.0242      0.019     -1.286      0.198      -0.061       0.013
mo_12                       -0.0249      0.018     -1.370      0.171      -0.061       0.011
genre_Action                -0.0445      0.010     -4.273      0.000      -0.065      -0.024
genre_Adventure             -0.0046      0.011     -0.406      0.684      -0.027       0.018
genre_Animation             -0.0361      0.018     -2.009      0.045      -0.071      -0.001
genre_Biography             -0.0966      0.014     -6.786      0.000      -0.125      -0.069
genre_Comedy                -0.0194      0.009     -2.162      0.031      -0.037      -0.002
genre_Crime                 -0.0831      0.010     -8.129      0.000      -0.103      -0.063
genre_Drama                  0.0078      0.009      0.825      0.409      -0.011       0.026
genre_Family                 0.0637      0.015      4.376      0.000       0.035       0.092
genre_Fantasy                0.0060      0.013      0.477      0.634      -0.019       0.031
genre_History                0.0240      0.020      1.175      0.240      -0.016       0.064
genre_Horror                -0.0097      0.014     -0.707      0.480      -0.037       0.017
genre_Music                  0.0976      0.019      5.148      0.000       0.060       0.135
genre_Musical                0.3107      0.043      7.177      0.000       0.226       0.396
genre_Mystery               -0.0599      0.013     -4.741      0.000      -0.085      -0.035
genre_News               -1.983e-19   2.28e-18     -0.087      0.931   -4.66e-18    4.27e-18
genre_Romance               -0.0323      0.010     -3.237      0.001      -0.052      -0.013
genre_Sci_Fi                -0.0115      0.014     -0.846      0.397      -0.038       0.015
genre_Short               1.618e-18    8.7e-18      0.186      0.853   -1.54e-17    1.87e-17
genre_Sport                 -0.0435      0.021     -2.099      0.036      -0.084      -0.003
genre_Thriller              -0.0724      0.011     -6.769      0.000      -0.093      -0.051
genre_War                    0.0296      0.029      1.021      0.307      -0.027       0.086
genre_Western               -0.0303      0.051     -0.588      0.557      -0.131       0.071
==============================================================================
Omnibus:                     1662.642   Durbin-Watson:                   2.005
Prob(Omnibus):                  0.000   Jarque-Bera (JB):            13737.071
Skew:                           1.762   Prob(JB):                         0.00
Kurtosis:                      11.352   Cond. No.                     1.02e+16
==============================================================================

Notes:
[1] Standard Errors assume that the covariance matrix of the errors is correctly specified.
[2] The smallest eigenvalue is 6.02e-27. This might indicate that there are
strong multicollinearity problems or that the design matrix is singular.