                            OLS Regression Results                            
==============================================================================
Dep. Variable:              sd_pooled   R-squared:                       0.560
Model:                            OLS   Adj. R-squared:                  0.552
Method:                 Least Squares   F-statistic:                     78.35
Date:                Sun, 29 Mar 2026   Prob (F-statistic):               0.00
Time:                        16:06:39   Log-Likelihood:                 522.24
No. Observations:                4012   AIC:                            -914.5
Df Residuals:                    3947   BIC:                            -505.2
Df Model:                          64                                         
Covariance Type:            nonrobust                                         
============================================================================================
                               coef    std err          t      P>|t|      [0.025      0.975]
--------------------------------------------------------------------------------------------
const                        3.3894      0.049     69.674      0.000       3.294       3.485
FLead                        0.0443      0.008      5.501      0.000       0.029       0.060
mean_pooled                 -0.2319      0.004    -52.652      0.000      -0.241      -0.223
kim_violence_gore            0.0018      0.002      0.730      0.465      -0.003       0.007
kim_sex_nudity               0.0136      0.002      6.822      0.000       0.010       0.017
kim_language                -0.0131      0.002     -7.103      0.000      -0.017      -0.009
major                       -0.0413      0.008     -5.126      0.000      -0.057      -0.026
log_bom_opening_theaters     0.0062      0.002      3.525      0.000       0.003       0.010
genres_count                -0.0046      0.007     -0.691      0.489      -0.018       0.009
yr_1993                      0.0014      0.035      0.040      0.968      -0.066       0.069
yr_1994                      0.0015      0.035      0.043      0.965      -0.068       0.071
yr_1995                      0.0500      0.035      1.439      0.150      -0.018       0.118
yr_1996                      0.0148      0.034      0.433      0.665      -0.052       0.082
yr_1997                      0.0200      0.035      0.576      0.565      -0.048       0.088
yr_1998                      0.0620      0.034      1.847      0.065      -0.004       0.128
yr_1999                      0.0674      0.033      2.061      0.039       0.003       0.131
yr_2000                     -0.0040      0.034     -0.118      0.906      -0.070       0.062
yr_2001                      0.0661      0.033      1.995      0.046       0.001       0.131
yr_2002                      0.0223      0.033      0.686      0.493      -0.042       0.086
yr_2003                      0.0061      0.033      0.185      0.853      -0.058       0.070
yr_2004                      0.0695      0.033      2.132      0.033       0.006       0.133
yr_2005                      0.0575      0.032      1.781      0.075      -0.006       0.121
yr_2006                      0.1087      0.032      3.395      0.001       0.046       0.172
yr_2007                      0.1216      0.032      3.805      0.000       0.059       0.184
yr_2008                      0.0615      0.032      1.909      0.056      -0.002       0.125
yr_2009                      0.0413      0.033      1.266      0.206      -0.023       0.105
yr_2010                      0.0369      0.032      1.136      0.256      -0.027       0.101
yr_2011                      0.0388      0.032      1.216      0.224      -0.024       0.101
yr_2012                      0.0234      0.032      0.734      0.463      -0.039       0.086
yr_2013                      0.0155      0.032      0.483      0.629      -0.047       0.078
yr_2014                      0.0444      0.032      1.369      0.171      -0.019       0.108
yr_2015                     -0.0286      0.032     -0.889      0.374      -0.092       0.034
yr_2016                     -0.0300      0.032     -0.925      0.355      -0.094       0.034
yr_2017                      0.0252      0.033      0.771      0.441      -0.039       0.089
yr_2018                      0.0205      0.033      0.623      0.533      -0.044       0.085
mo_2                         0.0074      0.020      0.381      0.703      -0.031       0.046
mo_3                        -0.0045      0.019     -0.241      0.809      -0.041       0.032
mo_4                         0.0016      0.019      0.087      0.930      -0.035       0.038
mo_5                        -0.0129      0.020     -0.654      0.513      -0.052       0.026
mo_6                        -0.0267      0.020     -1.367      0.172      -0.065       0.012
mo_7                        -0.0245      0.019     -1.295      0.195      -0.062       0.013
mo_8                        -0.0264      0.018     -1.442      0.149      -0.062       0.009
mo_9                        -0.0292      0.019     -1.569      0.117      -0.066       0.007
mo_10                       -0.0058      0.018     -0.316      0.752      -0.042       0.030
mo_11                       -0.0242      0.019     -1.286      0.199      -0.061       0.013
mo_12                       -0.0252      0.018     -1.387      0.166      -0.061       0.010
genre_Action                -0.0451      0.010     -4.327      0.000      -0.066      -0.025
genre_Adventure             -0.0049      0.011     -0.435      0.664      -0.027       0.017
genre_Animation             -0.0353      0.018     -1.964      0.050      -0.071   -5.52e-05
genre_Biography             -0.0963      0.014     -6.758      0.000      -0.124      -0.068
genre_Comedy                -0.0188      0.009     -2.096      0.036      -0.036      -0.001
genre_Crime                 -0.0836      0.010     -8.172      0.000      -0.104      -0.064
genre_Drama                  0.0081      0.009      0.851      0.395      -0.011       0.027
genre_Family                 0.0644      0.015      4.422      0.000       0.036       0.093
genre_Fantasy                0.0058      0.013      0.455      0.649      -0.019       0.031
genre_History                0.0240      0.020      1.174      0.240      -0.016       0.064
genre_Horror                -0.0098      0.014     -0.718      0.473      -0.037       0.017
genre_Music                  0.0985      0.019      5.186      0.000       0.061       0.136
genre_Musical                0.3106      0.043      7.179      0.000       0.226       0.395
genre_Mystery               -0.0602      0.013     -4.767      0.000      -0.085      -0.035
genre_News                 4.08e-18   5.67e-18      0.719      0.472   -7.04e-18    1.52e-17
genre_Romance               -0.0316      0.010     -3.158      0.002      -0.051      -0.012
genre_Sci_Fi                -0.0118      0.014     -0.868      0.385      -0.038       0.015
genre_Short               7.033e-18   2.57e-18      2.737      0.006    1.99e-18    1.21e-17
genre_Sport                 -0.0436      0.021     -2.103      0.036      -0.084      -0.003
genre_Thriller              -0.0727      0.011     -6.801      0.000      -0.094      -0.052
genre_War                    0.0293      0.029      1.012      0.312      -0.027       0.086
genre_Western               -0.0316      0.052     -0.614      0.539      -0.133       0.069
==============================================================================
Omnibus:                     1660.725   Durbin-Watson:                   2.004
Prob(Omnibus):                  0.000   Jarque-Bera (JB):            13702.634
Skew:                           1.760   Prob(JB):                         0.00
Kurtosis:                      11.341   Cond. No.                     1.02e+16
==============================================================================

Notes:
[1] Standard Errors assume that the covariance matrix of the errors is correctly specified.
[2] The smallest eigenvalue is 6.01e-27. This might indicate that there are
strong multicollinearity problems or that the design matrix is singular.