                            OLS Regression Results                            
==============================================================================
Dep. Variable:              sd_pooled   R-squared:                       0.561
Model:                            OLS   Adj. R-squared:                  0.554
Method:                 Least Squares   F-statistic:                     78.91
Date:                Tue, 31 Mar 2026   Prob (F-statistic):               0.00
Time:                        13:30:16   Log-Likelihood:                 530.22
No. Observations:                4012   AIC:                            -930.4
Df Residuals:                    3947   BIC:                            -521.1
Df Model:                          64                                         
Covariance Type:            nonrobust                                         
============================================================================================
                               coef    std err          t      P>|t|      [0.025      0.975]
--------------------------------------------------------------------------------------------
const                        3.3831      0.048     69.860      0.000       3.288       3.478
FLead                        0.0474      0.008      5.891      0.000       0.032       0.063
mean_pooled                 -0.2341      0.004    -53.186      0.000      -0.243      -0.226
kim_violence_gore            0.0128      0.003      5.028      0.000       0.008       0.018
kim_sex_nudity               0.0101      0.002      5.067      0.000       0.006       0.014
kim_language                -0.0144      0.002     -7.725      0.000      -0.018      -0.011
major                       -0.0390      0.008     -4.845      0.000      -0.055      -0.023
log_bom_opening_theaters     0.0055      0.002      3.093      0.002       0.002       0.009
genres_count                -0.0105      0.007     -1.547      0.122      -0.024       0.003
yr_1993                     -0.0077      0.034     -0.222      0.824      -0.075       0.060
yr_1994                     -0.0046      0.035     -0.131      0.896      -0.074       0.064
yr_1995                      0.0418      0.035      1.205      0.228      -0.026       0.110
yr_1996                      0.0079      0.034      0.232      0.817      -0.059       0.075
yr_1997                      0.0102      0.035      0.293      0.769      -0.058       0.078
yr_1998                      0.0580      0.033      1.734      0.083      -0.008       0.124
yr_1999                      0.0598      0.033      1.834      0.067      -0.004       0.124
yr_2000                     -0.0090      0.034     -0.267      0.790      -0.075       0.057
yr_2001                      0.0570      0.033      1.725      0.085      -0.008       0.122
yr_2002                      0.0167      0.032      0.513      0.608      -0.047       0.080
yr_2003                      0.0011      0.033      0.035      0.972      -0.063       0.065
yr_2004                      0.0631      0.032      1.943      0.052      -0.001       0.127
yr_2005                      0.0496      0.032      1.541      0.123      -0.014       0.113
yr_2006                      0.0990      0.032      3.094      0.002       0.036       0.162
yr_2007                      0.1117      0.032      3.506      0.000       0.049       0.174
yr_2008                      0.0533      0.032      1.660      0.097      -0.010       0.116
yr_2009                      0.0344      0.032      1.060      0.289      -0.029       0.098
yr_2010                      0.0273      0.032      0.844      0.399      -0.036       0.091
yr_2011                      0.0317      0.032      0.995      0.320      -0.031       0.094
yr_2012                      0.0156      0.032      0.492      0.623      -0.047       0.078
yr_2013                      0.0086      0.032      0.270      0.787      -0.054       0.071
yr_2014                      0.0399      0.032      1.239      0.216      -0.023       0.103
yr_2015                     -0.0300      0.032     -0.937      0.349      -0.093       0.033
yr_2016                     -0.0377      0.032     -1.169      0.242      -0.101       0.026
yr_2017                      0.0201      0.033      0.619      0.536      -0.044       0.084
yr_2018                      0.0144      0.033      0.440      0.660      -0.050       0.078
mo_2                         0.0090      0.019      0.464      0.643      -0.029       0.047
mo_3                        -0.0030      0.019     -0.163      0.870      -0.039       0.033
mo_4                         0.0022      0.019      0.119      0.906      -0.034       0.039
mo_5                        -0.0112      0.020     -0.570      0.569      -0.050       0.027
mo_6                        -0.0241      0.019     -1.236      0.217      -0.062       0.014
mo_7                        -0.0214      0.019     -1.132      0.258      -0.058       0.016
mo_8                        -0.0241      0.018     -1.320      0.187      -0.060       0.012
mo_9                        -0.0265      0.019     -1.426      0.154      -0.063       0.010
mo_10                       -0.0064      0.018     -0.351      0.726      -0.042       0.029
mo_11                       -0.0219      0.019     -1.168      0.243      -0.059       0.015
mo_12                       -0.0255      0.018     -1.408      0.159      -0.061       0.010
genre_Action                -0.0569      0.011     -5.370      0.000      -0.078      -0.036
genre_Adventure             -0.0058      0.011     -0.516      0.606      -0.028       0.016
genre_Animation             -0.0292      0.018     -1.627      0.104      -0.064       0.006
genre_Biography             -0.0912      0.014     -6.409      0.000      -0.119      -0.063
genre_Comedy                -0.0015      0.010     -0.157      0.875      -0.020       0.017
genre_Crime                 -0.0888      0.010     -8.659      0.000      -0.109      -0.069
genre_Drama                  0.0144      0.010      1.517      0.129      -0.004       0.033
genre_Family                 0.0693      0.015      4.760      0.000       0.041       0.098
genre_Fantasy                0.0049      0.013      0.384      0.701      -0.020       0.030
genre_History                0.0185      0.020      0.908      0.364      -0.022       0.059
genre_Horror                -0.0358      0.015     -2.455      0.014      -0.064      -0.007
genre_Music                  0.1127      0.019      5.890      0.000       0.075       0.150
genre_Musical                0.3210      0.043      7.431      0.000       0.236       0.406
genre_Mystery               -0.0582      0.013     -4.625      0.000      -0.083      -0.034
genre_News               -2.021e-17   9.21e-17     -0.219      0.826   -2.01e-16     1.6e-16
genre_Romance               -0.0158      0.010     -1.544      0.123      -0.036       0.004
genre_Sci_Fi                -0.0123      0.014     -0.909      0.364      -0.039       0.014
genre_Short               1.681e-17   3.84e-17      0.438      0.661   -5.84e-17     9.2e-17
genre_Sport                 -0.0372      0.021     -1.796      0.073      -0.078       0.003
genre_Thriller              -0.0745      0.011     -6.989      0.000      -0.095      -0.054
genre_War                    0.0090      0.029      0.310      0.757      -0.048       0.066
genre_Western               -0.0530      0.051     -1.029      0.303      -0.154       0.048
==============================================================================
Omnibus:                     1642.223   Durbin-Watson:                   2.002
Prob(Omnibus):                  0.000   Jarque-Bera (JB):            13209.381
Skew:                           1.745   Prob(JB):                         0.00
Kurtosis:                      11.176   Cond. No.                     1.02e+16
==============================================================================

Notes:
[1] Standard Errors assume that the covariance matrix of the errors is correctly specified.
[2] The smallest eigenvalue is 6.39e-27. This might indicate that there are
strong multicollinearity problems or that the design matrix is singular.