                            OLS Regression Results                            
==============================================================================
Dep. Variable:              sd_pooled   R-squared:                       0.560
Model:                            OLS   Adj. R-squared:                  0.553
Method:                 Least Squares   F-statistic:                     78.53
Date:                Tue, 31 Mar 2026   Prob (F-statistic):               0.00
Time:                        21:45:07   Log-Likelihood:                 524.88
No. Observations:                4012   AIC:                            -919.8
Df Residuals:                    3947   BIC:                            -510.4
Df Model:                          64                                         
Covariance Type:            nonrobust                                         
============================================================================================
                               coef    std err          t      P>|t|      [0.025      0.975]
--------------------------------------------------------------------------------------------
const                        3.3917      0.048     69.979      0.000       3.297       3.487
FLead                        0.0479      0.008      5.953      0.000       0.032       0.064
mean_pooled                 -0.2346      0.004    -53.216      0.000      -0.243      -0.226
kim_violence_gore            0.0133      0.003      5.230      0.000       0.008       0.018
kim_sex_nudity               0.0082      0.002      3.888      0.000       0.004       0.012
kim_language                -0.0134      0.002     -7.242      0.000      -0.017      -0.010
major                       -0.0403      0.008     -4.999      0.000      -0.056      -0.024
log_bom_opening_theaters     0.0054      0.002      3.040      0.002       0.002       0.009
genres_count                -0.0116      0.007     -1.712      0.087      -0.025       0.002
yr_1993                     -0.0070      0.035     -0.203      0.839      -0.075       0.061
yr_1994                     -0.0043      0.035     -0.122      0.903      -0.073       0.065
yr_1995                      0.0408      0.035      1.173      0.241      -0.027       0.109
yr_1996                      0.0053      0.034      0.155      0.877      -0.062       0.072
yr_1997                      0.0073      0.035      0.209      0.834      -0.061       0.075
yr_1998                      0.0568      0.034      1.694      0.090      -0.009       0.122
yr_1999                      0.0609      0.033      1.864      0.062      -0.003       0.125
yr_2000                     -0.0079      0.034     -0.235      0.814      -0.074       0.058
yr_2001                      0.0579      0.033      1.750      0.080      -0.007       0.123
yr_2002                      0.0155      0.033      0.476      0.634      -0.048       0.079
yr_2003                      0.0015      0.033      0.046      0.963      -0.063       0.066
yr_2004                      0.0655      0.032      2.015      0.044       0.002       0.129
yr_2005                      0.0497      0.032      1.540      0.124      -0.014       0.113
yr_2006                      0.1000      0.032      3.120      0.002       0.037       0.163
yr_2007                      0.1130      0.032      3.540      0.000       0.050       0.176
yr_2008                      0.0556      0.032      1.730      0.084      -0.007       0.119
yr_2009                      0.0364      0.033      1.119      0.263      -0.027       0.100
yr_2010                      0.0301      0.032      0.927      0.354      -0.034       0.094
yr_2011                      0.0338      0.032      1.061      0.289      -0.029       0.096
yr_2012                      0.0155      0.032      0.488      0.626      -0.047       0.078
yr_2013                      0.0085      0.032      0.265      0.791      -0.054       0.071
yr_2014                      0.0401      0.032      1.244      0.214      -0.023       0.103
yr_2015                     -0.0314      0.032     -0.978      0.328      -0.094       0.032
yr_2016                     -0.0358      0.032     -1.107      0.268      -0.099       0.028
yr_2017                      0.0209      0.033      0.641      0.522      -0.043       0.085
yr_2018                      0.0132      0.033      0.404      0.686      -0.051       0.077
mo_2                         0.0089      0.019      0.456      0.648      -0.029       0.047
mo_3                        -0.0043      0.019     -0.231      0.817      -0.041       0.032
mo_4                         0.0009      0.019      0.049      0.961      -0.036       0.038
mo_5                        -0.0112      0.020     -0.566      0.571      -0.050       0.028
mo_6                        -0.0245      0.019     -1.257      0.209      -0.063       0.014
mo_7                        -0.0222      0.019     -1.170      0.242      -0.059       0.015
mo_8                        -0.0249      0.018     -1.364      0.173      -0.061       0.011
mo_9                        -0.0267      0.019     -1.439      0.150      -0.063       0.010
mo_10                       -0.0074      0.018     -0.404      0.686      -0.043       0.028
mo_11                       -0.0221      0.019     -1.175      0.240      -0.059       0.015
mo_12                       -0.0261      0.018     -1.438      0.151      -0.062       0.009
genre_Action                -0.0582      0.011     -5.484      0.000      -0.079      -0.037
genre_Adventure             -0.0057      0.011     -0.510      0.610      -0.028       0.016
genre_Animation             -0.0291      0.018     -1.614      0.107      -0.064       0.006
genre_Biography             -0.0909      0.014     -6.375      0.000      -0.119      -0.063
genre_Comedy                -0.0005      0.010     -0.055      0.957      -0.019       0.018
genre_Crime                 -0.0891      0.010     -8.676      0.000      -0.109      -0.069
genre_Drama                  0.0146      0.010      1.535      0.125      -0.004       0.033
genre_Family                 0.0687      0.015      4.703      0.000       0.040       0.097
genre_Fantasy                0.0052      0.013      0.408      0.683      -0.020       0.030
genre_History                0.0189      0.020      0.924      0.356      -0.021       0.059
genre_Horror                -0.0377      0.015     -2.583      0.010      -0.066      -0.009
genre_Music                  0.1130      0.019      5.894      0.000       0.075       0.151
genre_Musical                0.3225      0.043      7.453      0.000       0.238       0.407
genre_Mystery               -0.0578      0.013     -4.589      0.000      -0.083      -0.033
genre_News                1.436e-18   2.28e-18      0.629      0.529   -3.04e-18    5.91e-18
genre_Romance               -0.0135      0.010     -1.317      0.188      -0.034       0.007
genre_Sci_Fi                -0.0127      0.014     -0.935      0.350      -0.039       0.014
genre_Short               1.473e-18   4.72e-18      0.312      0.755   -7.78e-18    1.07e-17
genre_Sport                 -0.0391      0.021     -1.884      0.060      -0.080       0.002
genre_Thriller              -0.0748      0.011     -7.012      0.000      -0.096      -0.054
genre_War                    0.0065      0.029      0.222      0.824      -0.051       0.064
genre_Western               -0.0517      0.052     -1.002      0.316      -0.153       0.049
==============================================================================
Omnibus:                     1636.580   Durbin-Watson:                   2.004
Prob(Omnibus):                  0.000   Jarque-Bera (JB):            13022.000
Skew:                           1.741   Prob(JB):                         0.00
Kurtosis:                      11.110   Cond. No.                     1.02e+16
==============================================================================

Notes:
[1] Standard Errors assume that the covariance matrix of the errors is correctly specified.
[2] The smallest eigenvalue is 6.31e-27. This might indicate that there are
strong multicollinearity problems or that the design matrix is singular.