                            OLS Regression Results                            
==============================================================================
Dep. Variable:              sd_pooled   R-squared:                       0.560
Model:                            OLS   Adj. R-squared:                  0.553
Method:                 Least Squares   F-statistic:                     78.39
Date:                Tue, 31 Mar 2026   Prob (F-statistic):               0.00
Time:                        23:36:44   Log-Likelihood:                 522.83
No. Observations:                4012   AIC:                            -915.7
Df Residuals:                    3947   BIC:                            -506.4
Df Model:                          64                                         
Covariance Type:            nonrobust                                         
============================================================================================
                               coef    std err          t      P>|t|      [0.025      0.975]
--------------------------------------------------------------------------------------------
const                        3.4119      0.049     69.846      0.000       3.316       3.508
FLead                        0.0524      0.008      6.537      0.000       0.037       0.068
mean_pooled                 -0.2375      0.004    -54.058      0.000      -0.246      -0.229
kim_violence_gore            0.0095      0.003      3.811      0.000       0.005       0.014
kim_sex_nudity               0.0094      0.002      4.736      0.000       0.005       0.013
kim_language                -0.0162      0.002     -6.514      0.000      -0.021      -0.011
major                       -0.0365      0.008     -4.530      0.000      -0.052      -0.021
log_bom_opening_theaters     0.0055      0.002      3.117      0.002       0.002       0.009
genres_count                -0.0069      0.007     -1.015      0.310      -0.020       0.006
yr_1993                     -0.0033      0.035     -0.095      0.924      -0.071       0.064
yr_1994                     -0.0051      0.035     -0.143      0.886      -0.074       0.064
yr_1995                      0.0361      0.035      1.038      0.299      -0.032       0.104
yr_1996                      0.0039      0.034      0.114      0.910      -0.063       0.071
yr_1997                      0.0061      0.035      0.176      0.861      -0.062       0.074
yr_1998                      0.0513      0.034      1.533      0.125      -0.014       0.117
yr_1999                      0.0531      0.033      1.627      0.104      -0.011       0.117
yr_2000                     -0.0142      0.034     -0.421      0.674      -0.080       0.052
yr_2001                      0.0550      0.033      1.662      0.097      -0.010       0.120
yr_2002                      0.0142      0.033      0.438      0.661      -0.050       0.078
yr_2003                      0.0002      0.033      0.007      0.994      -0.064       0.064
yr_2004                      0.0655      0.033      2.015      0.044       0.002       0.129
yr_2005                      0.0517      0.032      1.603      0.109      -0.012       0.115
yr_2006                      0.1022      0.032      3.188      0.001       0.039       0.165
yr_2007                      0.1162      0.032      3.637      0.000       0.054       0.179
yr_2008                      0.0557      0.032      1.731      0.084      -0.007       0.119
yr_2009                      0.0336      0.033      1.031      0.303      -0.030       0.097
yr_2010                      0.0264      0.032      0.815      0.415      -0.037       0.090
yr_2011                      0.0326      0.032      1.023      0.306      -0.030       0.095
yr_2012                      0.0107      0.032      0.338      0.735      -0.051       0.073
yr_2013                      0.0039      0.032      0.122      0.903      -0.059       0.066
yr_2014                      0.0318      0.032      0.984      0.325      -0.031       0.095
yr_2015                     -0.0407      0.032     -1.270      0.204      -0.103       0.022
yr_2016                     -0.0437      0.032     -1.353      0.176      -0.107       0.020
yr_2017                      0.0129      0.033      0.395      0.693      -0.051       0.077
yr_2018                      0.0064      0.033      0.195      0.845      -0.058       0.071
mo_2                         0.0134      0.019      0.688      0.492      -0.025       0.052
mo_3                        -0.0049      0.019     -0.263      0.793      -0.041       0.032
mo_4                         0.0035      0.019      0.184      0.854      -0.033       0.040
mo_5                        -0.0094      0.020     -0.476      0.634      -0.048       0.029
mo_6                        -0.0218      0.020     -1.117      0.264      -0.060       0.016
mo_7                        -0.0226      0.019     -1.193      0.233      -0.060       0.015
mo_8                        -0.0242      0.018     -1.323      0.186      -0.060       0.012
mo_9                        -0.0253      0.019     -1.360      0.174      -0.062       0.011
mo_10                       -0.0079      0.018     -0.431      0.666      -0.044       0.028
mo_11                       -0.0185      0.019     -0.982      0.326      -0.055       0.018
mo_12                       -0.0224      0.018     -1.233      0.218      -0.058       0.013
genre_Action                -0.0554      0.011     -5.204      0.000      -0.076      -0.035
genre_Adventure             -0.0029      0.011     -0.259      0.796      -0.025       0.019
genre_Animation             -0.0269      0.018     -1.490      0.136      -0.062       0.008
genre_Biography             -0.0953      0.014     -6.684      0.000      -0.123      -0.067
genre_Comedy                -0.0116      0.009     -1.227      0.220      -0.030       0.007
genre_Crime                 -0.0993      0.010     -9.822      0.000      -0.119      -0.080
genre_Drama                  0.0110      0.010      1.160      0.246      -0.008       0.030
genre_Family                 0.0688      0.015      4.682      0.000       0.040       0.098
genre_Fantasy                0.0096      0.013      0.761      0.447      -0.015       0.034
genre_History                0.0246      0.020      1.204      0.229      -0.015       0.065
genre_Horror                -0.0372      0.015     -2.543      0.011      -0.066      -0.009
genre_Music                  0.1088      0.019      5.679      0.000       0.071       0.146
genre_Musical                0.3259      0.043      7.533      0.000       0.241       0.411
genre_Mystery               -0.0556      0.013     -4.409      0.000      -0.080      -0.031
genre_News               -6.246e-18   4.59e-18     -1.360      0.174   -1.53e-17    2.76e-18
genre_Romance               -0.0165      0.010     -1.595      0.111      -0.037       0.004
genre_Sci_Fi                -0.0100      0.014     -0.737      0.461      -0.037       0.017
genre_Short              -4.572e-18    2.2e-18     -2.081      0.037   -8.88e-18   -2.65e-19
genre_Sport                 -0.0374      0.021     -1.801      0.072      -0.078       0.003
genre_Thriller              -0.0774      0.011     -7.269      0.000      -0.098      -0.057
genre_War                    0.0071      0.029      0.241      0.809      -0.050       0.064
genre_Western               -0.0372      0.052     -0.721      0.471      -0.138       0.064
==============================================================================
Omnibus:                     1676.444   Durbin-Watson:                   2.002
Prob(Omnibus):                  0.000   Jarque-Bera (JB):            13997.943
Skew:                           1.776   Prob(JB):                         0.00
Kurtosis:                      11.433   Cond. No.                     1.02e+16
==============================================================================

Notes:
[1] Standard Errors assume that the covariance matrix of the errors is correctly specified.
[2] The smallest eigenvalue is  6e-27. This might indicate that there are
strong multicollinearity problems or that the design matrix is singular.