                            OLS Regression Results                            
==============================================================================
Dep. Variable:              sd_pooled   R-squared:                       0.560
Model:                            OLS   Adj. R-squared:                  0.553
Method:                 Least Squares   F-statistic:                     78.45
Date:                Tue, 31 Mar 2026   Prob (F-statistic):               0.00
Time:                        23:45:06   Log-Likelihood:                 523.65
No. Observations:                4012   AIC:                            -917.3
Df Residuals:                    3947   BIC:                            -508.0
Df Model:                          64                                         
Covariance Type:            nonrobust                                         
============================================================================================
                               coef    std err          t      P>|t|      [0.025      0.975]
--------------------------------------------------------------------------------------------
const                        3.4114      0.049     69.880      0.000       3.316       3.507
FLead                        0.0528      0.008      6.589      0.000       0.037       0.068
mean_pooled                 -0.2371      0.004    -53.994      0.000      -0.246      -0.229
kim_violence_gore            0.0095      0.003      3.810      0.000       0.005       0.014
kim_sex_nudity               0.0092      0.002      4.665      0.000       0.005       0.013
kim_language                -0.0165      0.002     -6.638      0.000      -0.021      -0.012
major                       -0.0365      0.008     -4.529      0.000      -0.052      -0.021
log_bom_opening_theaters     0.0056      0.002      3.136      0.002       0.002       0.009
genres_count                -0.0072      0.007     -1.059      0.290      -0.020       0.006
yr_1993                     -0.0034      0.035     -0.098      0.922      -0.071       0.064
yr_1994                     -0.0005      0.035     -0.013      0.990      -0.070       0.069
yr_1995                      0.0391      0.035      1.124      0.261      -0.029       0.107
yr_1996                      0.0061      0.034      0.180      0.857      -0.061       0.073
yr_1997                      0.0049      0.035      0.141      0.888      -0.063       0.073
yr_1998                      0.0542      0.034      1.619      0.106      -0.011       0.120
yr_1999                      0.0544      0.033      1.666      0.096      -0.010       0.118
yr_2000                     -0.0124      0.034     -0.368      0.713      -0.078       0.054
yr_2001                      0.0599      0.033      1.809      0.071      -0.005       0.125
yr_2002                      0.0156      0.033      0.481      0.631      -0.048       0.079
yr_2003                      0.0043      0.033      0.132      0.895      -0.060       0.069
yr_2004                      0.0696      0.033      2.138      0.033       0.006       0.133
yr_2005                      0.0522      0.032      1.619      0.106      -0.011       0.115
yr_2006                      0.1033      0.032      3.222      0.001       0.040       0.166
yr_2007                      0.1162      0.032      3.639      0.000       0.054       0.179
yr_2008                      0.0548      0.032      1.703      0.089      -0.008       0.118
yr_2009                      0.0341      0.033      1.048      0.295      -0.030       0.098
yr_2010                      0.0295      0.032      0.908      0.364      -0.034       0.093
yr_2011                      0.0332      0.032      1.040      0.298      -0.029       0.096
yr_2012                      0.0154      0.032      0.485      0.627      -0.047       0.078
yr_2013                      0.0056      0.032      0.174      0.862      -0.057       0.068
yr_2014                      0.0347      0.032      1.076      0.282      -0.029       0.098
yr_2015                     -0.0373      0.032     -1.165      0.244      -0.100       0.025
yr_2016                     -0.0424      0.032     -1.312      0.190      -0.106       0.021
yr_2017                      0.0124      0.033      0.381      0.703      -0.051       0.076
yr_2018                      0.0096      0.033      0.292      0.770      -0.055       0.074
mo_2                         0.0109      0.019      0.559      0.576      -0.027       0.049
mo_3                        -0.0054      0.019     -0.289      0.772      -0.042       0.031
mo_4                         0.0014      0.019      0.073      0.942      -0.035       0.038
mo_5                        -0.0104      0.020     -0.528      0.597      -0.049       0.028
mo_6                        -0.0234      0.019     -1.201      0.230      -0.062       0.015
mo_7                        -0.0237      0.019     -1.252      0.211      -0.061       0.013
mo_8                        -0.0244      0.018     -1.334      0.182      -0.060       0.011
mo_9                        -0.0280      0.019     -1.505      0.132      -0.064       0.008
mo_10                       -0.0093      0.018     -0.507      0.613      -0.045       0.027
mo_11                       -0.0204      0.019     -1.087      0.277      -0.057       0.016
mo_12                       -0.0259      0.018     -1.427      0.154      -0.062       0.010
genre_Action                -0.0550      0.011     -5.174      0.000      -0.076      -0.034
genre_Adventure             -0.0020      0.011     -0.180      0.857      -0.024       0.020
genre_Animation             -0.0280      0.018     -1.552      0.121      -0.063       0.007
genre_Biography             -0.0958      0.014     -6.723      0.000      -0.124      -0.068
genre_Comedy                -0.0114      0.009     -1.213      0.225      -0.030       0.007
genre_Crime                 -0.0999      0.010     -9.885      0.000      -0.120      -0.080
genre_Drama                  0.0118      0.010      1.241      0.215      -0.007       0.030
genre_Family                 0.0673      0.015      4.567      0.000       0.038       0.096
genre_Fantasy                0.0096      0.013      0.763      0.446      -0.015       0.034
genre_History                0.0264      0.020      1.293      0.196      -0.014       0.066
genre_Horror                -0.0335      0.015     -2.290      0.022      -0.062      -0.005
genre_Music                  0.1069      0.019      5.584      0.000       0.069       0.144
genre_Musical                0.3303      0.043      7.637      0.000       0.245       0.415
genre_Mystery               -0.0558      0.013     -4.426      0.000      -0.081      -0.031
genre_News               -8.467e-18   6.54e-18     -1.294      0.196   -2.13e-17    4.36e-18
genre_Romance               -0.0152      0.010     -1.467      0.142      -0.035       0.005
genre_Sci_Fi                -0.0124      0.014     -0.910      0.363      -0.039       0.014
genre_Short               3.368e-18   1.79e-18      1.883      0.060    -1.4e-19    6.88e-18
genre_Sport                 -0.0388      0.021     -1.868      0.062      -0.080       0.002
genre_Thriller              -0.0773      0.011     -7.259      0.000      -0.098      -0.056
genre_War                    0.0100      0.029      0.341      0.733      -0.047       0.067
genre_Western               -0.0441      0.052     -0.856      0.392      -0.145       0.057
==============================================================================
Omnibus:                     1679.419   Durbin-Watson:                   2.003
Prob(Omnibus):                  0.000   Jarque-Bera (JB):            14051.128
Skew:                           1.780   Prob(JB):                         0.00
Kurtosis:                      11.449   Cond. No.                     1.02e+16
==============================================================================

Notes:
[1] Standard Errors assume that the covariance matrix of the errors is correctly specified.
[2] The smallest eigenvalue is 6.01e-27. This might indicate that there are
strong multicollinearity problems or that the design matrix is singular.