                            OLS Regression Results                            
==============================================================================
Dep. Variable:              sd_pooled   R-squared:                       0.562
Model:                            OLS   Adj. R-squared:                  0.555
Method:                 Least Squares   F-statistic:                     79.19
Date:                Sun, 29 Mar 2026   Prob (F-statistic):               0.00
Time:                        10:23:44   Log-Likelihood:                 534.33
No. Observations:                4012   AIC:                            -938.7
Df Residuals:                    3947   BIC:                            -529.3
Df Model:                          64                                         
Covariance Type:            nonrobust                                         
============================================================================================
                               coef    std err          t      P>|t|      [0.025      0.975]
--------------------------------------------------------------------------------------------
const                        3.3799      0.048     69.875      0.000       3.285       3.475
FLead                        0.0466      0.008      5.794      0.000       0.031       0.062
mean_pooled                 -0.2335      0.004    -53.016      0.000      -0.242      -0.225
kim_violence_gore            0.0122      0.003      4.796      0.000       0.007       0.017
kim_sex_nudity               0.0115      0.002      5.674      0.000       0.008       0.015
kim_language                -0.0151      0.002     -8.084      0.000      -0.019      -0.011
major                       -0.0395      0.008     -4.911      0.000      -0.055      -0.024
log_bom_opening_theaters     0.0056      0.002      3.169      0.002       0.002       0.009
genres_count                -0.0097      0.007     -1.437      0.151      -0.023       0.004
yr_1993                     -0.0061      0.034     -0.177      0.860      -0.074       0.061
yr_1994                     -0.0034      0.035     -0.097      0.922      -0.072       0.066
yr_1995                      0.0438      0.035      1.262      0.207      -0.024       0.112
yr_1996                      0.0089      0.034      0.262      0.794      -0.058       0.076
yr_1997                      0.0135      0.035      0.389      0.697      -0.054       0.081
yr_1998                      0.0593      0.033      1.773      0.076      -0.006       0.125
yr_1999                      0.0612      0.033      1.878      0.061      -0.003       0.125
yr_2000                     -0.0083      0.034     -0.248      0.804      -0.074       0.057
yr_2001                      0.0562      0.033      1.704      0.089      -0.008       0.121
yr_2002                      0.0159      0.032      0.491      0.623      -0.048       0.080
yr_2003                     -0.0008      0.033     -0.024      0.981      -0.065       0.063
yr_2004                      0.0612      0.032      1.886      0.059      -0.002       0.125
yr_2005                      0.0480      0.032      1.491      0.136      -0.015       0.111
yr_2006                      0.0969      0.032      3.031      0.002       0.034       0.160
yr_2007                      0.1107      0.032      3.479      0.001       0.048       0.173
yr_2008                      0.0518      0.032      1.616      0.106      -0.011       0.115
yr_2009                      0.0317      0.032      0.977      0.329      -0.032       0.095
yr_2010                      0.0267      0.032      0.824      0.410      -0.037       0.090
yr_2011                      0.0302      0.032      0.951      0.342      -0.032       0.093
yr_2012                      0.0150      0.032      0.474      0.635      -0.047       0.077
yr_2013                      0.0073      0.032      0.228      0.819      -0.055       0.070
yr_2014                      0.0398      0.032      1.237      0.216      -0.023       0.103
yr_2015                     -0.0315      0.032     -0.986      0.324      -0.094       0.031
yr_2016                     -0.0355      0.032     -1.100      0.271      -0.099       0.028
yr_2017                      0.0214      0.033      0.657      0.511      -0.042       0.085
yr_2018                      0.0146      0.033      0.448      0.654      -0.049       0.079
mo_2                         0.0077      0.019      0.398      0.691      -0.030       0.046
mo_3                        -0.0039      0.019     -0.211      0.833      -0.040       0.032
mo_4                         0.0003      0.019      0.018      0.986      -0.036       0.037
mo_5                        -0.0125      0.020     -0.635      0.526      -0.051       0.026
mo_6                        -0.0253      0.019     -1.303      0.193      -0.063       0.013
mo_7                        -0.0232      0.019     -1.230      0.219      -0.060       0.014
mo_8                        -0.0250      0.018     -1.371      0.171      -0.061       0.011
mo_9                        -0.0272      0.019     -1.467      0.142      -0.064       0.009
mo_10                       -0.0070      0.018     -0.381      0.703      -0.043       0.029
mo_11                       -0.0242      0.019     -1.291      0.197      -0.061       0.013
mo_12                       -0.0258      0.018     -1.423      0.155      -0.061       0.010
genre_Action                -0.0555      0.011     -5.231      0.000      -0.076      -0.035
genre_Adventure             -0.0057      0.011     -0.506      0.613      -0.028       0.016
genre_Animation             -0.0285      0.018     -1.589      0.112      -0.064       0.007
genre_Biography             -0.0920      0.014     -6.469      0.000      -0.120      -0.064
genre_Comedy                -0.0031      0.010     -0.325      0.745      -0.022       0.016
genre_Crime                 -0.0888      0.010     -8.670      0.000      -0.109      -0.069
genre_Drama                  0.0136      0.010      1.431      0.152      -0.005       0.032
genre_Family                 0.0711      0.015      4.883      0.000       0.043       0.100
genre_Fantasy                0.0040      0.013      0.320      0.749      -0.021       0.029
genre_History                0.0182      0.020      0.890      0.373      -0.022       0.058
genre_Horror                -0.0342      0.015     -2.340      0.019      -0.063      -0.006
genre_Music                  0.1121      0.019      5.866      0.000       0.075       0.150
genre_Musical                0.3184      0.043      7.375      0.000       0.234       0.403
genre_Mystery               -0.0590      0.013     -4.696      0.000      -0.084      -0.034
genre_News                -2.94e-18   4.15e-18     -0.708      0.479   -1.11e-17     5.2e-18
genre_Romance               -0.0183      0.010     -1.776      0.076      -0.038       0.002
genre_Sci_Fi                -0.0132      0.014     -0.973      0.331      -0.040       0.013
genre_Short               -9.15e-19   4.72e-18     -0.194      0.846   -1.02e-17    8.33e-18
genre_Sport                 -0.0376      0.021     -1.814      0.070      -0.078       0.003
genre_Thriller              -0.0740      0.011     -6.953      0.000      -0.095      -0.053
genre_War                    0.0106      0.029      0.364      0.716      -0.047       0.068
genre_Western               -0.0479      0.051     -0.931      0.352      -0.149       0.053
==============================================================================
Omnibus:                     1646.826   Durbin-Watson:                   2.005
Prob(Omnibus):                  0.000   Jarque-Bera (JB):            13334.758
Skew:                           1.748   Prob(JB):                         0.00
Kurtosis:                      11.218   Cond. No.                     1.02e+16
==============================================================================

Notes:
[1] Standard Errors assume that the covariance matrix of the errors is correctly specified.
[2] The smallest eigenvalue is 6.38e-27. This might indicate that there are
strong multicollinearity problems or that the design matrix is singular.