                            OLS Regression Results                            
==============================================================================
Dep. Variable:              sd_pooled   R-squared:                       0.561
Model:                            OLS   Adj. R-squared:                  0.554
Method:                 Least Squares   F-statistic:                     78.94
Date:                Sun, 29 Mar 2026   Prob (F-statistic):               0.00
Time:                        15:39:34   Log-Likelihood:                 530.76
No. Observations:                4012   AIC:                            -931.5
Df Residuals:                    3947   BIC:                            -522.2
Df Model:                          64                                         
Covariance Type:            nonrobust                                         
============================================================================================
                               coef    std err          t      P>|t|      [0.025      0.975]
--------------------------------------------------------------------------------------------
const                        3.3938      0.049     69.722      0.000       3.298       3.489
FLead                        0.0469      0.008      5.831      0.000       0.031       0.063
mean_pooled                 -0.2341      0.004    -52.671      0.000      -0.243      -0.225
kim_violence_gore            0.0123      0.003      4.822      0.000       0.007       0.017
kim_sex_nudity               0.0113      0.002      5.588      0.000       0.007       0.015
kim_language                -0.0149      0.002     -7.942      0.000      -0.019      -0.011
major                       -0.0363      0.008     -4.529      0.000      -0.052      -0.021
log_bom_opening_theaters     0.0036      0.002      2.118      0.034       0.000       0.007
genres_count                -0.0089      0.007     -1.317      0.188      -0.022       0.004
yr_1993                     -0.0070      0.034     -0.204      0.838      -0.075       0.061
yr_1994                     -0.0034      0.035     -0.096      0.924      -0.072       0.066
yr_1995                      0.0429      0.035      1.236      0.216      -0.025       0.111
yr_1996                      0.0078      0.034      0.230      0.818      -0.059       0.075
yr_1997                      0.0129      0.035      0.372      0.710      -0.055       0.081
yr_1998                      0.0582      0.033      1.738      0.082      -0.007       0.124
yr_1999                      0.0587      0.033      1.800      0.072      -0.005       0.123
yr_2000                     -0.0091      0.034     -0.272      0.786      -0.075       0.057
yr_2001                      0.0557      0.033      1.688      0.092      -0.009       0.120
yr_2002                      0.0156      0.032      0.479      0.632      -0.048       0.079
yr_2003                     -0.0008      0.033     -0.023      0.981      -0.065       0.063
yr_2004                      0.0608      0.032      1.873      0.061      -0.003       0.124
yr_2005                      0.0471      0.032      1.463      0.144      -0.016       0.110
yr_2006                      0.0961      0.032      3.004      0.003       0.033       0.159
yr_2007                      0.1100      0.032      3.454      0.001       0.048       0.173
yr_2008                      0.0525      0.032      1.636      0.102      -0.010       0.115
yr_2009                      0.0318      0.032      0.980      0.327      -0.032       0.096
yr_2010                      0.0260      0.032      0.803      0.422      -0.038       0.090
yr_2011                      0.0283      0.032      0.890      0.373      -0.034       0.091
yr_2012                      0.0127      0.032      0.402      0.688      -0.049       0.075
yr_2013                      0.0048      0.032      0.151      0.880      -0.058       0.067
yr_2014                      0.0385      0.032      1.196      0.232      -0.025       0.102
yr_2015                     -0.0319      0.032     -0.996      0.319      -0.095       0.031
yr_2016                     -0.0361      0.032     -1.120      0.263      -0.099       0.027
yr_2017                      0.0211      0.033      0.649      0.516      -0.043       0.085
yr_2018                      0.0148      0.033      0.453      0.650      -0.049       0.079
mo_2                         0.0091      0.019      0.467      0.640      -0.029       0.047
mo_3                        -0.0041      0.019     -0.220      0.826      -0.040       0.032
mo_4                         0.0007      0.019      0.035      0.972      -0.036       0.037
mo_5                        -0.0133      0.020     -0.672      0.502      -0.052       0.025
mo_6                        -0.0254      0.019     -1.305      0.192      -0.064       0.013
mo_7                        -0.0241      0.019     -1.272      0.203      -0.061       0.013
mo_8                        -0.0249      0.018     -1.366      0.172      -0.061       0.011
mo_9                        -0.0271      0.019     -1.457      0.145      -0.063       0.009
mo_10                       -0.0066      0.018     -0.361      0.718      -0.042       0.029
mo_11                       -0.0245      0.019     -1.302      0.193      -0.061       0.012
mo_12                       -0.0289      0.018     -1.594      0.111      -0.064       0.007
genre_Action                -0.0546      0.011     -5.150      0.000      -0.075      -0.034
genre_Adventure             -0.0060      0.011     -0.529      0.597      -0.028       0.016
genre_Animation             -0.0281      0.018     -1.564      0.118      -0.063       0.007
genre_Biography             -0.0946      0.014     -6.659      0.000      -0.122      -0.067
genre_Comedy                -0.0032      0.010     -0.334      0.738      -0.022       0.015
genre_Crime                 -0.0892      0.010     -8.695      0.000      -0.109      -0.069
genre_Drama                  0.0109      0.009      1.153      0.249      -0.008       0.029
genre_Family                 0.0714      0.015      4.899      0.000       0.043       0.100
genre_Fantasy                0.0045      0.013      0.358      0.720      -0.020       0.029
genre_History                0.0179      0.020      0.876      0.381      -0.022       0.058
genre_Horror                -0.0337      0.015     -2.309      0.021      -0.062      -0.005
genre_Music                  0.1119      0.019      5.851      0.000       0.074       0.149
genre_Musical                0.3205      0.043      7.418      0.000       0.236       0.405
genre_Mystery               -0.0590      0.013     -4.689      0.000      -0.084      -0.034
genre_News               -5.489e-18   5.74e-18     -0.956      0.339   -1.67e-17    5.76e-18
genre_Romance               -0.0187      0.010     -1.814      0.070      -0.039       0.002
genre_Sci_Fi                -0.0125      0.014     -0.922      0.356      -0.039       0.014
genre_Short               6.622e-18    4.7e-18      1.408      0.159    -2.6e-18    1.58e-17
genre_Sport                 -0.0353      0.021     -1.704      0.088      -0.076       0.005
genre_Thriller              -0.0739      0.011     -6.932      0.000      -0.095      -0.053
genre_War                    0.0083      0.029      0.286      0.775      -0.049       0.066
genre_Western               -0.0457      0.051     -0.887      0.375      -0.147       0.055
==============================================================================
Omnibus:                     1660.003   Durbin-Watson:                   2.006
Prob(Omnibus):                  0.000   Jarque-Bera (JB):            13626.253
Skew:                           1.761   Prob(JB):                         0.00
Kurtosis:                      11.313   Cond. No.                     1.02e+16
==============================================================================

Notes:
[1] Standard Errors assume that the covariance matrix of the errors is correctly specified.
[2] The smallest eigenvalue is 6.4e-27. This might indicate that there are
strong multicollinearity problems or that the design matrix is singular.