                            OLS Regression Results                            
==============================================================================
Dep. Variable:              sd_pooled   R-squared:                       0.562
Model:                            OLS   Adj. R-squared:                  0.554
Method:                 Least Squares   F-statistic:                     78.99
Date:                Tue, 31 Mar 2026   Prob (F-statistic):               0.00
Time:                        22:33:58   Log-Likelihood:                 531.46
No. Observations:                4012   AIC:                            -932.9
Df Residuals:                    3947   BIC:                            -523.6
Df Model:                          64                                         
Covariance Type:            nonrobust                                         
============================================================================================
                               coef    std err          t      P>|t|      [0.025      0.975]
--------------------------------------------------------------------------------------------
const                        3.3913      0.048     70.174      0.000       3.297       3.486
FLead                        0.0467      0.008      5.810      0.000       0.031       0.062
mean_pooled                 -0.2337      0.004    -52.517      0.000      -0.242      -0.225
kim_violence_gore            0.0121      0.003      4.755      0.000       0.007       0.017
kim_sex_nudity               0.0113      0.002      5.590      0.000       0.007       0.015
kim_language                -0.0149      0.002     -7.938      0.000      -0.019      -0.011
major                       -0.0375      0.008     -4.650      0.000      -0.053      -0.022
log_bom_opening_theaters     0.0040      0.002      2.418      0.016       0.001       0.007
genres_count                -0.0093      0.007     -1.376      0.169      -0.023       0.004
yr_1993                     -0.0067      0.034     -0.194      0.846      -0.074       0.061
yr_1994                     -0.0035      0.035     -0.098      0.922      -0.072       0.066
yr_1995                      0.0433      0.035      1.248      0.212      -0.025       0.111
yr_1996                      0.0079      0.034      0.231      0.818      -0.059       0.075
yr_1997                      0.0127      0.035      0.367      0.714      -0.055       0.081
yr_1998                      0.0584      0.033      1.746      0.081      -0.007       0.124
yr_1999                      0.0597      0.033      1.833      0.067      -0.004       0.124
yr_2000                     -0.0085      0.034     -0.252      0.801      -0.074       0.057
yr_2001                      0.0558      0.033      1.692      0.091      -0.009       0.121
yr_2002                      0.0167      0.032      0.515      0.607      -0.047       0.080
yr_2003                     -0.0006      0.033     -0.019      0.985      -0.065       0.063
yr_2004                      0.0609      0.032      1.877      0.061      -0.003       0.125
yr_2005                      0.0474      0.032      1.472      0.141      -0.016       0.111
yr_2006                      0.0973      0.032      3.041      0.002       0.035       0.160
yr_2007                      0.1118      0.032      3.510      0.000       0.049       0.174
yr_2008                      0.0527      0.032      1.643      0.100      -0.010       0.116
yr_2009                      0.0319      0.032      0.983      0.326      -0.032       0.096
yr_2010                      0.0267      0.032      0.824      0.410      -0.037       0.090
yr_2011                      0.0293      0.032      0.921      0.357      -0.033       0.092
yr_2012                      0.0146      0.032      0.461      0.645      -0.048       0.077
yr_2013                      0.0060      0.032      0.187      0.852      -0.056       0.068
yr_2014                      0.0402      0.032      1.247      0.213      -0.023       0.103
yr_2015                     -0.0313      0.032     -0.979      0.328      -0.094       0.031
yr_2016                     -0.0348      0.032     -1.078      0.281      -0.098       0.028
yr_2017                      0.0210      0.033      0.646      0.518      -0.043       0.085
yr_2018                      0.0156      0.033      0.478      0.633      -0.048       0.080
mo_2                         0.0082      0.019      0.419      0.675      -0.030       0.046
mo_3                        -0.0046      0.019     -0.249      0.803      -0.041       0.032
mo_4                         0.0002      0.019      0.013      0.990      -0.036       0.037
mo_5                        -0.0138      0.020     -0.701      0.483      -0.053       0.025
mo_6                        -0.0264      0.019     -1.359      0.174      -0.065       0.012
mo_7                        -0.0241      0.019     -1.273      0.203      -0.061       0.013
mo_8                        -0.0256      0.018     -1.403      0.161      -0.061       0.010
mo_9                        -0.0276      0.019     -1.486      0.137      -0.064       0.009
mo_10                       -0.0074      0.018     -0.404      0.686      -0.043       0.028
mo_11                       -0.0248      0.019     -1.321      0.187      -0.062       0.012
mo_12                       -0.0286      0.018     -1.580      0.114      -0.064       0.007
genre_Action                -0.0544      0.011     -5.128      0.000      -0.075      -0.034
genre_Adventure             -0.0052      0.011     -0.463      0.643      -0.027       0.017
genre_Animation             -0.0284      0.018     -1.578      0.115      -0.064       0.007
genre_Biography             -0.0934      0.014     -6.567      0.000      -0.121      -0.066
genre_Comedy                -0.0031      0.010     -0.325      0.745      -0.022       0.016
genre_Crime                 -0.0883      0.010     -8.619      0.000      -0.108      -0.068
genre_Drama                  0.0116      0.009      1.226      0.220      -0.007       0.030
genre_Family                 0.0714      0.015      4.899      0.000       0.043       0.100
genre_Fantasy                0.0050      0.013      0.392      0.695      -0.020       0.030
genre_History                0.0178      0.020      0.870      0.384      -0.022       0.058
genre_Horror                -0.0325      0.015     -2.224      0.026      -0.061      -0.004
genre_Music                  0.1109      0.019      5.798      0.000       0.073       0.148
genre_Musical                0.3176      0.043      7.351      0.000       0.233       0.402
genre_Mystery               -0.0589      0.013     -4.684      0.000      -0.084      -0.034
genre_News                2.912e-17   1.07e-17      2.734      0.006    8.24e-18       5e-17
genre_Romance               -0.0180      0.010     -1.742      0.082      -0.038       0.002
genre_Sci_Fi                -0.0127      0.014     -0.939      0.348      -0.039       0.014
genre_Short              -5.103e-18   7.85e-18     -0.650      0.516   -2.05e-17    1.03e-17
genre_Sport                 -0.0359      0.021     -1.732      0.083      -0.076       0.005
genre_Thriller              -0.0742      0.011     -6.968      0.000      -0.095      -0.053
genre_War                    0.0089      0.029      0.304      0.761      -0.048       0.066
genre_Western               -0.0475      0.051     -0.922      0.357      -0.148       0.053
==============================================================================
Omnibus:                     1658.764   Durbin-Watson:                   2.006
Prob(Omnibus):                  0.000   Jarque-Bera (JB):            13586.894
Skew:                           1.760   Prob(JB):                         0.00
Kurtosis:                      11.300   Cond. No.                     1.02e+16
==============================================================================

Notes:
[1] Standard Errors assume that the covariance matrix of the errors is correctly specified.
[2] The smallest eigenvalue is 6.28e-27. This might indicate that there are
strong multicollinearity problems or that the design matrix is singular.