                            OLS Regression Results                            
==============================================================================
Dep. Variable:              sd_pooled   R-squared:                       0.561
Model:                            OLS   Adj. R-squared:                  0.554
Method:                 Least Squares   F-statistic:                     78.96
Date:                Sun, 29 Mar 2026   Prob (F-statistic):               0.00
Time:                        15:38:42   Log-Likelihood:                 530.99
No. Observations:                4012   AIC:                            -932.0
Df Residuals:                    3947   BIC:                            -522.7
Df Model:                          64                                         
Covariance Type:            nonrobust                                         
============================================================================================
                               coef    std err          t      P>|t|      [0.025      0.975]
--------------------------------------------------------------------------------------------
const                        3.3965      0.048     70.041      0.000       3.301       3.492
FLead                        0.0482      0.008      6.003      0.000       0.032       0.064
mean_pooled                 -0.2349      0.004    -53.456      0.000      -0.244      -0.226
kim_violence_gore            0.0114      0.003      4.499      0.000       0.006       0.016
kim_sex_nudity               0.0102      0.002      5.165      0.000       0.006       0.014
kim_language                -0.0147      0.002     -7.660      0.000      -0.018      -0.011
major                       -0.0401      0.008     -4.983      0.000      -0.056      -0.024
log_bom_opening_theaters     0.0059      0.002      3.354      0.001       0.002       0.009
genres_count                -0.0085      0.007     -1.254      0.210      -0.022       0.005
yr_1993                     -0.0070      0.034     -0.203      0.839      -0.075       0.061
yr_1994                     -0.0019      0.035     -0.053      0.958      -0.071       0.067
yr_1995                      0.0441      0.035      1.271      0.204      -0.024       0.112
yr_1996                      0.0025      0.034      0.072      0.942      -0.064       0.069
yr_1997                      0.0093      0.035      0.267      0.790      -0.059       0.077
yr_1998                      0.0558      0.033      1.668      0.095      -0.010       0.121
yr_1999                      0.0552      0.033      1.695      0.090      -0.009       0.119
yr_2000                     -0.0158      0.034     -0.470      0.639      -0.082       0.050
yr_2001                      0.0512      0.033      1.552      0.121      -0.013       0.116
yr_2002                      0.0147      0.032      0.453      0.650      -0.049       0.078
yr_2003                     -0.0034      0.033     -0.103      0.918      -0.067       0.061
yr_2004                      0.0599      0.032      1.845      0.065      -0.004       0.124
yr_2005                      0.0476      0.032      1.477      0.140      -0.016       0.111
yr_2006                      0.0945      0.032      2.955      0.003       0.032       0.157
yr_2007                      0.1079      0.032      3.388      0.001       0.045       0.170
yr_2008                      0.0500      0.032      1.558      0.119      -0.013       0.113
yr_2009                      0.0295      0.032      0.908      0.364      -0.034       0.093
yr_2010                      0.0253      0.032      0.780      0.435      -0.038       0.089
yr_2011                      0.0265      0.032      0.832      0.406      -0.036       0.089
yr_2012                      0.0120      0.032      0.380      0.704      -0.050       0.074
yr_2013                      0.0039      0.032      0.124      0.901      -0.059       0.066
yr_2014                      0.0369      0.032      1.144      0.253      -0.026       0.100
yr_2015                     -0.0361      0.032     -1.130      0.258      -0.099       0.027
yr_2016                     -0.0414      0.032     -1.285      0.199      -0.105       0.022
yr_2017                      0.0175      0.033      0.538      0.590      -0.046       0.081
yr_2018                      0.0105      0.033      0.321      0.748      -0.054       0.075
mo_2                         0.0098      0.019      0.505      0.614      -0.028       0.048
mo_3                        -0.0046      0.019     -0.249      0.803      -0.041       0.032
mo_4                         0.0016      0.019      0.087      0.931      -0.035       0.038
mo_5                        -0.0105      0.020     -0.531      0.596      -0.049       0.028
mo_6                        -0.0249      0.019     -1.277      0.202      -0.063       0.013
mo_7                        -0.0226      0.019     -1.196      0.232      -0.060       0.014
mo_8                        -0.0262      0.018     -1.434      0.152      -0.062       0.010
mo_9                        -0.0256      0.019     -1.380      0.168      -0.062       0.011
mo_10                       -0.0069      0.018     -0.380      0.704      -0.043       0.029
mo_11                       -0.0233      0.019     -1.242      0.214      -0.060       0.013
mo_12                       -0.0250      0.018     -1.380      0.168      -0.061       0.011
genre_Action                -0.0568      0.011     -5.351      0.000      -0.078      -0.036
genre_Adventure             -0.0048      0.011     -0.427      0.669      -0.027       0.017
genre_Animation             -0.0229      0.018     -1.276      0.202      -0.058       0.012
genre_Biography             -0.0925      0.014     -6.495      0.000      -0.120      -0.065
genre_Comedy                -0.0065      0.009     -0.682      0.495      -0.025       0.012
genre_Crime                 -0.0941      0.010     -9.274      0.000      -0.114      -0.074
genre_Drama                  0.0129      0.010      1.361      0.173      -0.006       0.032
genre_Family                 0.0731      0.015      5.020      0.000       0.045       0.102
genre_Fantasy                0.0081      0.013      0.643      0.521      -0.017       0.033
genre_History                0.0212      0.020      1.040      0.298      -0.019       0.061
genre_Horror                -0.0357      0.015     -2.443      0.015      -0.064      -0.007
genre_Music                  0.1084      0.019      5.672      0.000       0.071       0.146
genre_Musical                0.3192      0.043      7.387      0.000       0.234       0.404
genre_Mystery               -0.0600      0.013     -4.768      0.000      -0.085      -0.035
genre_News               -2.147e-18   9.36e-18     -0.229      0.819   -2.05e-17    1.62e-17
genre_Romance               -0.0188      0.010     -1.824      0.068      -0.039       0.001
genre_Sci_Fi                -0.0130      0.014     -0.956      0.339      -0.040       0.014
genre_Short               1.567e-17   7.38e-18      2.124      0.034     1.2e-18    3.01e-17
genre_Sport                 -0.0345      0.021     -1.664      0.096      -0.075       0.006
genre_Thriller              -0.0765      0.011     -7.201      0.000      -0.097      -0.056
genre_War                    0.0108      0.029      0.369      0.712      -0.046       0.068
genre_Western               -0.0461      0.051     -0.896      0.370      -0.147       0.055
==============================================================================
Omnibus:                     1655.056   Durbin-Watson:                   2.004
Prob(Omnibus):                  0.000   Jarque-Bera (JB):            13511.384
Skew:                           1.756   Prob(JB):                         0.00
Kurtosis:                      11.276   Cond. No.                     1.02e+16
==============================================================================

Notes:
[1] Standard Errors assume that the covariance matrix of the errors is correctly specified.
[2] The smallest eigenvalue is 6.41e-27. This might indicate that there are
strong multicollinearity problems or that the design matrix is singular.