                            OLS Regression Results                            
==============================================================================
Dep. Variable:              sd_pooled   R-squared:                       0.562
Model:                            OLS   Adj. R-squared:                  0.555
Method:                 Least Squares   F-statistic:                     79.29
Date:                Tue, 31 Mar 2026   Prob (F-statistic):               0.00
Time:                        22:38:16   Log-Likelihood:                 535.72
No. Observations:                4012   AIC:                            -941.4
Df Residuals:                    3947   BIC:                            -532.1
Df Model:                          64                                         
Covariance Type:            nonrobust                                         
============================================================================================
                               coef    std err          t      P>|t|      [0.025      0.975]
--------------------------------------------------------------------------------------------
const                        3.3692      0.048     69.638      0.000       3.274       3.464
FLead                        0.0469      0.008      5.844      0.000       0.031       0.063
mean_pooled                 -0.2329      0.004    -52.874      0.000      -0.242      -0.224
kim_violence_gore            0.0120      0.003      4.722      0.000       0.007       0.017
kim_sex_nudity               0.0116      0.002      5.737      0.000       0.008       0.016
kim_language                -0.0149      0.002     -7.960      0.000      -0.019      -0.011
major                       -0.0402      0.008     -5.081      0.000      -0.056      -0.025
log_bom_opening_theaters     0.0067      0.002      3.776      0.000       0.003       0.010
genres_count                -0.0098      0.007     -1.450      0.147      -0.023       0.003
yr_1993                     -0.0064      0.034     -0.187      0.852      -0.074       0.061
yr_1994                     -0.0032      0.035     -0.092      0.927      -0.072       0.066
yr_1995                      0.0449      0.035      1.294      0.196      -0.023       0.113
yr_1996                      0.0094      0.034      0.276      0.783      -0.057       0.076
yr_1997                      0.0134      0.035      0.386      0.700      -0.055       0.081
yr_1998                      0.0601      0.033      1.798      0.072      -0.005       0.126
yr_1999                      0.0611      0.033      1.876      0.061      -0.003       0.125
yr_2000                     -0.0075      0.034     -0.225      0.822      -0.073       0.058
yr_2001                      0.0575      0.033      1.743      0.081      -0.007       0.122
yr_2002                      0.0174      0.032      0.535      0.592      -0.046       0.081
yr_2003                      0.0004      0.033      0.013      0.990      -0.064       0.064
yr_2004                      0.0620      0.032      1.913      0.056      -0.002       0.126
yr_2005                      0.0494      0.032      1.536      0.125      -0.014       0.112
yr_2006                      0.0981      0.032      3.069      0.002       0.035       0.161
yr_2007                      0.1111      0.032      3.492      0.000       0.049       0.174
yr_2008                      0.0533      0.032      1.662      0.097      -0.010       0.116
yr_2009                      0.0325      0.032      1.000      0.317      -0.031       0.096
yr_2010                      0.0277      0.032      0.858      0.391      -0.036       0.091
yr_2011                      0.0315      0.032      0.992      0.321      -0.031       0.094
yr_2012                      0.0170      0.032      0.537      0.592      -0.045       0.079
yr_2013                      0.0087      0.032      0.274      0.784      -0.054       0.071
yr_2014                      0.0414      0.032      1.285      0.199      -0.022       0.104
yr_2015                     -0.0301      0.032     -0.942      0.346      -0.093       0.033
yr_2016                     -0.0331      0.032     -1.027      0.304      -0.096       0.030
yr_2017                      0.0219      0.033      0.674      0.500      -0.042       0.086
yr_2018                      0.0170      0.033      0.522      0.602      -0.047       0.081
mo_2                         0.0084      0.019      0.431      0.667      -0.030       0.046
mo_3                        -0.0035      0.019     -0.191      0.848      -0.040       0.033
mo_4                         0.0009      0.019      0.048      0.962      -0.036       0.038
mo_5                        -0.0117      0.020     -0.592      0.554      -0.050       0.027
mo_6                        -0.0244      0.019     -1.255      0.210      -0.063       0.014
mo_7                        -0.0223      0.019     -1.180      0.238      -0.059       0.015
mo_8                        -0.0250      0.018     -1.372      0.170      -0.061       0.011
mo_9                        -0.0271      0.019     -1.463      0.143      -0.063       0.009
mo_10                       -0.0062      0.018     -0.338      0.735      -0.042       0.030
mo_11                       -0.0235      0.019     -1.255      0.209      -0.060       0.013
mo_12                       -0.0250      0.018     -1.379      0.168      -0.060       0.011
genre_Action                -0.0547      0.011     -5.168      0.000      -0.076      -0.034
genre_Adventure             -0.0059      0.011     -0.523      0.601      -0.028       0.016
genre_Animation             -0.0279      0.018     -1.555      0.120      -0.063       0.007
genre_Biography             -0.0917      0.014     -6.451      0.000      -0.120      -0.064
genre_Comedy                -0.0032      0.010     -0.333      0.740      -0.022       0.015
genre_Crime                 -0.0888      0.010     -8.679      0.000      -0.109      -0.069
genre_Drama                  0.0137      0.009      1.451      0.147      -0.005       0.032
genre_Family                 0.0721      0.015      4.954      0.000       0.044       0.101
genre_Fantasy                0.0046      0.013      0.361      0.718      -0.020       0.029
genre_History                0.0183      0.020      0.900      0.368      -0.022       0.058
genre_Horror                -0.0337      0.015     -2.310      0.021      -0.062      -0.005
genre_Music                  0.1117      0.019      5.848      0.000       0.074       0.149
genre_Musical                0.3174      0.043      7.354      0.000       0.233       0.402
genre_Mystery               -0.0590      0.013     -4.693      0.000      -0.084      -0.034
genre_News               -1.017e-18   8.18e-18     -0.124      0.901    -1.7e-17     1.5e-17
genre_Romance               -0.0186      0.010     -1.802      0.072      -0.039       0.002
genre_Sci_Fi                -0.0133      0.014     -0.985      0.325      -0.040       0.013
genre_Short              -8.221e-18   7.94e-18     -1.036      0.300   -2.38e-17    7.34e-18
genre_Sport                 -0.0389      0.021     -1.879      0.060      -0.080       0.002
genre_Thriller              -0.0743      0.011     -6.984      0.000      -0.095      -0.053
genre_War                    0.0109      0.029      0.375      0.707      -0.046       0.068
genre_Western               -0.0486      0.051     -0.944      0.345      -0.149       0.052
==============================================================================
Omnibus:                     1640.907   Durbin-Watson:                   2.006
Prob(Omnibus):                  0.000   Jarque-Bera (JB):            13201.691
Skew:                           1.743   Prob(JB):                         0.00
Kurtosis:                      11.174   Cond. No.                     1.02e+16
==============================================================================

Notes:
[1] Standard Errors assume that the covariance matrix of the errors is correctly specified.
[2] The smallest eigenvalue is 6.21e-27. This might indicate that there are
strong multicollinearity problems or that the design matrix is singular.