                            OLS Regression Results                            
==============================================================================
Dep. Variable:              sd_pooled   R-squared:                       0.560
Model:                            OLS   Adj. R-squared:                  0.553
Method:                 Least Squares   F-statistic:                     78.60
Date:                Tue, 31 Mar 2026   Prob (F-statistic):               0.00
Time:                        15:04:12   Log-Likelihood:                 525.88
No. Observations:                4012   AIC:                            -921.8
Df Residuals:                    3947   BIC:                            -512.5
Df Model:                          64                                         
Covariance Type:            nonrobust                                         
============================================================================================
                               coef    std err          t      P>|t|      [0.025      0.975]
--------------------------------------------------------------------------------------------
const                        3.3903      0.048     70.051      0.000       3.295       3.485
FLead                        0.0454      0.008      5.644      0.000       0.030       0.061
mean_pooled                 -0.2329      0.004    -52.746      0.000      -0.242      -0.224
kim_violence_gore            0.0057      0.002      2.776      0.006       0.002       0.010
kim_sex_nudity               0.0130      0.002      6.520      0.000       0.009       0.017
kim_language                -0.0142      0.002     -7.538      0.000      -0.018      -0.011
major                       -0.0402      0.008     -4.995      0.000      -0.056      -0.024
log_bom_opening_theaters     0.0058      0.002      3.252      0.001       0.002       0.009
genres_count                -0.0070      0.007     -1.031      0.303      -0.020       0.006
yr_1993                     -0.0023      0.034     -0.065      0.948      -0.070       0.065
yr_1994                     -0.0006      0.035     -0.016      0.987      -0.070       0.069
yr_1995                      0.0483      0.035      1.389      0.165      -0.020       0.116
yr_1996                      0.0111      0.034      0.325      0.745      -0.056       0.078
yr_1997                      0.0163      0.035      0.470      0.638      -0.052       0.084
yr_1998                      0.0597      0.034      1.780      0.075      -0.006       0.125
yr_1999                      0.0639      0.033      1.959      0.050   -4.85e-05       0.128
yr_2000                     -0.0068      0.034     -0.201      0.841      -0.073       0.059
yr_2001                      0.0624      0.033      1.890      0.059      -0.002       0.127
yr_2002                      0.0203      0.032      0.626      0.532      -0.043       0.084
yr_2003                      0.0046      0.033      0.140      0.889      -0.060       0.069
yr_2004                      0.0664      0.032      2.046      0.041       0.003       0.130
yr_2005                      0.0543      0.032      1.686      0.092      -0.009       0.117
yr_2006                      0.1040      0.032      3.253      0.001       0.041       0.167
yr_2007                      0.1180      0.032      3.707      0.000       0.056       0.180
yr_2008                      0.0589      0.032      1.838      0.066      -0.004       0.122
yr_2009                      0.0377      0.033      1.160      0.246      -0.026       0.101
yr_2010                      0.0335      0.032      1.036      0.300      -0.030       0.097
yr_2011                      0.0346      0.032      1.088      0.277      -0.028       0.097
yr_2012                      0.0205      0.032      0.648      0.517      -0.042       0.083
yr_2013                      0.0129      0.032      0.404      0.686      -0.050       0.075
yr_2014                      0.0430      0.032      1.332      0.183      -0.020       0.106
yr_2015                     -0.0299      0.032     -0.933      0.351      -0.093       0.033
yr_2016                     -0.0318      0.032     -0.984      0.325      -0.095       0.032
yr_2017                      0.0241      0.033      0.738      0.460      -0.040       0.088
yr_2018                      0.0194      0.033      0.593      0.553      -0.045       0.084
mo_2                         0.0076      0.019      0.389      0.697      -0.031       0.046
mo_3                        -0.0032      0.019     -0.171      0.864      -0.040       0.033
mo_4                         0.0017      0.019      0.092      0.926      -0.035       0.038
mo_5                        -0.0112      0.020     -0.566      0.571      -0.050       0.028
mo_6                        -0.0249      0.019     -1.279      0.201      -0.063       0.013
mo_7                        -0.0233      0.019     -1.230      0.219      -0.060       0.014
mo_8                        -0.0254      0.018     -1.391      0.164      -0.061       0.010
mo_9                        -0.0283      0.019     -1.522      0.128      -0.065       0.008
mo_10                       -0.0044      0.018     -0.242      0.809      -0.040       0.031
mo_11                       -0.0236      0.019     -1.258      0.208      -0.060       0.013
mo_12                       -0.0244      0.018     -1.347      0.178      -0.060       0.011
genre_Action                -0.0489      0.011     -4.657      0.000      -0.069      -0.028
genre_Adventure             -0.0054      0.011     -0.480      0.631      -0.027       0.017
genre_Animation             -0.0327      0.018     -1.823      0.068      -0.068       0.002
genre_Biography             -0.0954      0.014     -6.700      0.000      -0.123      -0.067
genre_Comedy                -0.0142      0.009     -1.557      0.120      -0.032       0.004
genre_Crime                 -0.0844      0.010     -8.280      0.000      -0.104      -0.064
genre_Drama                  0.0097      0.009      1.026      0.305      -0.009       0.028
genre_Family                 0.0662      0.015      4.556      0.000       0.038       0.095
genre_Fantasy                0.0053      0.013      0.416      0.677      -0.020       0.030
genre_History                0.0234      0.020      1.147      0.251      -0.017       0.063
genre_Horror                -0.0173      0.014     -1.237      0.216      -0.045       0.010
genre_Music                  0.1020      0.019      5.370      0.000       0.065       0.139
genre_Musical                0.3106      0.043      7.185      0.000       0.226       0.395
genre_Mystery               -0.0598      0.013     -4.748      0.000      -0.085      -0.035
genre_News                1.939e-19   9.38e-18      0.021      0.984   -1.82e-17    1.86e-17
genre_Romance               -0.0284      0.010     -2.831      0.005      -0.048      -0.009
genre_Sci_Fi                -0.0110      0.014     -0.810      0.418      -0.038       0.016
genre_Short               -3.54e-18    2.4e-18     -1.476      0.140   -8.24e-18    1.16e-18
genre_Sport                 -0.0405      0.021     -1.954      0.051      -0.081       0.000
genre_Thriller              -0.0731      0.011     -6.858      0.000      -0.094      -0.052
genre_War                    0.0243      0.029      0.837      0.403      -0.033       0.081
genre_Western               -0.0373      0.051     -0.725      0.469      -0.138       0.064
==============================================================================
Omnibus:                     1653.363   Durbin-Watson:                   2.004
Prob(Omnibus):                  0.000   Jarque-Bera (JB):            13498.595
Skew:                           1.754   Prob(JB):                         0.00
Kurtosis:                      11.273   Cond. No.                     1.02e+16
==============================================================================

Notes:
[1] Standard Errors assume that the covariance matrix of the errors is correctly specified.
[2] The smallest eigenvalue is 6.39e-27. This might indicate that there are
strong multicollinearity problems or that the design matrix is singular.