                            OLS Regression Results                            
==============================================================================
Dep. Variable:              sd_pooled   R-squared:                       0.560
Model:                            OLS   Adj. R-squared:                  0.553
Method:                 Least Squares   F-statistic:                     78.57
Date:                Tue, 31 Mar 2026   Prob (F-statistic):               0.00
Time:                        15:10:22   Log-Likelihood:                 525.39
No. Observations:                4012   AIC:                            -920.8
Df Residuals:                    3947   BIC:                            -511.5
Df Model:                          64                                         
Covariance Type:            nonrobust                                         
============================================================================================
                               coef    std err          t      P>|t|      [0.025      0.975]
--------------------------------------------------------------------------------------------
const                        3.3890      0.048     69.996      0.000       3.294       3.484
FLead                        0.0453      0.008      5.624      0.000       0.029       0.061
mean_pooled                 -0.2326      0.004    -52.750      0.000      -0.241      -0.224
kim_violence_gore            0.0053      0.002      2.595      0.009       0.001       0.009
kim_sex_nudity               0.0129      0.002      6.413      0.000       0.009       0.017
kim_language                -0.0139      0.002     -7.455      0.000      -0.018      -0.010
major                       -0.0399      0.008     -4.955      0.000      -0.056      -0.024
log_bom_opening_theaters     0.0059      0.002      3.332      0.001       0.002       0.009
genres_count                -0.0073      0.007     -1.076      0.282      -0.021       0.006
yr_1993                     -0.0018      0.034     -0.051      0.959      -0.069       0.066
yr_1994                      0.0007      0.035      0.019      0.985      -0.068       0.070
yr_1995                      0.0484      0.035      1.395      0.163      -0.020       0.117
yr_1996                      0.0116      0.034      0.341      0.733      -0.055       0.078
yr_1997                      0.0163      0.035      0.470      0.639      -0.052       0.084
yr_1998                      0.0598      0.034      1.783      0.075      -0.006       0.126
yr_1999                      0.0636      0.033      1.948      0.051      -0.000       0.128
yr_2000                     -0.0055      0.034     -0.163      0.871      -0.071       0.060
yr_2001                      0.0633      0.033      1.917      0.055      -0.001       0.128
yr_2002                      0.0198      0.033      0.608      0.543      -0.044       0.083
yr_2003                      0.0035      0.033      0.106      0.915      -0.061       0.068
yr_2004                      0.0662      0.032      2.037      0.042       0.002       0.130
yr_2005                      0.0537      0.032      1.667      0.096      -0.009       0.117
yr_2006                      0.1048      0.032      3.278      0.001       0.042       0.167
yr_2007                      0.1190      0.032      3.737      0.000       0.057       0.181
yr_2008                      0.0581      0.032      1.810      0.070      -0.005       0.121
yr_2009                      0.0380      0.033      1.169      0.242      -0.026       0.102
yr_2010                      0.0334      0.032      1.031      0.302      -0.030       0.097
yr_2011                      0.0356      0.032      1.118      0.264      -0.027       0.098
yr_2012                      0.0211      0.032      0.667      0.505      -0.041       0.083
yr_2013                      0.0136      0.032      0.426      0.670      -0.049       0.076
yr_2014                      0.0435      0.032      1.348      0.178      -0.020       0.107
yr_2015                     -0.0291      0.032     -0.909      0.364      -0.092       0.034
yr_2016                     -0.0312      0.032     -0.968      0.333      -0.095       0.032
yr_2017                      0.0239      0.033      0.735      0.463      -0.040       0.088
yr_2018                      0.0178      0.033      0.544      0.586      -0.046       0.082
mo_2                         0.0076      0.019      0.392      0.695      -0.031       0.046
mo_3                        -0.0045      0.019     -0.242      0.809      -0.041       0.032
mo_4                         0.0018      0.019      0.094      0.925      -0.035       0.039
mo_5                        -0.0120      0.020     -0.608      0.543      -0.051       0.027
mo_6                        -0.0257      0.019     -1.318      0.188      -0.064       0.013
mo_7                        -0.0237      0.019     -1.250      0.212      -0.061       0.013
mo_8                        -0.0253      0.018     -1.386      0.166      -0.061       0.010
mo_9                        -0.0290      0.019     -1.559      0.119      -0.065       0.007
mo_10                       -0.0064      0.018     -0.349      0.727      -0.042       0.029
mo_11                       -0.0231      0.019     -1.231      0.219      -0.060       0.014
mo_12                       -0.0253      0.018     -1.392      0.164      -0.061       0.010
genre_Action                -0.0473      0.010     -4.532      0.000      -0.068      -0.027
genre_Adventure             -0.0052      0.011     -0.466      0.641      -0.027       0.017
genre_Animation             -0.0333      0.018     -1.856      0.064      -0.068       0.002
genre_Biography             -0.0950      0.014     -6.671      0.000      -0.123      -0.067
genre_Comedy                -0.0142      0.009     -1.551      0.121      -0.032       0.004
genre_Crime                 -0.0850      0.010     -8.317      0.000      -0.105      -0.065
genre_Drama                  0.0097      0.009      1.022      0.307      -0.009       0.028
genre_Family                 0.0664      0.015      4.562      0.000       0.038       0.095
genre_Fantasy                0.0050      0.013      0.395      0.693      -0.020       0.030
genre_History                0.0224      0.020      1.098      0.272      -0.018       0.062
genre_Horror                -0.0167      0.014     -1.195      0.232      -0.044       0.011
genre_Music                  0.1008      0.019      5.313      0.000       0.064       0.138
genre_Musical                0.3124      0.043      7.224      0.000       0.228       0.397
genre_Mystery               -0.0598      0.013     -4.747      0.000      -0.085      -0.035
genre_News                5.646e-18    3.9e-18      1.449      0.147   -1.99e-18    1.33e-17
genre_Romance               -0.0276      0.010     -2.737      0.006      -0.047      -0.008
genre_Sci_Fi                -0.0122      0.014     -0.899      0.369      -0.039       0.014
genre_Short              -9.164e-18   3.81e-18     -2.408      0.016   -1.66e-17    -1.7e-18
genre_Sport                 -0.0418      0.021     -2.018      0.044      -0.082      -0.001
genre_Thriller              -0.0733      0.011     -6.867      0.000      -0.094      -0.052
genre_War                    0.0245      0.029      0.845      0.398      -0.032       0.081
genre_Western               -0.0371      0.052     -0.720      0.472      -0.138       0.064
==============================================================================
Omnibus:                     1653.061   Durbin-Watson:                   2.002
Prob(Omnibus):                  0.000   Jarque-Bera (JB):            13478.407
Skew:                           1.754   Prob(JB):                         0.00
Kurtosis:                      11.266   Cond. No.                     1.02e+16
==============================================================================

Notes:
[1] Standard Errors assume that the covariance matrix of the errors is correctly specified.
[2] The smallest eigenvalue is 6.4e-27. This might indicate that there are
strong multicollinearity problems or that the design matrix is singular.