                            OLS Regression Results                            
==============================================================================
Dep. Variable:              sd_pooled   R-squared:                       0.560
Model:                            OLS   Adj. R-squared:                  0.553
Method:                 Least Squares   F-statistic:                     78.49
Date:                Sun, 29 Mar 2026   Prob (F-statistic):               0.00
Time:                        15:57:49   Log-Likelihood:                 524.25
No. Observations:                4012   AIC:                            -918.5
Df Residuals:                    3947   BIC:                            -509.2
Df Model:                          64                                         
Covariance Type:            nonrobust                                         
============================================================================================
                               coef    std err          t      P>|t|      [0.025      0.975]
--------------------------------------------------------------------------------------------
const                        3.3932      0.048     70.018      0.000       3.298       3.488
FLead                        0.0482      0.008      5.983      0.000       0.032       0.064
mean_pooled                 -0.2348      0.004    -53.302      0.000      -0.243      -0.226
kim_violence_gore            0.0136      0.003      5.392      0.000       0.009       0.019
kim_sex_nudity               0.0078      0.002      3.725      0.000       0.004       0.012
kim_language                -0.0133      0.002     -7.205      0.000      -0.017      -0.010
major                       -0.0396      0.008     -4.921      0.000      -0.055      -0.024
log_bom_opening_theaters     0.0051      0.002      2.895      0.004       0.002       0.009
genres_count                -0.0119      0.007     -1.751      0.080      -0.025       0.001
yr_1993                     -0.0077      0.035     -0.222      0.824      -0.075       0.060
yr_1994                     -0.0029      0.035     -0.084      0.933      -0.072       0.066
yr_1995                      0.0410      0.035      1.180      0.238      -0.027       0.109
yr_1996                      0.0049      0.034      0.143      0.887      -0.062       0.072
yr_1997                      0.0085      0.035      0.245      0.806      -0.060       0.077
yr_1998                      0.0575      0.034      1.714      0.087      -0.008       0.123
yr_1999                      0.0600      0.033      1.836      0.066      -0.004       0.124
yr_2000                     -0.0085      0.034     -0.252      0.801      -0.074       0.058
yr_2001                      0.0586      0.033      1.771      0.077      -0.006       0.123
yr_2002                      0.0173      0.033      0.532      0.595      -0.046       0.081
yr_2003                      0.0017      0.033      0.052      0.958      -0.062       0.066
yr_2004                      0.0658      0.033      2.025      0.043       0.002       0.130
yr_2005                      0.0505      0.032      1.565      0.118      -0.013       0.114
yr_2006                      0.0997      0.032      3.109      0.002       0.037       0.163
yr_2007                      0.1136      0.032      3.559      0.000       0.051       0.176
yr_2008                      0.0548      0.032      1.703      0.089      -0.008       0.118
yr_2009                      0.0371      0.033      1.141      0.254      -0.027       0.101
yr_2010                      0.0302      0.032      0.931      0.352      -0.033       0.094
yr_2011                      0.0337      0.032      1.058      0.290      -0.029       0.096
yr_2012                      0.0154      0.032      0.486      0.627      -0.047       0.078
yr_2013                      0.0081      0.032      0.252      0.801      -0.055       0.071
yr_2014                      0.0405      0.032      1.255      0.210      -0.023       0.104
yr_2015                     -0.0306      0.032     -0.956      0.339      -0.094       0.032
yr_2016                     -0.0351      0.032     -1.087      0.277      -0.098       0.028
yr_2017                      0.0222      0.033      0.680      0.497      -0.042       0.086
yr_2018                      0.0141      0.033      0.429      0.668      -0.050       0.078
mo_2                         0.0096      0.019      0.492      0.623      -0.029       0.048
mo_3                        -0.0025      0.019     -0.137      0.891      -0.039       0.034
mo_4                         0.0018      0.019      0.099      0.921      -0.035       0.039
mo_5                        -0.0105      0.020     -0.529      0.597      -0.049       0.028
mo_6                        -0.0234      0.019     -1.199      0.231      -0.062       0.015
mo_7                        -0.0217      0.019     -1.145      0.252      -0.059       0.015
mo_8                        -0.0238      0.018     -1.301      0.193      -0.060       0.012
mo_9                        -0.0264      0.019     -1.419      0.156      -0.063       0.010
mo_10                       -0.0065      0.018     -0.356      0.722      -0.042       0.029
mo_11                       -0.0205      0.019     -1.092      0.275      -0.057       0.016
mo_12                       -0.0258      0.018     -1.418      0.156      -0.061       0.010
genre_Action                -0.0585      0.011     -5.520      0.000      -0.079      -0.038
genre_Adventure             -0.0059      0.011     -0.525      0.600      -0.028       0.016
genre_Animation             -0.0291      0.018     -1.616      0.106      -0.064       0.006
genre_Biography             -0.0906      0.014     -6.358      0.000      -0.119      -0.063
genre_Comedy                -0.0002      0.010     -0.023      0.981      -0.019       0.018
genre_Crime                 -0.0891      0.010     -8.672      0.000      -0.109      -0.069
genre_Drama                  0.0146      0.010      1.534      0.125      -0.004       0.033
genre_Family                 0.0687      0.015      4.701      0.000       0.040       0.097
genre_Fantasy                0.0059      0.013      0.465      0.642      -0.019       0.031
genre_History                0.0190      0.020      0.930      0.353      -0.021       0.059
genre_Horror                -0.0385      0.015     -2.639      0.008      -0.067      -0.010
genre_Music                  0.1149      0.019      6.004      0.000       0.077       0.152
genre_Musical                0.3215      0.043      7.428      0.000       0.237       0.406
genre_Mystery               -0.0572      0.013     -4.537      0.000      -0.082      -0.032
genre_News                1.102e-17   4.75e-18      2.321      0.020    1.71e-18    2.03e-17
genre_Romance               -0.0129      0.010     -1.258      0.209      -0.033       0.007
genre_Sci_Fi                -0.0129      0.014     -0.951      0.342      -0.040       0.014
genre_Short              -2.979e-18   2.58e-18     -1.155      0.248   -8.04e-18    2.08e-18
genre_Sport                 -0.0382      0.021     -1.839      0.066      -0.079       0.003
genre_Thriller              -0.0745      0.011     -6.983      0.000      -0.095      -0.054
genre_War                    0.0037      0.029      0.125      0.900      -0.054       0.061
genre_Western               -0.0525      0.052     -1.018      0.309      -0.154       0.049
==============================================================================
Omnibus:                     1638.770   Durbin-Watson:                   2.007
Prob(Omnibus):                  0.000   Jarque-Bera (JB):            13055.550
Skew:                           1.744   Prob(JB):                         0.00
Kurtosis:                      11.120   Cond. No.                     1.02e+16
==============================================================================

Notes:
[1] Standard Errors assume that the covariance matrix of the errors is correctly specified.
[2] The smallest eigenvalue is 6.32e-27. This might indicate that there are
strong multicollinearity problems or that the design matrix is singular.