                            OLS Regression Results                            
==============================================================================
Dep. Variable:              sd_pooled   R-squared:                       0.562
Model:                            OLS   Adj. R-squared:                  0.555
Method:                 Least Squares   F-statistic:                     79.12
Date:                Tue, 31 Mar 2026   Prob (F-statistic):               0.00
Time:                        11:02:59   Log-Likelihood:                 533.32
No. Observations:                4012   AIC:                            -936.6
Df Residuals:                    3947   BIC:                            -527.3
Df Model:                          64                                         
Covariance Type:            nonrobust                                         
============================================================================================
                               coef    std err          t      P>|t|      [0.025      0.975]
--------------------------------------------------------------------------------------------
const                        3.3800      0.048     69.869      0.000       3.285       3.475
FLead                        0.0468      0.008      5.818      0.000       0.031       0.063
mean_pooled                 -0.2334      0.004    -52.999      0.000      -0.242      -0.225
kim_violence_gore            0.0119      0.003      4.732      0.000       0.007       0.017
kim_sex_nudity               0.0116      0.002      5.722      0.000       0.008       0.016
kim_language                -0.0150      0.002     -7.990      0.000      -0.019      -0.011
major                       -0.0397      0.008     -4.943      0.000      -0.055      -0.024
log_bom_opening_theaters     0.0056      0.002      3.159      0.002       0.002       0.009
genres_count                -0.0096      0.007     -1.421      0.155      -0.023       0.004
yr_1993                     -0.0067      0.034     -0.194      0.846      -0.074       0.061
yr_1994                     -0.0028      0.035     -0.080      0.936      -0.072       0.066
yr_1995                      0.0439      0.035      1.265      0.206      -0.024       0.112
yr_1996                      0.0089      0.034      0.260      0.795      -0.058       0.076
yr_1997                      0.0134      0.035      0.387      0.699      -0.055       0.081
yr_1998                      0.0590      0.033      1.765      0.078      -0.007       0.125
yr_1999                      0.0605      0.033      1.857      0.063      -0.003       0.124
yr_2000                     -0.0083      0.034     -0.247      0.805      -0.074       0.058
yr_2001                      0.0561      0.033      1.699      0.089      -0.009       0.121
yr_2002                      0.0164      0.032      0.507      0.612      -0.047       0.080
yr_2003                     -0.0001      0.033     -0.004      0.997      -0.064       0.064
yr_2004                      0.0612      0.032      1.886      0.059      -0.002       0.125
yr_2005                      0.0481      0.032      1.495      0.135      -0.015       0.111
yr_2006                      0.0971      0.032      3.037      0.002       0.034       0.160
yr_2007                      0.1104      0.032      3.469      0.001       0.048       0.173
yr_2008                      0.0524      0.032      1.633      0.103      -0.011       0.115
yr_2009                      0.0322      0.032      0.991      0.322      -0.031       0.096
yr_2010                      0.0269      0.032      0.831      0.406      -0.037       0.090
yr_2011                      0.0301      0.032      0.947      0.344      -0.032       0.092
yr_2012                      0.0154      0.032      0.488      0.626      -0.047       0.078
yr_2013                      0.0077      0.032      0.242      0.809      -0.055       0.070
yr_2014                      0.0399      0.032      1.240      0.215      -0.023       0.103
yr_2015                     -0.0314      0.032     -0.981      0.326      -0.094       0.031
yr_2016                     -0.0353      0.032     -1.097      0.273      -0.099       0.028
yr_2017                      0.0208      0.033      0.639      0.523      -0.043       0.085
yr_2018                      0.0148      0.033      0.454      0.650      -0.049       0.079
mo_2                         0.0077      0.019      0.396      0.692      -0.030       0.046
mo_3                        -0.0044      0.019     -0.240      0.810      -0.041       0.032
mo_4                         0.0005      0.019      0.027      0.978      -0.036       0.037
mo_5                        -0.0124      0.020     -0.626      0.531      -0.051       0.026
mo_6                        -0.0255      0.019     -1.310      0.190      -0.064       0.013
mo_7                        -0.0231      0.019     -1.224      0.221      -0.060       0.014
mo_8                        -0.0250      0.018     -1.369      0.171      -0.061       0.011
mo_9                        -0.0277      0.019     -1.493      0.136      -0.064       0.009
mo_10                       -0.0069      0.018     -0.381      0.703      -0.043       0.029
mo_11                       -0.0237      0.019     -1.264      0.206      -0.060       0.013
mo_12                       -0.0265      0.018     -1.461      0.144      -0.062       0.009
genre_Action                -0.0549      0.011     -5.181      0.000      -0.076      -0.034
genre_Adventure             -0.0061      0.011     -0.539      0.590      -0.028       0.016
genre_Animation             -0.0285      0.018     -1.589      0.112      -0.064       0.007
genre_Biography             -0.0921      0.014     -6.475      0.000      -0.120      -0.064
genre_Comedy                -0.0035      0.010     -0.366      0.714      -0.022       0.015
genre_Crime                 -0.0887      0.010     -8.666      0.000      -0.109      -0.069
genre_Drama                  0.0136      0.010      1.427      0.154      -0.005       0.032
genre_Family                 0.0707      0.015      4.857      0.000       0.042       0.099
genre_Fantasy                0.0042      0.013      0.331      0.741      -0.021       0.029
genre_History                0.0186      0.020      0.913      0.361      -0.021       0.059
genre_Horror                -0.0334      0.015     -2.291      0.022      -0.062      -0.005
genre_Music                  0.1107      0.019      5.798      0.000       0.073       0.148
genre_Musical                0.3185      0.043      7.376      0.000       0.234       0.403
genre_Mystery               -0.0587      0.013     -4.670      0.000      -0.083      -0.034
genre_News               -3.522e-18   1.09e-17     -0.322      0.748    -2.5e-17    1.79e-17
genre_Romance               -0.0192      0.010     -1.869      0.062      -0.039       0.001
genre_Sci_Fi                -0.0126      0.014     -0.931      0.352      -0.039       0.014
genre_Short              -2.813e-18   2.86e-18     -0.983      0.325   -8.42e-18     2.8e-18
genre_Sport                 -0.0377      0.021     -1.821      0.069      -0.078       0.003
genre_Thriller              -0.0741      0.011     -6.963      0.000      -0.095      -0.053
genre_War                    0.0111      0.029      0.379      0.705      -0.046       0.068
genre_Western               -0.0474      0.051     -0.921      0.357      -0.148       0.053
==============================================================================
Omnibus:                     1646.603   Durbin-Watson:                   2.007
Prob(Omnibus):                  0.000   Jarque-Bera (JB):            13324.434
Skew:                           1.748   Prob(JB):                         0.00
Kurtosis:                      11.215   Cond. No.                     1.02e+16
==============================================================================

Notes:
[1] Standard Errors assume that the covariance matrix of the errors is correctly specified.
[2] The smallest eigenvalue is 6.38e-27. This might indicate that there are
strong multicollinearity problems or that the design matrix is singular.