                            OLS Regression Results                            
==============================================================================
Dep. Variable:              sd_pooled   R-squared:                       0.560
Model:                            OLS   Adj. R-squared:                  0.553
Method:                 Least Squares   F-statistic:                     78.45
Date:                Tue, 31 Mar 2026   Prob (F-statistic):               0.00
Time:                        16:13:38   Log-Likelihood:                 523.76
No. Observations:                4012   AIC:                            -917.5
Df Residuals:                    3947   BIC:                            -508.2
Df Model:                          64                                         
Covariance Type:            nonrobust                                         
============================================================================================
                               coef    std err          t      P>|t|      [0.025      0.975]
--------------------------------------------------------------------------------------------
const                        3.3933      0.048     69.977      0.000       3.298       3.488
FLead                        0.0489      0.008      6.077      0.000       0.033       0.065
mean_pooled                 -0.2349      0.004    -53.328      0.000      -0.244      -0.226
kim_violence_gore            0.0140      0.003      5.574      0.000       0.009       0.019
kim_sex_nudity               0.0068      0.002      3.592      0.000       0.003       0.011
kim_language                -0.0134      0.002     -7.187      0.000      -0.017      -0.010
major                       -0.0394      0.008     -4.886      0.000      -0.055      -0.024
log_bom_opening_theaters     0.0051      0.002      2.861      0.004       0.002       0.009
genres_count                -0.0127      0.007     -1.887      0.059      -0.026       0.000
yr_1993                     -0.0060      0.035     -0.173      0.863      -0.074       0.062
yr_1994                     -0.0011      0.035     -0.030      0.976      -0.070       0.068
yr_1995                      0.0440      0.035      1.264      0.206      -0.024       0.112
yr_1996                      0.0067      0.034      0.195      0.845      -0.060       0.074
yr_1997                      0.0099      0.035      0.285      0.776      -0.058       0.078
yr_1998                      0.0598      0.034      1.782      0.075      -0.006       0.126
yr_1999                      0.0653      0.033      2.000      0.046       0.001       0.129
yr_2000                     -0.0016      0.034     -0.048      0.962      -0.068       0.064
yr_2001                      0.0628      0.033      1.902      0.057      -0.002       0.128
yr_2002                      0.0230      0.033      0.707      0.480      -0.041       0.087
yr_2003                      0.0068      0.033      0.209      0.834      -0.057       0.071
yr_2004                      0.0710      0.032      2.189      0.029       0.007       0.135
yr_2005                      0.0561      0.032      1.741      0.082      -0.007       0.119
yr_2006                      0.1078      0.032      3.372      0.001       0.045       0.170
yr_2007                      0.1182      0.032      3.708      0.000       0.056       0.181
yr_2008                      0.0601      0.032      1.871      0.061      -0.003       0.123
yr_2009                      0.0437      0.032      1.345      0.179      -0.020       0.107
yr_2010                      0.0361      0.032      1.114      0.265      -0.027       0.100
yr_2011                      0.0390      0.032      1.227      0.220      -0.023       0.101
yr_2012                      0.0203      0.032      0.639      0.523      -0.042       0.082
yr_2013                      0.0127      0.032      0.398      0.691      -0.050       0.075
yr_2014                      0.0446      0.032      1.383      0.167      -0.019       0.108
yr_2015                     -0.0253      0.032     -0.790      0.429      -0.088       0.037
yr_2016                     -0.0328      0.032     -1.015      0.310      -0.096       0.031
yr_2017                      0.0267      0.033      0.818      0.413      -0.037       0.091
yr_2018                      0.0180      0.033      0.548      0.583      -0.046       0.082
mo_2                         0.0086      0.019      0.440      0.660      -0.030       0.047
mo_3                        -0.0041      0.019     -0.222      0.824      -0.041       0.032
mo_4                         0.0007      0.019      0.037      0.970      -0.036       0.037
mo_5                        -0.0115      0.020     -0.582      0.560      -0.050       0.027
mo_6                        -0.0247      0.020     -1.265      0.206      -0.063       0.014
mo_7                        -0.0228      0.019     -1.204      0.229      -0.060       0.014
mo_8                        -0.0246      0.018     -1.345      0.179      -0.060       0.011
mo_9                        -0.0275      0.019     -1.480      0.139      -0.064       0.009
mo_10                       -0.0071      0.018     -0.390      0.697      -0.043       0.029
mo_11                       -0.0221      0.019     -1.177      0.239      -0.059       0.015
mo_12                       -0.0259      0.018     -1.428      0.153      -0.062       0.010
genre_Action                -0.0597      0.011     -5.638      0.000      -0.080      -0.039
genre_Adventure             -0.0065      0.011     -0.576      0.565      -0.029       0.016
genre_Animation             -0.0310      0.018     -1.725      0.085      -0.066       0.004
genre_Biography             -0.0910      0.014     -6.378      0.000      -0.119      -0.063
genre_Comedy                 0.0007      0.010      0.069      0.945      -0.018       0.019
genre_Crime                 -0.0880      0.010     -8.569      0.000      -0.108      -0.068
genre_Drama                  0.0139      0.010      1.461      0.144      -0.005       0.033
genre_Family                 0.0670      0.015      4.598      0.000       0.038       0.096
genre_Fantasy                0.0065      0.013      0.511      0.609      -0.018       0.031
genre_History                0.0190      0.020      0.930      0.353      -0.021       0.059
genre_Horror                -0.0409      0.015     -2.812      0.005      -0.069      -0.012
genre_Music                  0.1155      0.019      6.036      0.000       0.078       0.153
genre_Musical                0.3249      0.043      7.510      0.000       0.240       0.410
genre_Mystery               -0.0570      0.013     -4.526      0.000      -0.082      -0.032
genre_News               -1.558e-18   7.79e-18     -0.200      0.841   -1.68e-17    1.37e-17
genre_Romance               -0.0099      0.010     -0.977      0.329      -0.030       0.010
genre_Sci_Fi                -0.0132      0.014     -0.970      0.332      -0.040       0.013
genre_Short              -1.045e-17   4.61e-18     -2.266      0.024   -1.95e-17   -1.41e-18
genre_Sport                 -0.0380      0.021     -1.831      0.067      -0.079       0.003
genre_Thriller              -0.0766      0.011     -7.180      0.000      -0.098      -0.056
genre_War                    0.0030      0.029      0.104      0.918      -0.054       0.060
genre_Western               -0.0515      0.052     -0.997      0.319      -0.153       0.050
==============================================================================
Omnibus:                     1649.648   Durbin-Watson:                   2.007
Prob(Omnibus):                  0.000   Jarque-Bera (JB):            13357.143
Skew:                           1.752   Prob(JB):                         0.00
Kurtosis:                      11.223   Cond. No.                     1.02e+16
==============================================================================

Notes:
[1] Standard Errors assume that the covariance matrix of the errors is correctly specified.
[2] The smallest eigenvalue is 6.4e-27. This might indicate that there are
strong multicollinearity problems or that the design matrix is singular.