                            OLS Regression Results                            
==============================================================================
Dep. Variable:              sd_pooled   R-squared:                       0.559
Model:                            OLS   Adj. R-squared:                  0.551
Method:                 Least Squares   F-statistic:                     78.05
Date:                Wed, 01 Apr 2026   Prob (F-statistic):               0.00
Time:                        00:28:21   Log-Likelihood:                 517.93
No. Observations:                4012   AIC:                            -905.9
Df Residuals:                    3947   BIC:                            -496.6
Df Model:                          64                                         
Covariance Type:            nonrobust                                         
============================================================================================
                               coef    std err          t      P>|t|      [0.025      0.975]
--------------------------------------------------------------------------------------------
const                        3.4116      0.049     69.621      0.000       3.315       3.508
FLead                        0.0529      0.008      6.602      0.000       0.037       0.069
mean_pooled                 -0.2371      0.004    -53.902      0.000      -0.246      -0.228
kim_violence_gore            0.0083      0.002      3.323      0.001       0.003       0.013
kim_sex_nudity               0.0089      0.002      4.472      0.000       0.005       0.013
kim_language                -0.0143      0.002     -5.718      0.000      -0.019      -0.009
major                       -0.0393      0.008     -4.867      0.000      -0.055      -0.023
log_bom_opening_theaters     0.0057      0.002      3.235      0.001       0.002       0.009
genres_count                -0.0072      0.007     -1.068      0.286      -0.021       0.006
yr_1993                     -0.0033      0.035     -0.097      0.923      -0.071       0.064
yr_1994                      0.0006      0.035      0.018      0.986      -0.069       0.070
yr_1995                      0.0364      0.035      1.046      0.295      -0.032       0.105
yr_1996                      0.0041      0.034      0.119      0.905      -0.063       0.071
yr_1997                      0.0046      0.035      0.132      0.895      -0.064       0.073
yr_1998                      0.0525      0.034      1.564      0.118      -0.013       0.118
yr_1999                      0.0563      0.033      1.720      0.085      -0.008       0.120
yr_2000                     -0.0135      0.034     -0.400      0.689      -0.080       0.053
yr_2001                      0.0592      0.033      1.785      0.074      -0.006       0.124
yr_2002                      0.0131      0.033      0.403      0.687      -0.051       0.077
yr_2003                      0.0030      0.033      0.090      0.928      -0.061       0.067
yr_2004                      0.0689      0.033      2.115      0.034       0.005       0.133
yr_2005                      0.0544      0.032      1.684      0.092      -0.009       0.118
yr_2006                      0.1030      0.032      3.207      0.001       0.040       0.166
yr_2007                      0.1158      0.032      3.620      0.000       0.053       0.179
yr_2008                      0.0554      0.032      1.721      0.085      -0.008       0.119
yr_2009                      0.0364      0.033      1.117      0.264      -0.028       0.100
yr_2010                      0.0270      0.033      0.830      0.407      -0.037       0.091
yr_2011                      0.0323      0.032      1.012      0.312      -0.030       0.095
yr_2012                      0.0125      0.032      0.394      0.693      -0.050       0.075
yr_2013                      0.0061      0.032      0.191      0.849      -0.057       0.069
yr_2014                      0.0334      0.032      1.034      0.301      -0.030       0.097
yr_2015                     -0.0384      0.032     -1.198      0.231      -0.101       0.024
yr_2016                     -0.0433      0.032     -1.340      0.180      -0.107       0.020
yr_2017                      0.0139      0.033      0.425      0.671      -0.050       0.078
yr_2018                      0.0051      0.033      0.155      0.877      -0.059       0.069
mo_2                         0.0080      0.020      0.408      0.684      -0.030       0.046
mo_3                        -0.0075      0.019     -0.405      0.686      -0.044       0.029
mo_4                         0.0028      0.019      0.147      0.883      -0.034       0.040
mo_5                        -0.0112      0.020     -0.565      0.572      -0.050       0.028
mo_6                        -0.0255      0.020     -1.305      0.192      -0.064       0.013
mo_7                        -0.0249      0.019     -1.311      0.190      -0.062       0.012
mo_8                        -0.0268      0.018     -1.463      0.144      -0.063       0.009
mo_9                        -0.0298      0.019     -1.599      0.110      -0.066       0.007
mo_10                       -0.0114      0.018     -0.624      0.533      -0.047       0.024
mo_11                       -0.0210      0.019     -1.114      0.265      -0.058       0.016
mo_12                       -0.0254      0.018     -1.395      0.163      -0.061       0.010
genre_Action                -0.0534      0.011     -5.010      0.000      -0.074      -0.033
genre_Adventure             -0.0002      0.011     -0.020      0.984      -0.022       0.022
genre_Animation             -0.0244      0.018     -1.353      0.176      -0.060       0.011
genre_Biography             -0.0938      0.014     -6.565      0.000      -0.122      -0.066
genre_Comedy                -0.0138      0.009     -1.469      0.142      -0.032       0.005
genre_Crime                 -0.1009      0.010     -9.977      0.000      -0.121      -0.081
genre_Drama                  0.0091      0.010      0.955      0.339      -0.010       0.028
genre_Family                 0.0723      0.015      4.927      0.000       0.044       0.101
genre_Fantasy                0.0096      0.013      0.758      0.448      -0.015       0.034
genre_History                0.0294      0.020      1.442      0.149      -0.011       0.069
genre_Horror                -0.0361      0.015     -2.466      0.014      -0.065      -0.007
genre_Music                  0.1060      0.019      5.530      0.000       0.068       0.144
genre_Musical                0.3266      0.043      7.538      0.000       0.242       0.412
genre_Mystery               -0.0558      0.013     -4.417      0.000      -0.081      -0.031
genre_News               -1.005e-17    2.8e-17     -0.359      0.720    -6.5e-17    4.49e-17
genre_Romance               -0.0162      0.010     -1.567      0.117      -0.036       0.004
genre_Sci_Fi                -0.0109      0.014     -0.800      0.424      -0.038       0.016
genre_Short               3.345e-19    9.8e-18      0.034      0.973   -1.89e-17    1.95e-17
genre_Sport                 -0.0409      0.021     -1.966      0.049      -0.082      -0.000
genre_Thriller              -0.0800      0.011     -7.521      0.000      -0.101      -0.059
genre_War                    0.0031      0.029      0.106      0.916      -0.054       0.060
genre_Western               -0.0368      0.052     -0.712      0.477      -0.138       0.065
==============================================================================
Omnibus:                     1674.845   Durbin-Watson:                   2.001
Prob(Omnibus):                  0.000   Jarque-Bera (JB):            13949.388
Skew:                           1.775   Prob(JB):                         0.00
Kurtosis:                      11.417   Cond. No.                     1.02e+16
==============================================================================

Notes:
[1] Standard Errors assume that the covariance matrix of the errors is correctly specified.
[2] The smallest eigenvalue is 5.95e-27. This might indicate that there are
strong multicollinearity problems or that the design matrix is singular.