                            OLS Regression Results                            
==============================================================================
Dep. Variable:              sd_pooled   R-squared:                       0.570
Model:                            OLS   Adj. R-squared:                  0.561
Method:                 Least Squares   F-statistic:                     65.17
Date:                Tue, 31 Mar 2026   Prob (F-statistic):               0.00
Time:                        19:14:45   Log-Likelihood:                 503.93
No. Observations:                3210   AIC:                            -877.9
Df Residuals:                    3145   BIC:                            -483.0
Df Model:                          64                                         
Covariance Type:            nonrobust                                         
============================================================================================
                               coef    std err          t      P>|t|      [0.025      0.975]
--------------------------------------------------------------------------------------------
const                        3.3535      0.053     63.174      0.000       3.249       3.458
FLead                        0.0495      0.009      5.648      0.000       0.032       0.067
mean_pooled                 -0.2333      0.005    -47.592      0.000      -0.243      -0.224
kim_violence_gore            0.0126      0.003      4.558      0.000       0.007       0.018
kim_sex_nudity               0.0096      0.002      4.312      0.000       0.005       0.014
kim_language                -0.0138      0.002     -6.789      0.000      -0.018      -0.010
major                       -0.0417      0.009     -4.746      0.000      -0.059      -0.024
log_bom_opening_theaters     0.0065      0.002      3.350      0.001       0.003       0.010
genres_count                -0.0080      0.007     -1.117      0.264      -0.022       0.006
yr_1993                      0.0082      0.037      0.221      0.825      -0.065       0.081
yr_1994                      0.0083      0.039      0.213      0.831      -0.068       0.084
yr_1995                      0.0432      0.038      1.132      0.258      -0.032       0.118
yr_1996                      0.0037      0.038      0.098      0.922      -0.070       0.077
yr_1997                      0.0183      0.038      0.485      0.627      -0.056       0.092
yr_1998                      0.0740      0.037      2.025      0.043       0.002       0.146
yr_1999                      0.0612      0.036      1.721      0.085      -0.009       0.131
yr_2000                     -0.0116      0.037     -0.312      0.755      -0.085       0.061
yr_2001                      0.0464      0.036      1.282      0.200      -0.025       0.117
yr_2002                      0.0382      0.035      1.081      0.280      -0.031       0.108
yr_2003                     -0.0039      0.036     -0.110      0.912      -0.074       0.066
yr_2004                      0.0692      0.036      1.933      0.053      -0.001       0.139
yr_2005                      0.0626      0.035      1.781      0.075      -0.006       0.131
yr_2006                      0.1176      0.035      3.338      0.001       0.049       0.187
yr_2007                      0.1234      0.035      3.501      0.000       0.054       0.192
yr_2008                      0.0541      0.035      1.529      0.126      -0.015       0.123
yr_2009                      0.0223      0.036      0.628      0.530      -0.047       0.092
yr_2010                      0.0298      0.036      0.835      0.404      -0.040       0.100
yr_2011                      0.0401      0.035      1.150      0.250      -0.028       0.109
yr_2012                      0.0256      0.035      0.739      0.460      -0.042       0.094
yr_2013                      0.0268      0.035      0.766      0.444      -0.042       0.095
yr_2014                      0.0355      0.035      1.008      0.314      -0.034       0.105
yr_2015                     -0.0271      0.035     -0.770      0.441      -0.096       0.042
yr_2016                     -0.0301      0.036     -0.846      0.398      -0.100       0.040
yr_2017                      0.0086      0.036      0.241      0.810      -0.062       0.079
yr_2018                      0.0052      0.036      0.144      0.885      -0.066       0.076
mo_2                         0.0088      0.021      0.414      0.679      -0.033       0.050
mo_3                         0.0042      0.020      0.204      0.839      -0.036       0.044
mo_4                        -0.0031      0.021     -0.153      0.879      -0.043       0.037
mo_5                        -0.0033      0.022     -0.154      0.878      -0.046       0.039
mo_6                        -0.0108      0.022     -0.502      0.616      -0.053       0.031
mo_7                        -0.0131      0.021     -0.625      0.532      -0.054       0.028
mo_8                        -0.0236      0.020     -1.174      0.241      -0.063       0.016
mo_9                        -0.0130      0.020     -0.637      0.524      -0.053       0.027
mo_10                        0.0063      0.020      0.314      0.754      -0.033       0.046
mo_11                       -0.0133      0.021     -0.644      0.520      -0.054       0.027
mo_12                       -0.0246      0.020     -1.235      0.217      -0.064       0.014
genre_Action                -0.0468      0.012     -3.996      0.000      -0.070      -0.024
genre_Adventure             -0.0134      0.012     -1.092      0.275      -0.038       0.011
genre_Animation             -0.0261      0.020     -1.334      0.182      -0.064       0.012
genre_Biography             -0.0953      0.016     -6.053      0.000      -0.126      -0.064
genre_Comedy                -0.0041      0.010     -0.392      0.695      -0.025       0.016
genre_Crime                 -0.0916      0.011     -8.128      0.000      -0.114      -0.070
genre_Drama                  0.0181      0.010      1.726      0.084      -0.002       0.039
genre_Family                 0.0806      0.016      5.029      0.000       0.049       0.112
genre_Fantasy                0.0025      0.014      0.174      0.862      -0.025       0.030
genre_History               -0.0106      0.023     -0.458      0.647      -0.056       0.035
genre_Horror                -0.0492      0.016     -3.058      0.002      -0.081      -0.018
genre_Music                  0.1051      0.021      5.101      0.000       0.065       0.145
genre_Musical                0.3675      0.048      7.695      0.000       0.274       0.461
genre_Mystery               -0.0551      0.014     -3.953      0.000      -0.082      -0.028
genre_News                2.581e-17      1e-17      2.577      0.010    6.17e-18    4.55e-17
genre_Romance               -0.0121      0.011     -1.082      0.279      -0.034       0.010
genre_Sci_Fi                -0.0331      0.015     -2.178      0.029      -0.063      -0.003
genre_Short              -5.957e-18   4.45e-18     -1.340      0.181   -1.47e-17    2.76e-18
genre_Sport                 -0.0508      0.023     -2.232      0.026      -0.095      -0.006
genre_Thriller              -0.0751      0.012     -6.420      0.000      -0.098      -0.052
genre_War                    0.0125      0.030      0.413      0.679      -0.047       0.072
genre_Western               -0.0310      0.054     -0.575      0.565      -0.137       0.075
==============================================================================
Omnibus:                     1164.177   Durbin-Watson:                   1.973
Prob(Omnibus):                  0.000   Jarque-Bera (JB):             6972.184
Skew:                           1.601   Prob(JB):                         0.00
Kurtosis:                       9.471   Cond. No.                     1.02e+16
==============================================================================

Notes:
[1] Standard Errors assume that the covariance matrix of the errors is correctly specified.
[2] The smallest eigenvalue is 5.1e-27. This might indicate that there are
strong multicollinearity problems or that the design matrix is singular.