                            OLS Regression Results                            
==============================================================================
Dep. Variable:              sd_pooled   R-squared:                       0.573
Model:                            OLS   Adj. R-squared:                  0.559
Method:                 Least Squares   F-statistic:                     40.66
Date:                Wed, 01 Apr 2026   Prob (F-statistic):               0.00
Time:                        00:03:05   Log-Likelihood:                 241.10
No. Observations:                2006   AIC:                            -352.2
Df Residuals:                    1941   BIC:                             12.04
Df Model:                          64                                         
Covariance Type:            nonrobust                                         
============================================================================================
                               coef    std err          t      P>|t|      [0.025      0.975]
--------------------------------------------------------------------------------------------
const                        3.5172      0.070     49.934      0.000       3.379       3.655
FLead                        0.0396      0.011      3.501      0.000       0.017       0.062
mean_pooled                 -0.2480      0.007    -37.058      0.000      -0.261      -0.235
kim_violence_gore            0.0051      0.005      1.087      0.277      -0.004       0.014
kim_sex_nudity               0.0092      0.003      2.767      0.006       0.003       0.016
kim_language                -0.0168      0.003     -5.667      0.000      -0.023      -0.011
major                       -0.0365      0.012     -3.067      0.002      -0.060      -0.013
log_bom_opening_theaters     0.0070      0.003      2.759      0.006       0.002       0.012
genres_count                -0.0102      0.010     -1.003      0.316      -0.030       0.010
yr_1993                     -0.0290      0.045     -0.643      0.520      -0.117       0.059
yr_1994                     -0.0175      0.046     -0.382      0.702      -0.107       0.072
yr_1995                      0.0678      0.046      1.474      0.141      -0.022       0.158
yr_1996                      0.0134      0.045      0.297      0.766      -0.075       0.102
yr_1997                      0.0673      0.048      1.400      0.162      -0.027       0.162
yr_1998                      0.0671      0.044      1.535      0.125      -0.019       0.153
yr_1999                      0.0691      0.043      1.592      0.111      -0.016       0.154
yr_2000                      0.0037      0.045      0.082      0.935      -0.084       0.092
yr_2001                      0.0921      0.046      2.023      0.043       0.003       0.181
yr_2002                      0.0250      0.043      0.580      0.562      -0.059       0.109
yr_2003                     -0.0003      0.044     -0.008      0.994      -0.086       0.085
yr_2004                      0.0621      0.044      1.418      0.156      -0.024       0.148
yr_2005                      0.0377      0.044      0.852      0.394      -0.049       0.125
yr_2006                      0.0972      0.044      2.194      0.028       0.010       0.184
yr_2007                      0.1489      0.044      3.400      0.001       0.063       0.235
yr_2008                      0.0641      0.044      1.456      0.146      -0.022       0.150
yr_2009                     -0.0233      0.045     -0.516      0.606      -0.112       0.065
yr_2010                      0.0209      0.044      0.473      0.637      -0.066       0.108
yr_2011                      0.0317      0.043      0.730      0.465      -0.053       0.117
yr_2012                     -0.0077      0.043     -0.181      0.857      -0.092       0.076
yr_2013                     -0.0215      0.044     -0.486      0.627      -0.108       0.065
yr_2014                      0.0319      0.044      0.729      0.466      -0.054       0.118
yr_2015                     -0.0579      0.044     -1.315      0.189      -0.144       0.028
yr_2016                     -0.0152      0.044     -0.344      0.731      -0.102       0.071
yr_2017                     -0.0015      0.045     -0.033      0.973      -0.089       0.086
yr_2018                     -0.0028      0.046     -0.060      0.952      -0.093       0.087
mo_2                         0.0317      0.030      1.062      0.288      -0.027       0.090
mo_3                        -0.0268      0.028     -0.958      0.338      -0.082       0.028
mo_4                        -0.0176      0.029     -0.619      0.536      -0.074       0.038
mo_5                        -0.0232      0.030     -0.786      0.432      -0.081       0.035
mo_6                        -0.0359      0.029     -1.240      0.215      -0.093       0.021
mo_7                        -0.0225      0.028     -0.805      0.421      -0.077       0.032
mo_8                        -0.0272      0.028     -0.988      0.323      -0.081       0.027
mo_9                        -0.0481      0.028     -1.707      0.088      -0.103       0.007
mo_10                       -0.0230      0.028     -0.825      0.410      -0.078       0.032
mo_11                       -0.0571      0.028     -2.043      0.041      -0.112      -0.002
mo_12                       -0.0584      0.027     -2.169      0.030      -0.111      -0.006
genre_Action                -0.0606      0.019     -3.246      0.001      -0.097      -0.024
genre_Adventure             -0.0027      0.017     -0.158      0.874      -0.037       0.031
genre_Animation             -0.0202      0.023     -0.859      0.390      -0.066       0.026
genre_Biography             -0.0839      0.021     -4.006      0.000      -0.125      -0.043
genre_Comedy                -0.0176      0.014     -1.297      0.195      -0.044       0.009
genre_Crime                 -0.0850      0.017     -4.869      0.000      -0.119      -0.051
genre_Drama                  0.0459      0.014      3.167      0.002       0.017       0.074
genre_Family                 0.0729      0.018      3.999      0.000       0.037       0.109
genre_Fantasy               -0.0304      0.019     -1.560      0.119      -0.069       0.008
genre_History                0.0108      0.031      0.347      0.729      -0.050       0.072
genre_Horror                -0.0177      0.039     -0.450      0.653      -0.095       0.059
genre_Music                  0.1097      0.023      4.741      0.000       0.064       0.155
genre_Musical                0.3191      0.051      6.319      0.000       0.220       0.418
genre_Mystery               -0.0860      0.024     -3.585      0.000      -0.133      -0.039
genre_News                2.143e-17   9.39e-18      2.281      0.023       3e-18    3.98e-17
genre_Romance               -0.0320      0.014     -2.326      0.020      -0.059      -0.005
genre_Sci_Fi                -0.0277      0.026     -1.073      0.283      -0.078       0.023
genre_Short                3.49e-16   6.06e-16      0.576      0.565    -8.4e-16    1.54e-15
genre_Sport                 -0.0291      0.027     -1.073      0.283      -0.082       0.024
genre_Thriller              -0.0763      0.021     -3.570      0.000      -0.118      -0.034
genre_War                   -0.0584      0.059     -0.984      0.325      -0.175       0.058
genre_Western                0.0589      0.094      0.623      0.533      -0.126       0.244
==============================================================================
Omnibus:                      672.226   Durbin-Watson:                   1.967
Prob(Omnibus):                  0.000   Jarque-Bera (JB):             3225.086
Skew:                           1.523   Prob(JB):                         0.00
Kurtosis:                       8.413   Cond. No.                     1.02e+16
==============================================================================

Notes:
[1] Standard Errors assume that the covariance matrix of the errors is correctly specified.
[2] The smallest eigenvalue is 2.74e-27. This might indicate that there are
strong multicollinearity problems or that the design matrix is singular.