                            OLS Regression Results                            
==============================================================================
Dep. Variable:              sd_pooled   R-squared:                       0.562
Model:                            OLS   Adj. R-squared:                  0.555
Method:                 Least Squares   F-statistic:                     79.11
Date:                Tue, 31 Mar 2026   Prob (F-statistic):               0.00
Time:                        23:09:01   Log-Likelihood:                 533.09
No. Observations:                4012   AIC:                            -936.2
Df Residuals:                    3947   BIC:                            -526.9
Df Model:                          64                                         
Covariance Type:            nonrobust                                         
============================================================================================
                               coef    std err          t      P>|t|      [0.025      0.975]
--------------------------------------------------------------------------------------------
const                        3.3852      0.048     70.526      0.000       3.291       3.479
FLead                        0.0465      0.008      5.783      0.000       0.031       0.062
mean_pooled                 -0.2340      0.004    -53.354      0.000      -0.243      -0.225
kim_violence_gore            0.0123      0.003      4.836      0.000       0.007       0.017
kim_sex_nudity               0.0113      0.002      5.602      0.000       0.007       0.015
kim_language                -0.0150      0.002     -8.002      0.000      -0.019      -0.011
major                       -0.0378      0.008     -4.796      0.000      -0.053      -0.022
log_bom_opening_theaters     0.0054      0.002      3.012      0.003       0.002       0.009
genres_count                -0.0097      0.007     -1.433      0.152      -0.023       0.004
yr_1993                     -0.0068      0.034     -0.198      0.843      -0.074       0.061
yr_1994                     -0.0031      0.035     -0.089      0.929      -0.072       0.066
yr_1995                      0.0431      0.035      1.243      0.214      -0.025       0.111
yr_1996                      0.0087      0.034      0.254      0.799      -0.058       0.075
yr_1997                      0.0136      0.035      0.393      0.694      -0.054       0.082
yr_1998                      0.0599      0.033      1.791      0.073      -0.006       0.125
yr_1999                      0.0606      0.033      1.860      0.063      -0.003       0.124
yr_2000                     -0.0085      0.034     -0.254      0.799      -0.074       0.057
yr_2001                      0.0569      0.033      1.725      0.085      -0.008       0.122
yr_2002                      0.0159      0.032      0.490      0.624      -0.048       0.080
yr_2003                      0.0004      0.033      0.011      0.991      -0.064       0.064
yr_2004                      0.0623      0.032      1.919      0.055      -0.001       0.126
yr_2005                      0.0490      0.032      1.521      0.128      -0.014       0.112
yr_2006                      0.0974      0.032      3.046      0.002       0.035       0.160
yr_2007                      0.1107      0.032      3.478      0.001       0.048       0.173
yr_2008                      0.0534      0.032      1.665      0.096      -0.009       0.116
yr_2009                      0.0325      0.032      1.000      0.317      -0.031       0.096
yr_2010                      0.0279      0.032      0.862      0.389      -0.036       0.091
yr_2011                      0.0309      0.032      0.972      0.331      -0.031       0.093
yr_2012                      0.0155      0.032      0.489      0.625      -0.047       0.078
yr_2013                      0.0075      0.032      0.234      0.815      -0.055       0.070
yr_2014                      0.0406      0.032      1.261      0.208      -0.023       0.104
yr_2015                     -0.0303      0.032     -0.946      0.344      -0.093       0.032
yr_2016                     -0.0343      0.032     -1.063      0.288      -0.097       0.029
yr_2017                      0.0223      0.033      0.685      0.494      -0.042       0.086
yr_2018                      0.0172      0.033      0.526      0.599      -0.047       0.081
mo_2                         0.0081      0.019      0.417      0.677      -0.030       0.046
mo_3                        -0.0044      0.019     -0.239      0.811      -0.041       0.032
mo_4                         0.0005      0.019      0.026      0.979      -0.036       0.037
mo_5                        -0.0126      0.020     -0.638      0.523      -0.051       0.026
mo_6                        -0.0250      0.019     -1.286      0.199      -0.063       0.013
mo_7                        -0.0233      0.019     -1.231      0.218      -0.060       0.014
mo_8                        -0.0250      0.018     -1.374      0.170      -0.061       0.011
mo_9                        -0.0282      0.019     -1.518      0.129      -0.065       0.008
mo_10                       -0.0069      0.018     -0.377      0.706      -0.043       0.029
mo_11                       -0.0244      0.019     -1.299      0.194      -0.061       0.012
mo_12                       -0.0272      0.018     -1.504      0.133      -0.063       0.008
genre_Action                -0.0547      0.011     -5.158      0.000      -0.075      -0.034
genre_Adventure             -0.0056      0.011     -0.498      0.619      -0.028       0.016
genre_Animation             -0.0275      0.018     -1.530      0.126      -0.063       0.008
genre_Biography             -0.0927      0.014     -6.521      0.000      -0.121      -0.065
genre_Comedy                -0.0029      0.010     -0.304      0.761      -0.022       0.016
genre_Crime                 -0.0889      0.010     -8.677      0.000      -0.109      -0.069
genre_Drama                  0.0129      0.009      1.363      0.173      -0.006       0.032
genre_Family                 0.0712      0.015      4.891      0.000       0.043       0.100
genre_Fantasy                0.0048      0.013      0.380      0.704      -0.020       0.030
genre_History                0.0179      0.020      0.879      0.379      -0.022       0.058
genre_Horror                -0.0336      0.015     -2.301      0.021      -0.062      -0.005
genre_Music                  0.1115      0.019      5.832      0.000       0.074       0.149
genre_Musical                0.3188      0.043      7.383      0.000       0.234       0.404
genre_Mystery               -0.0589      0.013     -4.684      0.000      -0.084      -0.034
genre_News                5.631e-18   2.59e-18      2.170      0.030    5.44e-19    1.07e-17
genre_Romance               -0.0183      0.010     -1.774      0.076      -0.038       0.002
genre_Sci_Fi                -0.0130      0.014     -0.957      0.339      -0.040       0.014
genre_Short                4.87e-18   3.29e-18      1.478      0.139   -1.59e-18    1.13e-17
genre_Sport                 -0.0364      0.021     -1.758      0.079      -0.077       0.004
genre_Thriller              -0.0738      0.011     -6.927      0.000      -0.095      -0.053
genre_War                    0.0098      0.029      0.335      0.738      -0.047       0.067
genre_Western               -0.0506      0.051     -0.982      0.326      -0.152       0.050
==============================================================================
Omnibus:                     1653.751   Durbin-Watson:                   2.006
Prob(Omnibus):                  0.000   Jarque-Bera (JB):            13516.883
Skew:                           1.754   Prob(JB):                         0.00
Kurtosis:                      11.279   Cond. No.                     1.02e+16
==============================================================================

Notes:
[1] Standard Errors assume that the covariance matrix of the errors is correctly specified.
[2] The smallest eigenvalue is 6.11e-27. This might indicate that there are
strong multicollinearity problems or that the design matrix is singular.