                            OLS Regression Results                            
==============================================================================
Dep. Variable:              sd_pooled   R-squared:                       0.560
Model:                            OLS   Adj. R-squared:                  0.553
Method:                 Least Squares   F-statistic:                     78.45
Date:                Tue, 31 Mar 2026   Prob (F-statistic):               0.00
Time:                        19:44:26   Log-Likelihood:                 523.73
No. Observations:                4012   AIC:                            -917.5
Df Residuals:                    3947   BIC:                            -508.2
Df Model:                          64                                         
Covariance Type:            nonrobust                                         
============================================================================================
                               coef    std err          t      P>|t|      [0.025      0.975]
--------------------------------------------------------------------------------------------
const                        3.3913      0.049     69.816      0.000       3.296       3.487
FLead                        0.0477      0.008      5.911      0.000       0.032       0.063
mean_pooled                 -0.2348      0.004    -53.261      0.000      -0.243      -0.226
kim_violence_gore            0.0139      0.003      5.503      0.000       0.009       0.019
kim_sex_nudity               0.0069      0.002      3.585      0.000       0.003       0.011
kim_language                -0.0134      0.002     -7.176      0.000      -0.017      -0.010
major                       -0.0395      0.008     -4.900      0.000      -0.055      -0.024
log_bom_opening_theaters     0.0053      0.002      2.980      0.003       0.002       0.009
genres_count                -0.0118      0.007     -1.737      0.082      -0.025       0.002
yr_1993                     -0.0066      0.035     -0.190      0.849      -0.074       0.061
yr_1994                     -0.0029      0.035     -0.082      0.934      -0.072       0.066
yr_1995                      0.0429      0.035      1.235      0.217      -0.025       0.111
yr_1996                      0.0050      0.034      0.148      0.883      -0.062       0.072
yr_1997                      0.0088      0.035      0.254      0.799      -0.059       0.077
yr_1998                      0.0588      0.034      1.754      0.080      -0.007       0.125
yr_1999                      0.0630      0.033      1.928      0.054      -0.001       0.127
yr_2000                     -0.0038      0.034     -0.113      0.910      -0.070       0.062
yr_2001                      0.0620      0.033      1.877      0.061      -0.003       0.127
yr_2002                      0.0193      0.033      0.594      0.552      -0.044       0.083
yr_2003                      0.0066      0.033      0.201      0.841      -0.058       0.071
yr_2004                      0.0691      0.032      2.129      0.033       0.005       0.133
yr_2005                      0.0545      0.032      1.693      0.091      -0.009       0.118
yr_2006                      0.1037      0.032      3.240      0.001       0.041       0.166
yr_2007                      0.1173      0.032      3.680      0.000       0.055       0.180
yr_2008                      0.0583      0.032      1.817      0.069      -0.005       0.121
yr_2009                      0.0409      0.032      1.261      0.207      -0.023       0.105
yr_2010                      0.0330      0.032      1.017      0.309      -0.031       0.097
yr_2011                      0.0350      0.032      1.097      0.273      -0.028       0.097
yr_2012                      0.0212      0.032      0.669      0.504      -0.041       0.083
yr_2013                      0.0113      0.032      0.355      0.723      -0.051       0.074
yr_2014                      0.0431      0.032      1.334      0.182      -0.020       0.106
yr_2015                     -0.0264      0.032     -0.824      0.410      -0.089       0.036
yr_2016                     -0.0341      0.032     -1.055      0.291      -0.097       0.029
yr_2017                      0.0253      0.033      0.777      0.437      -0.039       0.089
yr_2018                      0.0167      0.033      0.511      0.609      -0.047       0.081
mo_2                         0.0085      0.019      0.437      0.662      -0.030       0.047
mo_3                        -0.0040      0.019     -0.217      0.828      -0.040       0.032
mo_4                        -0.0001      0.019     -0.005      0.996      -0.037       0.037
mo_5                        -0.0125      0.020     -0.630      0.529      -0.051       0.026
mo_6                        -0.0250      0.020     -1.280      0.201      -0.063       0.013
mo_7                        -0.0229      0.019     -1.209      0.227      -0.060       0.014
mo_8                        -0.0250      0.018     -1.366      0.172      -0.061       0.011
mo_9                        -0.0275      0.019     -1.478      0.140      -0.064       0.009
mo_10                       -0.0074      0.018     -0.405      0.686      -0.043       0.028
mo_11                       -0.0225      0.019     -1.195      0.232      -0.059       0.014
mo_12                       -0.0270      0.018     -1.485      0.138      -0.063       0.009
genre_Action                -0.0594      0.011     -5.607      0.000      -0.080      -0.039
genre_Adventure             -0.0067      0.011     -0.592      0.554      -0.029       0.015
genre_Animation             -0.0310      0.018     -1.721      0.085      -0.066       0.004
genre_Biography             -0.0909      0.014     -6.371      0.000      -0.119      -0.063
genre_Comedy                 0.0007      0.010      0.071      0.943      -0.018       0.019
genre_Crime                 -0.0888      0.010     -8.644      0.000      -0.109      -0.069
genre_Drama                  0.0146      0.010      1.532      0.126      -0.004       0.033
genre_Family                 0.0664      0.015      4.559      0.000       0.038       0.095
genre_Fantasy                0.0063      0.013      0.501      0.617      -0.018       0.031
genre_History                0.0185      0.020      0.903      0.366      -0.022       0.059
genre_Horror                -0.0401      0.015     -2.755      0.006      -0.069      -0.012
genre_Music                  0.1161      0.019      6.065      0.000       0.079       0.154
genre_Musical                0.3245      0.043      7.500      0.000       0.240       0.409
genre_Mystery               -0.0576      0.013     -4.570      0.000      -0.082      -0.033
genre_News                7.543e-18   5.36e-18      1.407      0.160   -2.97e-18    1.81e-17
genre_Romance               -0.0111      0.010     -1.093      0.274      -0.031       0.009
genre_Sci_Fi                -0.0128      0.014     -0.939      0.348      -0.039       0.014
genre_Short              -3.881e-18   6.04e-18     -0.643      0.520   -1.57e-17    7.95e-18
genre_Sport                 -0.0361      0.021     -1.737      0.082      -0.077       0.005
genre_Thriller              -0.0750      0.011     -7.028      0.000      -0.096      -0.054
genre_War                    0.0060      0.029      0.204      0.838      -0.051       0.063
genre_Western               -0.0554      0.052     -1.075      0.283      -0.156       0.046
==============================================================================
Omnibus:                     1642.122   Durbin-Watson:                   2.004
Prob(Omnibus):                  0.000   Jarque-Bera (JB):            13145.045
Skew:                           1.746   Prob(JB):                         0.00
Kurtosis:                      11.151   Cond. No.                     1.02e+16
==============================================================================

Notes:
[1] Standard Errors assume that the covariance matrix of the errors is correctly specified.
[2] The smallest eigenvalue is 6.39e-27. This might indicate that there are
strong multicollinearity problems or that the design matrix is singular.