                            OLS Regression Results                            
==============================================================================
Dep. Variable:              sd_pooled   R-squared:                       0.561
Model:                            OLS   Adj. R-squared:                  0.554
Method:                 Least Squares   F-statistic:                     78.89
Date:                Tue, 31 Mar 2026   Prob (F-statistic):               0.00
Time:                        20:11:47   Log-Likelihood:                 530.03
No. Observations:                4012   AIC:                            -930.1
Df Residuals:                    3947   BIC:                            -520.8
Df Model:                          64                                         
Covariance Type:            nonrobust                                         
============================================================================================
                               coef    std err          t      P>|t|      [0.025      0.975]
--------------------------------------------------------------------------------------------
const                        3.3997      0.049     69.767      0.000       3.304       3.495
FLead                        0.0469      0.008      5.823      0.000       0.031       0.063
mean_pooled                 -0.2341      0.005    -52.011      0.000      -0.243      -0.225
kim_violence_gore            0.0123      0.003      4.812      0.000       0.007       0.017
kim_sex_nudity               0.0113      0.002      5.553      0.000       0.007       0.015
kim_language                -0.0150      0.002     -8.025      0.000      -0.019      -0.011
major                       -0.0349      0.008     -4.385      0.000      -0.051      -0.019
log_bom_opening_theaters     0.0028      0.002      1.742      0.082      -0.000       0.006
genres_count                -0.0089      0.007     -1.314      0.189      -0.022       0.004
yr_1993                     -0.0067      0.034     -0.194      0.846      -0.074       0.061
yr_1994                     -0.0042      0.035     -0.120      0.904      -0.073       0.065
yr_1995                      0.0429      0.035      1.236      0.217      -0.025       0.111
yr_1996                      0.0080      0.034      0.236      0.813      -0.059       0.075
yr_1997                      0.0120      0.035      0.346      0.730      -0.056       0.080
yr_1998                      0.0591      0.033      1.766      0.077      -0.007       0.125
yr_1999                      0.0587      0.033      1.801      0.072      -0.005       0.123
yr_2000                     -0.0085      0.034     -0.252      0.801      -0.074       0.057
yr_2001                      0.0553      0.033      1.674      0.094      -0.009       0.120
yr_2002                      0.0162      0.032      0.499      0.618      -0.047       0.080
yr_2003                     -0.0003      0.033     -0.011      0.991      -0.064       0.064
yr_2004                      0.0612      0.032      1.886      0.059      -0.002       0.125
yr_2005                      0.0471      0.032      1.463      0.144      -0.016       0.110
yr_2006                      0.0963      0.032      3.009      0.003       0.034       0.159
yr_2007                      0.1109      0.032      3.481      0.001       0.048       0.173
yr_2008                      0.0526      0.032      1.639      0.101      -0.010       0.116
yr_2009                      0.0319      0.032      0.982      0.326      -0.032       0.096
yr_2010                      0.0264      0.032      0.815      0.415      -0.037       0.090
yr_2011                      0.0292      0.032      0.917      0.359      -0.033       0.092
yr_2012                      0.0129      0.032      0.407      0.684      -0.049       0.075
yr_2013                      0.0059      0.032      0.185      0.853      -0.057       0.068
yr_2014                      0.0389      0.032      1.207      0.228      -0.024       0.102
yr_2015                     -0.0319      0.032     -0.997      0.319      -0.095       0.031
yr_2016                     -0.0348      0.032     -1.079      0.280      -0.098       0.028
yr_2017                      0.0221      0.033      0.677      0.498      -0.042       0.086
yr_2018                      0.0155      0.033      0.473      0.636      -0.049       0.080
mo_2                         0.0085      0.019      0.437      0.662      -0.030       0.047
mo_3                        -0.0046      0.019     -0.251      0.802      -0.041       0.032
mo_4                      2.831e-05      0.019      0.002      0.999      -0.037       0.037
mo_5                        -0.0145      0.020     -0.736      0.462      -0.053       0.024
mo_6                        -0.0268      0.019     -1.375      0.169      -0.065       0.011
mo_7                        -0.0254      0.019     -1.344      0.179      -0.062       0.012
mo_8                        -0.0254      0.018     -1.392      0.164      -0.061       0.010
mo_9                        -0.0284      0.019     -1.529      0.126      -0.065       0.008
mo_10                       -0.0082      0.018     -0.452      0.652      -0.044       0.028
mo_11                       -0.0253      0.019     -1.350      0.177      -0.062       0.011
mo_12                       -0.0312      0.018     -1.730      0.084      -0.067       0.004
genre_Action                -0.0544      0.011     -5.127      0.000      -0.075      -0.034
genre_Adventure             -0.0048      0.011     -0.431      0.666      -0.027       0.017
genre_Animation             -0.0280      0.018     -1.559      0.119      -0.063       0.007
genre_Biography             -0.0956      0.014     -6.740      0.000      -0.123      -0.068
genre_Comedy                -0.0031      0.010     -0.323      0.747      -0.022       0.016
genre_Crime                 -0.0883      0.010     -8.610      0.000      -0.108      -0.068
genre_Drama                  0.0103      0.009      1.087      0.277      -0.008       0.029
genre_Family                 0.0720      0.015      4.943      0.000       0.043       0.101
genre_Fantasy                0.0044      0.013      0.346      0.729      -0.020       0.029
genre_History                0.0167      0.020      0.816      0.414      -0.023       0.057
genre_Horror                -0.0329      0.015     -2.255      0.024      -0.062      -0.004
genre_Music                  0.1117      0.019      5.836      0.000       0.074       0.149
genre_Musical                0.3196      0.043      7.397      0.000       0.235       0.404
genre_Mystery               -0.0594      0.013     -4.713      0.000      -0.084      -0.035
genre_News                6.122e-15   2.01e-15      3.049      0.002    2.19e-15    1.01e-14
genre_Romance               -0.0182      0.010     -1.762      0.078      -0.038       0.002
genre_Sci_Fi                -0.0121      0.014     -0.891      0.373      -0.039       0.015
genre_Short               2.473e-16      8e-17      3.089      0.002    9.03e-17    4.04e-16
genre_Sport                 -0.0338      0.021     -1.634      0.102      -0.074       0.007
genre_Thriller              -0.0733      0.011     -6.875      0.000      -0.094      -0.052
genre_War                    0.0065      0.029      0.223      0.823      -0.051       0.064
genre_Western               -0.0462      0.052     -0.897      0.370      -0.147       0.055
==============================================================================
Omnibus:                     1672.657   Durbin-Watson:                   2.006
Prob(Omnibus):                  0.000   Jarque-Bera (JB):            13908.604
Skew:                           1.773   Prob(JB):                         0.00
Kurtosis:                      11.404   Cond. No.                     1.02e+16
==============================================================================

Notes:
[1] Standard Errors assume that the covariance matrix of the errors is correctly specified.
[2] The smallest eigenvalue is 6.38e-27. This might indicate that there are
strong multicollinearity problems or that the design matrix is singular.