                            OLS Regression Results                            
==============================================================================
Dep. Variable:              sd_pooled   R-squared:                       0.562
Model:                            OLS   Adj. R-squared:                  0.555
Method:                 Least Squares   F-statistic:                     79.06
Date:                Sun, 29 Mar 2026   Prob (F-statistic):               0.00
Time:                        10:32:45   Log-Likelihood:                 532.46
No. Observations:                4012   AIC:                            -934.9
Df Residuals:                    3947   BIC:                            -525.6
Df Model:                          64                                         
Covariance Type:            nonrobust                                         
============================================================================================
                               coef    std err          t      P>|t|      [0.025      0.975]
--------------------------------------------------------------------------------------------
const                        3.3777      0.048     69.751      0.000       3.283       3.473
FLead                        0.0468      0.008      5.817      0.000       0.031       0.063
mean_pooled                 -0.2330      0.004    -52.956      0.000      -0.242      -0.224
kim_violence_gore            0.0111      0.002      4.550      0.000       0.006       0.016
kim_sex_nudity               0.0117      0.002      5.777      0.000       0.008       0.016
kim_language                -0.0148      0.002     -7.927      0.000      -0.019      -0.011
major                       -0.0399      0.008     -4.961      0.000      -0.056      -0.024
log_bom_opening_theaters     0.0056      0.002      3.190      0.001       0.002       0.009
genres_count                -0.0092      0.007     -1.362      0.173      -0.023       0.004
yr_1993                     -0.0048      0.034     -0.140      0.889      -0.072       0.063
yr_1994                     -0.0031      0.035     -0.088      0.930      -0.072       0.066
yr_1995                      0.0462      0.035      1.332      0.183      -0.022       0.114
yr_1996                      0.0090      0.034      0.265      0.791      -0.058       0.076
yr_1997                      0.0143      0.035      0.412      0.680      -0.054       0.082
yr_1998                      0.0592      0.033      1.771      0.077      -0.006       0.125
yr_1999                      0.0617      0.033      1.894      0.058      -0.002       0.126
yr_2000                     -0.0084      0.034     -0.252      0.801      -0.074       0.057
yr_2001                      0.0589      0.033      1.788      0.074      -0.006       0.124
yr_2002                      0.0181      0.032      0.559      0.576      -0.045       0.082
yr_2003                      0.0015      0.033      0.047      0.962      -0.062       0.066
yr_2004                      0.0627      0.032      1.933      0.053      -0.001       0.126
yr_2005                      0.0498      0.032      1.547      0.122      -0.013       0.113
yr_2006                      0.0992      0.032      3.104      0.002       0.037       0.162
yr_2007                      0.1124      0.032      3.531      0.000       0.050       0.175
yr_2008                      0.0535      0.032      1.669      0.095      -0.009       0.116
yr_2009                      0.0334      0.032      1.030      0.303      -0.030       0.097
yr_2010                      0.0273      0.032      0.842      0.400      -0.036       0.091
yr_2011                      0.0307      0.032      0.965      0.335      -0.032       0.093
yr_2012                      0.0167      0.032      0.528      0.597      -0.045       0.079
yr_2013                      0.0092      0.032      0.288      0.774      -0.053       0.072
yr_2014                      0.0410      0.032      1.272      0.203      -0.022       0.104
yr_2015                     -0.0304      0.032     -0.951      0.342      -0.093       0.032
yr_2016                     -0.0351      0.032     -1.088      0.277      -0.098       0.028
yr_2017                      0.0219      0.033      0.672      0.502      -0.042       0.086
yr_2018                      0.0158      0.033      0.485      0.628      -0.048       0.080
mo_2                         0.0083      0.019      0.427      0.670      -0.030       0.046
mo_3                        -0.0033      0.019     -0.178      0.859      -0.040       0.033
mo_4                         0.0012      0.019      0.065      0.948      -0.035       0.038
mo_5                        -0.0115      0.020     -0.582      0.560      -0.050       0.027
mo_6                        -0.0249      0.019     -1.282      0.200      -0.063       0.013
mo_7                        -0.0230      0.019     -1.217      0.224      -0.060       0.014
mo_8                        -0.0250      0.018     -1.374      0.170      -0.061       0.011
mo_9                        -0.0271      0.019     -1.460      0.144      -0.063       0.009
mo_10                       -0.0060      0.018     -0.331      0.741      -0.042       0.030
mo_11                       -0.0241      0.019     -1.285      0.199      -0.061       0.013
mo_12                       -0.0258      0.018     -1.425      0.154      -0.061       0.010
genre_Action                -0.0534      0.011     -5.062      0.000      -0.074      -0.033
genre_Adventure             -0.0059      0.011     -0.526      0.599      -0.028       0.016
genre_Animation             -0.0291      0.018     -1.621      0.105      -0.064       0.006
genre_Biography             -0.0923      0.014     -6.485      0.000      -0.120      -0.064
genre_Comedy                -0.0048      0.009     -0.513      0.608      -0.023       0.014
genre_Crime                 -0.0882      0.010     -8.620      0.000      -0.108      -0.068
genre_Drama                  0.0129      0.009      1.362      0.173      -0.006       0.032
genre_Family                 0.0704      0.015      4.836      0.000       0.042       0.099
genre_Fantasy                0.0040      0.013      0.320      0.749      -0.021       0.029
genre_History                0.0200      0.020      0.980      0.327      -0.020       0.060
genre_Horror                -0.0306      0.014     -2.122      0.034      -0.059      -0.002
genre_Music                  0.1104      0.019      5.780      0.000       0.073       0.148
genre_Musical                0.3161      0.043      7.321      0.000       0.231       0.401
genre_Mystery               -0.0594      0.013     -4.725      0.000      -0.084      -0.035
genre_News               -2.411e-19   4.36e-18     -0.055      0.956   -8.79e-18    8.31e-18
genre_Romance               -0.0204      0.010     -1.997      0.046      -0.041      -0.000
genre_Sci_Fi                -0.0124      0.014     -0.914      0.361      -0.039       0.014
genre_Short              -1.356e-19   2.24e-18     -0.060      0.952   -4.53e-18    4.26e-18
genre_Sport                 -0.0381      0.021     -1.839      0.066      -0.079       0.003
genre_Thriller              -0.0734      0.011     -6.894      0.000      -0.094      -0.053
genre_War                    0.0128      0.029      0.440      0.660      -0.044       0.070
genre_Western               -0.0478      0.051     -0.929      0.353      -0.149       0.053
==============================================================================
Omnibus:                     1644.475   Durbin-Watson:                   2.007
Prob(Omnibus):                  0.000   Jarque-Bera (JB):            13288.476
Skew:                           1.746   Prob(JB):                         0.00
Kurtosis:                      11.203   Cond. No.                     1.02e+16
==============================================================================

Notes:
[1] Standard Errors assume that the covariance matrix of the errors is correctly specified.
[2] The smallest eigenvalue is 6.39e-27. This might indicate that there are
strong multicollinearity problems or that the design matrix is singular.