                            OLS Regression Results                            
==============================================================================
Dep. Variable:              sd_pooled   R-squared:                       0.558
Model:                            OLS   Adj. R-squared:                  0.551
Method:                 Least Squares   F-statistic:                     78.00
Date:                Sun, 29 Mar 2026   Prob (F-statistic):               0.00
Time:                        16:04:51   Log-Likelihood:                 517.29
No. Observations:                4012   AIC:                            -904.6
Df Residuals:                    3947   BIC:                            -495.3
Df Model:                          64                                         
Covariance Type:            nonrobust                                         
============================================================================================
                               coef    std err          t      P>|t|      [0.025      0.975]
--------------------------------------------------------------------------------------------
const                        3.4144      0.049     70.241      0.000       3.319       3.510
FLead                        0.0499      0.008      6.192      0.000       0.034       0.066
mean_pooled                 -0.2363      0.004    -53.692      0.000      -0.245      -0.228
kim_violence_gore            0.0152      0.003      6.031      0.000       0.010       0.020
kim_sex_nudity               0.0011      0.003      0.403      0.687      -0.004       0.006
kim_language                -0.0111      0.002     -6.309      0.000      -0.015      -0.008
major                       -0.0398      0.008     -4.935      0.000      -0.056      -0.024
log_bom_opening_theaters     0.0047      0.002      2.666      0.008       0.001       0.008
genres_count                -0.0149      0.007     -2.211      0.027      -0.028      -0.002
yr_1993                     -0.0088      0.035     -0.254      0.799      -0.077       0.059
yr_1994                     -0.0029      0.035     -0.082      0.934      -0.072       0.066
yr_1995                      0.0401      0.035      1.152      0.249      -0.028       0.108
yr_1996                      0.0027      0.034      0.078      0.938      -0.064       0.070
yr_1997                      0.0045      0.035      0.128      0.898      -0.064       0.073
yr_1998                      0.0566      0.034      1.685      0.092      -0.009       0.122
yr_1999                      0.0634      0.033      1.936      0.053      -0.001       0.128
yr_2000                     -0.0027      0.034     -0.080      0.936      -0.069       0.063
yr_2001                      0.0632      0.033      1.908      0.057      -0.002       0.128
yr_2002                      0.0206      0.033      0.632      0.527      -0.043       0.085
yr_2003                      0.0081      0.033      0.246      0.806      -0.056       0.072
yr_2004                      0.0727      0.033      2.234      0.026       0.009       0.137
yr_2005                      0.0564      0.032      1.747      0.081      -0.007       0.120
yr_2006                      0.1080      0.032      3.369      0.001       0.045       0.171
yr_2007                      0.1203      0.032      3.767      0.000       0.058       0.183
yr_2008                      0.0613      0.032      1.906      0.057      -0.002       0.124
yr_2009                      0.0453      0.033      1.391      0.164      -0.019       0.109
yr_2010                      0.0367      0.032      1.131      0.258      -0.027       0.100
yr_2011                      0.0389      0.032      1.220      0.223      -0.024       0.102
yr_2012                      0.0216      0.032      0.678      0.498      -0.041       0.084
yr_2013                      0.0138      0.032      0.431      0.667      -0.049       0.077
yr_2014                      0.0433      0.032      1.339      0.181      -0.020       0.107
yr_2015                     -0.0261      0.032     -0.812      0.417      -0.089       0.037
yr_2016                     -0.0337      0.032     -1.040      0.298      -0.097       0.030
yr_2017                      0.0253      0.033      0.775      0.439      -0.039       0.089
yr_2018                      0.0156      0.033      0.474      0.635      -0.049       0.080
mo_2                         0.0105      0.020      0.538      0.590      -0.028       0.049
mo_3                        -0.0029      0.019     -0.154      0.878      -0.039       0.034
mo_4                         0.0023      0.019      0.122      0.903      -0.035       0.039
mo_5                        -0.0092      0.020     -0.465      0.642      -0.048       0.030
mo_6                        -0.0230      0.020     -1.178      0.239      -0.061       0.015
mo_7                        -0.0209      0.019     -1.104      0.270      -0.058       0.016
mo_8                        -0.0234      0.018     -1.279      0.201      -0.059       0.012
mo_9                        -0.0256      0.019     -1.376      0.169      -0.062       0.011
mo_10                       -0.0060      0.018     -0.327      0.743      -0.042       0.030
mo_11                       -0.0197      0.019     -1.048      0.295      -0.057       0.017
mo_12                       -0.0253      0.018     -1.391      0.164      -0.061       0.010
genre_Action                -0.0616      0.011     -5.811      0.000      -0.082      -0.041
genre_Adventure             -0.0068      0.011     -0.599      0.549      -0.029       0.015
genre_Animation             -0.0315      0.018     -1.738      0.082      -0.067       0.004
genre_Biography             -0.0893      0.014     -6.254      0.000      -0.117      -0.061
genre_Comedy                 0.0035      0.010      0.364      0.716      -0.015       0.022
genre_Crime                 -0.0880      0.010     -8.548      0.000      -0.108      -0.068
genre_Drama                  0.0153      0.010      1.607      0.108      -0.003       0.034
genre_Family                 0.0634      0.015      4.309      0.000       0.035       0.092
genre_Fantasy                0.0070      0.013      0.549      0.583      -0.018       0.032
genre_History                0.0190      0.020      0.927      0.354      -0.021       0.059
genre_Horror                -0.0429      0.015     -2.946      0.003      -0.072      -0.014
genre_Music                  0.1174      0.019      6.118      0.000       0.080       0.155
genre_Musical                0.3273      0.043      7.544      0.000       0.242       0.412
genre_Mystery               -0.0564      0.013     -4.471      0.000      -0.081      -0.032
genre_News                2.628e-17   7.39e-18      3.554      0.000    1.18e-17    4.08e-17
genre_Romance               -0.0057      0.010     -0.558      0.577      -0.026       0.014
genre_Sci_Fi                -0.0131      0.014     -0.959      0.337      -0.040       0.014
genre_Short               1.361e-17   3.21e-18      4.239      0.000    7.31e-18    1.99e-17
genre_Sport                 -0.0388      0.021     -1.863      0.062      -0.080       0.002
genre_Thriller              -0.0759      0.011     -7.099      0.000      -0.097      -0.055
genre_War                   -0.0008      0.029     -0.027      0.979      -0.058       0.057
genre_Western               -0.0572      0.052     -1.107      0.268      -0.158       0.044
==============================================================================
Omnibus:                     1636.113   Durbin-Watson:                   2.006
Prob(Omnibus):                  0.000   Jarque-Bera (JB):            12923.245
Skew:                           1.743   Prob(JB):                         0.00
Kurtosis:                      11.072   Cond. No.                     1.02e+16
==============================================================================

Notes:
[1] Standard Errors assume that the covariance matrix of the errors is correctly specified.
[2] The smallest eigenvalue is 6.12e-27. This might indicate that there are
strong multicollinearity problems or that the design matrix is singular.