                            OLS Regression Results                            
==============================================================================
Dep. Variable:              sd_pooled   R-squared:                       0.559
Model:                            OLS   Adj. R-squared:                  0.551
Method:                 Least Squares   F-statistic:                     78.06
Date:                Tue, 31 Mar 2026   Prob (F-statistic):               0.00
Time:                        23:41:43   Log-Likelihood:                 518.06
No. Observations:                4012   AIC:                            -906.1
Df Residuals:                    3947   BIC:                            -496.8
Df Model:                          64                                         
Covariance Type:            nonrobust                                         
============================================================================================
                               coef    std err          t      P>|t|      [0.025      0.975]
--------------------------------------------------------------------------------------------
const                        3.4082      0.049     69.666      0.000       3.312       3.504
FLead                        0.0517      0.008      6.439      0.000       0.036       0.067
mean_pooled                 -0.2372      0.004    -53.924      0.000      -0.246      -0.229
kim_violence_gore            0.0091      0.003      3.631      0.000       0.004       0.014
kim_sex_nudity               0.0091      0.002      4.559      0.000       0.005       0.013
kim_language                -0.0141      0.002     -5.741      0.000      -0.019      -0.009
major                       -0.0372      0.008     -4.619      0.000      -0.053      -0.021
log_bom_opening_theaters     0.0058      0.002      3.298      0.001       0.002       0.009
genres_count                -0.0082      0.007     -1.204      0.229      -0.022       0.005
yr_1993                     -0.0046      0.035     -0.134      0.894      -0.072       0.063
yr_1994                     -0.0019      0.035     -0.055      0.956      -0.071       0.067
yr_1995                      0.0395      0.035      1.135      0.257      -0.029       0.108
yr_1996                      0.0038      0.034      0.112      0.911      -0.063       0.071
yr_1997                      0.0045      0.035      0.129      0.898      -0.064       0.073
yr_1998                      0.0505      0.034      1.506      0.132      -0.015       0.116
yr_1999                      0.0531      0.033      1.625      0.104      -0.011       0.117
yr_2000                     -0.0122      0.034     -0.361      0.718      -0.078       0.054
yr_2001                      0.0573      0.033      1.727      0.084      -0.008       0.122
yr_2002                      0.0167      0.033      0.511      0.609      -0.047       0.081
yr_2003                      0.0035      0.033      0.108      0.914      -0.061       0.068
yr_2004                      0.0682      0.033      2.092      0.036       0.004       0.132
yr_2005                      0.0525      0.032      1.624      0.104      -0.011       0.116
yr_2006                      0.1036      0.032      3.227      0.001       0.041       0.167
yr_2007                      0.1137      0.032      3.556      0.000       0.051       0.176
yr_2008                      0.0551      0.032      1.709      0.087      -0.008       0.118
yr_2009                      0.0371      0.033      1.137      0.256      -0.027       0.101
yr_2010                      0.0282      0.033      0.867      0.386      -0.036       0.092
yr_2011                      0.0333      0.032      1.043      0.297      -0.029       0.096
yr_2012                      0.0138      0.032      0.435      0.664      -0.049       0.076
yr_2013                      0.0045      0.032      0.139      0.889      -0.058       0.067
yr_2014                      0.0333      0.032      1.030      0.303      -0.030       0.097
yr_2015                     -0.0404      0.032     -1.261      0.207      -0.103       0.022
yr_2016                     -0.0420      0.032     -1.300      0.194      -0.105       0.021
yr_2017                      0.0145      0.033      0.446      0.656      -0.049       0.079
yr_2018                      0.0058      0.033      0.178      0.859      -0.058       0.070
mo_2                         0.0103      0.020      0.527      0.599      -0.028       0.049
mo_3                        -0.0046      0.019     -0.245      0.806      -0.041       0.032
mo_4                         0.0027      0.019      0.145      0.885      -0.034       0.040
mo_5                        -0.0094      0.020     -0.476      0.634      -0.048       0.029
mo_6                        -0.0241      0.020     -1.236      0.216      -0.062       0.014
mo_7                        -0.0223      0.019     -1.173      0.241      -0.059       0.015
mo_8                        -0.0243      0.018     -1.325      0.185      -0.060       0.012
mo_9                        -0.0276      0.019     -1.484      0.138      -0.064       0.009
mo_10                       -0.0096      0.018     -0.525      0.599      -0.045       0.026
mo_11                       -0.0216      0.019     -1.145      0.252      -0.058       0.015
mo_12                       -0.0251      0.018     -1.381      0.167      -0.061       0.011
genre_Action                -0.0559      0.011     -5.251      0.000      -0.077      -0.035
genre_Adventure             -0.0018      0.011     -0.162      0.871      -0.024       0.020
genre_Animation             -0.0251      0.018     -1.387      0.166      -0.060       0.010
genre_Biography             -0.0912      0.014     -6.376      0.000      -0.119      -0.063
genre_Comedy                -0.0122      0.009     -1.289      0.197      -0.031       0.006
genre_Crime                 -0.0995      0.010     -9.821      0.000      -0.119      -0.080
genre_Drama                  0.0107      0.010      1.120      0.263      -0.008       0.029
genre_Family                 0.0699      0.015      4.746      0.000       0.041       0.099
genre_Fantasy                0.0099      0.013      0.786      0.432      -0.015       0.035
genre_History                0.0283      0.020      1.385      0.166      -0.012       0.068
genre_Horror                -0.0349      0.015     -2.378      0.017      -0.064      -0.006
genre_Music                  0.1051      0.019      5.487      0.000       0.068       0.143
genre_Musical                0.3249      0.043      7.499      0.000       0.240       0.410
genre_Mystery               -0.0552      0.013     -4.363      0.000      -0.080      -0.030
genre_News                2.825e-18   4.81e-18      0.587      0.557   -6.61e-18    1.23e-17
genre_Romance               -0.0152      0.010     -1.464      0.143      -0.035       0.005
genre_Sci_Fi                -0.0107      0.014     -0.784      0.433      -0.037       0.016
genre_Short               1.562e-18   2.62e-18      0.595      0.552   -3.58e-18    6.71e-18
genre_Sport                 -0.0386      0.021     -1.856      0.064      -0.079       0.002
genre_Thriller              -0.0782      0.011     -7.336      0.000      -0.099      -0.057
genre_War                    0.0078      0.029      0.265      0.791      -0.050       0.065
genre_Western               -0.0465      0.052     -0.901      0.368      -0.148       0.055
==============================================================================
Omnibus:                     1684.211   Durbin-Watson:                   2.003
Prob(Omnibus):                  0.000   Jarque-Bera (JB):            14038.347
Skew:                           1.787   Prob(JB):                         0.00
Kurtosis:                      11.438   Cond. No.                     1.02e+16
==============================================================================

Notes:
[1] Standard Errors assume that the covariance matrix of the errors is correctly specified.
[2] The smallest eigenvalue is 6.03e-27. This might indicate that there are
strong multicollinearity problems or that the design matrix is singular.