                            OLS Regression Results                            
==============================================================================
Dep. Variable:              sd_pooled   R-squared:                       0.559
Model:                            OLS   Adj. R-squared:                  0.552
Method:                 Least Squares   F-statistic:                     78.21
Date:                Sun, 29 Mar 2026   Prob (F-statistic):               0.00
Time:                        15:24:50   Log-Likelihood:                 520.26
No. Observations:                4012   AIC:                            -910.5
Df Residuals:                    3947   BIC:                            -501.2
Df Model:                          64                                         
Covariance Type:            nonrobust                                         
============================================================================================
                               coef    std err          t      P>|t|      [0.025      0.975]
--------------------------------------------------------------------------------------------
const                        3.3974      0.049     69.681      0.000       3.302       3.493
FLead                        0.0488      0.008      6.062      0.000       0.033       0.065
mean_pooled                 -0.2351      0.004    -53.165      0.000      -0.244      -0.226
kim_violence_gore            0.0142      0.003      5.633      0.000       0.009       0.019
kim_sex_nudity               0.0047      0.002      2.449      0.014       0.001       0.008
kim_language                -0.0129      0.002     -6.766      0.000      -0.017      -0.009
major                       -0.0392      0.008     -4.858      0.000      -0.055      -0.023
log_bom_opening_theaters     0.0051      0.002      2.877      0.004       0.002       0.009
genres_count                -0.0124      0.007     -1.824      0.068      -0.026       0.001
yr_1993                     -0.0084      0.035     -0.242      0.808      -0.076       0.059
yr_1994                     -0.0041      0.035     -0.116      0.907      -0.073       0.065
yr_1995                      0.0404      0.035      1.162      0.245      -0.028       0.109
yr_1996                      0.0026      0.034      0.075      0.940      -0.064       0.069
yr_1997                      0.0041      0.035      0.119      0.905      -0.064       0.072
yr_1998                      0.0554      0.034      1.650      0.099      -0.010       0.121
yr_1999                      0.0620      0.033      1.898      0.058      -0.002       0.126
yr_2000                     -0.0050      0.034     -0.150      0.881      -0.071       0.061
yr_2001                      0.0610      0.033      1.845      0.065      -0.004       0.126
yr_2002                      0.0189      0.033      0.579      0.562      -0.045       0.083
yr_2003                      0.0057      0.033      0.175      0.861      -0.058       0.070
yr_2004                      0.0706      0.032      2.172      0.030       0.007       0.134
yr_2005                      0.0556      0.032      1.725      0.085      -0.008       0.119
yr_2006                      0.1054      0.032      3.289      0.001       0.043       0.168
yr_2007                      0.1186      0.032      3.717      0.000       0.056       0.181
yr_2008                      0.0597      0.032      1.858      0.063      -0.003       0.123
yr_2009                      0.0436      0.032      1.341      0.180      -0.020       0.107
yr_2010                      0.0342      0.032      1.054      0.292      -0.029       0.098
yr_2011                      0.0371      0.032      1.165      0.244      -0.025       0.100
yr_2012                      0.0201      0.032      0.632      0.527      -0.042       0.082
yr_2013                      0.0113      0.032      0.355      0.723      -0.051       0.074
yr_2014                      0.0425      0.032      1.315      0.188      -0.021       0.106
yr_2015                     -0.0279      0.032     -0.870      0.384      -0.091       0.035
yr_2016                     -0.0358      0.032     -1.106      0.269      -0.099       0.028
yr_2017                      0.0243      0.033      0.744      0.457      -0.040       0.088
yr_2018                      0.0147      0.033      0.450      0.653      -0.050       0.079
mo_2                         0.0105      0.020      0.537      0.591      -0.028       0.049
mo_3                        -0.0025      0.019     -0.134      0.893      -0.039       0.034
mo_4                         0.0028      0.019      0.152      0.880      -0.034       0.040
mo_5                        -0.0105      0.020     -0.529      0.597      -0.049       0.028
mo_6                        -0.0228      0.020     -1.166      0.244      -0.061       0.015
mo_7                        -0.0208      0.019     -1.094      0.274      -0.058       0.016
mo_8                        -0.0232      0.018     -1.270      0.204      -0.059       0.013
mo_9                        -0.0257      0.019     -1.383      0.167      -0.062       0.011
mo_10                       -0.0059      0.018     -0.324      0.746      -0.042       0.030
mo_11                       -0.0203      0.019     -1.079      0.281      -0.057       0.017
mo_12                       -0.0258      0.018     -1.419      0.156      -0.061       0.010
genre_Action                -0.0606      0.011     -5.719      0.000      -0.081      -0.040
genre_Adventure             -0.0066      0.011     -0.586      0.558      -0.029       0.015
genre_Animation             -0.0314      0.018     -1.744      0.081      -0.067       0.004
genre_Biography             -0.0899      0.014     -6.297      0.000      -0.118      -0.062
genre_Comedy                 0.0023      0.009      0.247      0.805      -0.016       0.021
genre_Crime                 -0.0878      0.010     -8.547      0.000      -0.108      -0.068
genre_Drama                  0.0148      0.010      1.550      0.121      -0.004       0.033
genre_Family                 0.0633      0.015      4.358      0.000       0.035       0.092
genre_Fantasy                0.0069      0.013      0.542      0.588      -0.018       0.032
genre_History                0.0189      0.020      0.925      0.355      -0.021       0.059
genre_Horror                -0.0417      0.015     -2.865      0.004      -0.070      -0.013
genre_Music                  0.1167      0.019      6.094      0.000       0.079       0.154
genre_Musical                0.3248      0.043      7.499      0.000       0.240       0.410
genre_Mystery               -0.0565      0.013     -4.481      0.000      -0.081      -0.032
genre_News               -4.852e-18   6.45e-18     -0.752      0.452   -1.75e-17    7.79e-18
genre_Romance               -0.0085      0.010     -0.835      0.404      -0.028       0.011
genre_Sci_Fi                -0.0122      0.014     -0.894      0.371      -0.039       0.015
genre_Short              -1.707e-17   4.45e-18     -3.833      0.000   -2.58e-17   -8.34e-18
genre_Sport                 -0.0372      0.021     -1.787      0.074      -0.078       0.004
genre_Thriller              -0.0757      0.011     -7.085      0.000      -0.097      -0.055
genre_War                    0.0030      0.029      0.101      0.919      -0.054       0.060
genre_Western               -0.0552      0.052     -1.069      0.285      -0.156       0.046
==============================================================================
Omnibus:                     1640.558   Durbin-Watson:                   2.006
Prob(Omnibus):                  0.000   Jarque-Bera (JB):            13045.997
Skew:                           1.747   Prob(JB):                         0.00
Kurtosis:                      11.114   Cond. No.                     1.02e+16
==============================================================================

Notes:
[1] Standard Errors assume that the covariance matrix of the errors is correctly specified.
[2] The smallest eigenvalue is 6.42e-27. This might indicate that there are
strong multicollinearity problems or that the design matrix is singular.