                            OLS Regression Results                            
==============================================================================
Dep. Variable:              sd_pooled   R-squared:                       0.560
Model:                            OLS   Adj. R-squared:                  0.553
Method:                 Least Squares   F-statistic:                     78.45
Date:                Sun, 29 Mar 2026   Prob (F-statistic):               0.00
Time:                        15:24:23   Log-Likelihood:                 523.75
No. Observations:                4012   AIC:                            -917.5
Df Residuals:                    3947   BIC:                            -508.2
Df Model:                          64                                         
Covariance Type:            nonrobust                                         
============================================================================================
                               coef    std err          t      P>|t|      [0.025      0.975]
--------------------------------------------------------------------------------------------
const                        3.3953      0.048     70.123      0.000       3.300       3.490
FLead                        0.0486      0.008      6.035      0.000       0.033       0.064
mean_pooled                 -0.2350      0.004    -53.370      0.000      -0.244      -0.226
kim_violence_gore            0.0146      0.002      5.847      0.000       0.010       0.020
kim_sex_nudity               0.0069      0.002      3.591      0.000       0.003       0.011
kim_language                -0.0135      0.002     -7.195      0.000      -0.017      -0.010
major                       -0.0384      0.008     -4.763      0.000      -0.054      -0.023
log_bom_opening_theaters     0.0051      0.002      2.870      0.004       0.002       0.009
genres_count                -0.0123      0.007     -1.818      0.069      -0.026       0.001
yr_1993                     -0.0081      0.035     -0.233      0.816      -0.076       0.060
yr_1994                     -0.0088      0.035     -0.249      0.804      -0.078       0.060
yr_1995                      0.0374      0.035      1.075      0.282      -0.031       0.106
yr_1996                      0.0009      0.034      0.026      0.980      -0.066       0.068
yr_1997                      0.0051      0.035      0.145      0.884      -0.063       0.073
yr_1998                      0.0530      0.034      1.582      0.114      -0.013       0.119
yr_1999                      0.0587      0.033      1.796      0.073      -0.005       0.123
yr_2000                     -0.0051      0.034     -0.151      0.880      -0.071       0.061
yr_2001                      0.0582      0.033      1.760      0.078      -0.007       0.123
yr_2002                      0.0173      0.033      0.532      0.595      -0.046       0.081
yr_2003                      0.0042      0.033      0.128      0.898      -0.060       0.068
yr_2004                      0.0651      0.033      2.000      0.046       0.001       0.129
yr_2005                      0.0521      0.032      1.615      0.106      -0.011       0.115
yr_2006                      0.1017      0.032      3.176      0.002       0.039       0.165
yr_2007                      0.1134      0.032      3.552      0.000       0.051       0.176
yr_2008                      0.0551      0.032      1.714      0.087      -0.008       0.118
yr_2009                      0.0390      0.033      1.199      0.231      -0.025       0.103
yr_2010                      0.0310      0.032      0.954      0.340      -0.033       0.095
yr_2011                      0.0342      0.032      1.072      0.284      -0.028       0.097
yr_2012                      0.0159      0.032      0.501      0.617      -0.046       0.078
yr_2013                      0.0085      0.032      0.268      0.789      -0.054       0.071
yr_2014                      0.0390      0.032      1.208      0.227      -0.024       0.102
yr_2015                     -0.0304      0.032     -0.949      0.343      -0.093       0.032
yr_2016                     -0.0369      0.032     -1.142      0.253      -0.100       0.026
yr_2017                      0.0216      0.033      0.661      0.509      -0.042       0.086
yr_2018                      0.0135      0.033      0.411      0.681      -0.051       0.078
mo_2                         0.0081      0.020      0.416      0.678      -0.030       0.046
mo_3                        -0.0055      0.019     -0.294      0.769      -0.042       0.031
mo_4                         0.0002      0.019      0.009      0.993      -0.037       0.037
mo_5                        -0.0135      0.020     -0.681      0.496      -0.052       0.025
mo_6                        -0.0251      0.020     -1.288      0.198      -0.063       0.013
mo_7                        -0.0239      0.019     -1.262      0.207      -0.061       0.013
mo_8                        -0.0273      0.018     -1.491      0.136      -0.063       0.009
mo_9                        -0.0280      0.019     -1.502      0.133      -0.064       0.009
mo_10                       -0.0084      0.018     -0.462      0.644      -0.044       0.027
mo_11                       -0.0225      0.019     -1.197      0.231      -0.059       0.014
mo_12                       -0.0277      0.018     -1.524      0.128      -0.063       0.008
genre_Action                -0.0609      0.011     -5.757      0.000      -0.082      -0.040
genre_Adventure             -0.0065      0.011     -0.578      0.563      -0.029       0.016
genre_Animation             -0.0299      0.018     -1.659      0.097      -0.065       0.005
genre_Biography             -0.0887      0.014     -6.222      0.000      -0.117      -0.061
genre_Comedy                 0.0016      0.009      0.170      0.865      -0.017       0.020
genre_Crime                 -0.0882      0.010     -8.587      0.000      -0.108      -0.068
genre_Drama                  0.0144      0.010      1.516      0.130      -0.004       0.033
genre_Family                 0.0669      0.015      4.591      0.000       0.038       0.095
genre_Fantasy                0.0058      0.013      0.460      0.645      -0.019       0.031
genre_History                0.0175      0.020      0.855      0.393      -0.023       0.058
genre_Horror                -0.0423      0.015     -2.910      0.004      -0.071      -0.014
genre_Music                  0.1155      0.019      6.031      0.000       0.078       0.153
genre_Musical                0.3285      0.043      7.595      0.000       0.244       0.413
genre_Mystery               -0.0573      0.013     -4.545      0.000      -0.082      -0.033
genre_News                -1.25e-18   5.97e-18     -0.209      0.834    -1.3e-17    1.05e-17
genre_Romance               -0.0092      0.010     -0.908      0.364      -0.029       0.011
genre_Sci_Fi                -0.0123      0.014     -0.904      0.366      -0.039       0.014
genre_Short               5.768e-18   3.75e-18      1.540      0.124   -1.58e-18    1.31e-17
genre_Sport                 -0.0388      0.021     -1.868      0.062      -0.080       0.002
genre_Thriller              -0.0755      0.011     -7.077      0.000      -0.096      -0.055
genre_War                    0.0045      0.029      0.153      0.879      -0.053       0.062
genre_Western               -0.0575      0.052     -1.115      0.265      -0.159       0.044
==============================================================================
Omnibus:                     1640.246   Durbin-Watson:                   2.010
Prob(Omnibus):                  0.000   Jarque-Bera (JB):            13072.092
Skew:                           1.745   Prob(JB):                         0.00
Kurtosis:                      11.125   Cond. No.                     1.02e+16
==============================================================================

Notes:
[1] Standard Errors assume that the covariance matrix of the errors is correctly specified.
[2] The smallest eigenvalue is 6.38e-27. This might indicate that there are
strong multicollinearity problems or that the design matrix is singular.