                            OLS Regression Results                            
==============================================================================
Dep. Variable:              sd_pooled   R-squared:                       0.561
Model:                            OLS   Adj. R-squared:                  0.554
Method:                 Least Squares   F-statistic:                     78.82
Date:                Tue, 31 Mar 2026   Prob (F-statistic):               0.00
Time:                        18:47:05   Log-Likelihood:                 528.98
No. Observations:                4012   AIC:                            -928.0
Df Residuals:                    3947   BIC:                            -518.7
Df Model:                          64                                         
Covariance Type:            nonrobust                                         
============================================================================================
                               coef    std err          t      P>|t|      [0.025      0.975]
--------------------------------------------------------------------------------------------
const                        3.3830      0.048     69.833      0.000       3.288       3.478
FLead                        0.0477      0.008      5.936      0.000       0.032       0.063
mean_pooled                 -0.2339      0.004    -53.047      0.000      -0.243      -0.225
kim_violence_gore            0.0118      0.003      4.621      0.000       0.007       0.017
kim_sex_nudity               0.0109      0.002      5.385      0.000       0.007       0.015
kim_language                -0.0136      0.002     -7.395      0.000      -0.017      -0.010
major                       -0.0393      0.008     -4.890      0.000      -0.055      -0.024
log_bom_opening_theaters     0.0055      0.002      3.117      0.002       0.002       0.009
genres_count                -0.0089      0.007     -1.316      0.188      -0.022       0.004
yr_1993                     -0.0096      0.034     -0.277      0.781      -0.077       0.058
yr_1994                     -0.0052      0.035     -0.148      0.882      -0.074       0.064
yr_1995                      0.0395      0.035      1.139      0.255      -0.029       0.108
yr_1996                      0.0040      0.034      0.118      0.906      -0.063       0.071
yr_1997                      0.0081      0.035      0.234      0.815      -0.060       0.076
yr_1998                      0.0543      0.033      1.623      0.105      -0.011       0.120
yr_1999                      0.0555      0.033      1.703      0.089      -0.008       0.119
yr_2000                     -0.0121      0.034     -0.359      0.720      -0.078       0.054
yr_2001                      0.0517      0.033      1.565      0.118      -0.013       0.116
yr_2002                      0.0129      0.032      0.398      0.690      -0.051       0.077
yr_2003                     -0.0039      0.033     -0.119      0.905      -0.068       0.060
yr_2004                      0.0592      0.032      1.823      0.068      -0.004       0.123
yr_2005                      0.0454      0.032      1.408      0.159      -0.018       0.109
yr_2006                      0.0932      0.032      2.911      0.004       0.030       0.156
yr_2007                      0.1074      0.032      3.371      0.001       0.045       0.170
yr_2008                      0.0498      0.032      1.551      0.121      -0.013       0.113
yr_2009                      0.0284      0.033      0.874      0.382      -0.035       0.092
yr_2010                      0.0218      0.032      0.674      0.500      -0.042       0.085
yr_2011                      0.0258      0.032      0.811      0.418      -0.037       0.088
yr_2012                      0.0105      0.032      0.331      0.740      -0.052       0.073
yr_2013                      0.0030      0.032      0.095      0.924      -0.059       0.065
yr_2014                      0.0345      0.032      1.071      0.284      -0.029       0.098
yr_2015                     -0.0358      0.032     -1.119      0.263      -0.099       0.027
yr_2016                     -0.0400      0.032     -1.242      0.214      -0.103       0.023
yr_2017                      0.0150      0.033      0.460      0.645      -0.049       0.079
yr_2018                      0.0087      0.033      0.266      0.790      -0.055       0.073
mo_2                         0.0086      0.019      0.444      0.657      -0.030       0.047
mo_3                        -0.0042      0.019     -0.227      0.820      -0.041       0.032
mo_4                         0.0007      0.019      0.039      0.969      -0.036       0.037
mo_5                        -0.0121      0.020     -0.615      0.539      -0.051       0.027
mo_6                        -0.0256      0.019     -1.315      0.189      -0.064       0.013
mo_7                        -0.0235      0.019     -1.240      0.215      -0.061       0.014
mo_8                        -0.0257      0.018     -1.406      0.160      -0.061       0.010
mo_9                        -0.0279      0.019     -1.503      0.133      -0.064       0.009
mo_10                       -0.0077      0.018     -0.424      0.671      -0.044       0.028
mo_11                       -0.0232      0.019     -1.235      0.217      -0.060       0.014
mo_12                       -0.0267      0.018     -1.472      0.141      -0.062       0.009
genre_Action                -0.0556      0.011     -5.235      0.000      -0.076      -0.035
genre_Adventure             -0.0050      0.011     -0.446      0.655      -0.027       0.017
genre_Animation             -0.0258      0.018     -1.434      0.152      -0.061       0.009
genre_Biography             -0.0918      0.014     -6.445      0.000      -0.120      -0.064
genre_Comedy                -0.0047      0.010     -0.489      0.625      -0.023       0.014
genre_Crime                 -0.0913      0.010     -8.928      0.000      -0.111      -0.071
genre_Drama                  0.0127      0.010      1.333      0.183      -0.006       0.031
genre_Family                 0.0720      0.015      4.941      0.000       0.043       0.101
genre_Fantasy                0.0051      0.013      0.405      0.685      -0.020       0.030
genre_History                0.0213      0.020      1.045      0.296      -0.019       0.061
genre_Horror                -0.0350      0.015     -2.398      0.017      -0.064      -0.006
genre_Music                  0.1091      0.019      5.706      0.000       0.072       0.147
genre_Musical                0.3222      0.043      7.456      0.000       0.237       0.407
genre_Mystery               -0.0590      0.013     -4.686      0.000      -0.084      -0.034
genre_News               -8.983e-18   2.98e-18     -3.013      0.003   -1.48e-17   -3.14e-18
genre_Romance               -0.0178      0.010     -1.724      0.085      -0.038       0.002
genre_Sci_Fi                -0.0139      0.014     -1.021      0.307      -0.040       0.013
genre_Short              -1.989e-18   4.29e-18     -0.464      0.643   -1.04e-17    6.42e-18
genre_Sport                 -0.0386      0.021     -1.861      0.063      -0.079       0.002
genre_Thriller              -0.0755      0.011     -7.091      0.000      -0.096      -0.055
genre_War                    0.0097      0.029      0.333      0.739      -0.048       0.067
genre_Western               -0.0472      0.052     -0.917      0.359      -0.148       0.054
==============================================================================
Omnibus:                     1654.702   Durbin-Watson:                   2.004
Prob(Omnibus):                  0.000   Jarque-Bera (JB):            13454.355
Skew:                           1.757   Prob(JB):                         0.00
Kurtosis:                      11.254   Cond. No.                     1.02e+16
==============================================================================

Notes:
[1] Standard Errors assume that the covariance matrix of the errors is correctly specified.
[2] The smallest eigenvalue is 6.38e-27. This might indicate that there are
strong multicollinearity problems or that the design matrix is singular.