                            OLS Regression Results                            
==============================================================================
Dep. Variable:              sd_pooled   R-squared:                       0.562
Model:                            OLS   Adj. R-squared:                  0.555
Method:                 Least Squares   F-statistic:                     79.13
Date:                Sun, 29 Mar 2026   Prob (F-statistic):               0.00
Time:                        15:19:35   Log-Likelihood:                 533.40
No. Observations:                4012   AIC:                            -936.8
Df Residuals:                    3947   BIC:                            -527.5
Df Model:                          64                                         
Covariance Type:            nonrobust                                         
============================================================================================
                               coef    std err          t      P>|t|      [0.025      0.975]
--------------------------------------------------------------------------------------------
const                        3.3801      0.048     69.886      0.000       3.285       3.475
FLead                        0.0475      0.008      5.901      0.000       0.032       0.063
mean_pooled                 -0.2329      0.004    -52.344      0.000      -0.242      -0.224
kim_violence_gore            0.0121      0.003      4.764      0.000       0.007       0.017
kim_sex_nudity               0.0116      0.002      5.715      0.000       0.008       0.016
kim_language                -0.0149      0.002     -7.969      0.000      -0.019      -0.011
major                       -0.0387      0.008     -4.869      0.000      -0.054      -0.023
log_bom_opening_theaters     0.0053      0.002      3.109      0.002       0.002       0.009
genres_count                -0.0091      0.007     -1.349      0.177      -0.022       0.004
yr_1993                     -0.0103      0.034     -0.299      0.765      -0.078       0.057
yr_1994                     -0.0064      0.035     -0.183      0.855      -0.075       0.063
yr_1995                      0.0402      0.035      1.158      0.247      -0.028       0.108
yr_1996                      0.0049      0.034      0.144      0.886      -0.062       0.072
yr_1997                      0.0091      0.035      0.263      0.793      -0.059       0.077
yr_1998                      0.0563      0.033      1.683      0.093      -0.009       0.122
yr_1999                      0.0573      0.033      1.759      0.079      -0.007       0.121
yr_2000                     -0.0111      0.034     -0.332      0.740      -0.077       0.055
yr_2001                      0.0523      0.033      1.583      0.113      -0.012       0.117
yr_2002                      0.0127      0.032      0.392      0.695      -0.051       0.076
yr_2003                     -0.0040      0.033     -0.122      0.903      -0.068       0.060
yr_2004                      0.0575      0.032      1.771      0.077      -0.006       0.121
yr_2005                      0.0443      0.032      1.378      0.168      -0.019       0.107
yr_2006                      0.0937      0.032      2.931      0.003       0.031       0.156
yr_2007                      0.1076      0.032      3.377      0.001       0.045       0.170
yr_2008                      0.0495      0.032      1.542      0.123      -0.013       0.112
yr_2009                      0.0287      0.032      0.883      0.377      -0.035       0.092
yr_2010                      0.0225      0.032      0.695      0.487      -0.041       0.086
yr_2011                      0.0253      0.032      0.796      0.426      -0.037       0.088
yr_2012                      0.0106      0.032      0.336      0.737      -0.051       0.073
yr_2013                      0.0033      0.032      0.103      0.918      -0.059       0.066
yr_2014                      0.0366      0.032      1.137      0.256      -0.027       0.100
yr_2015                     -0.0359      0.032     -1.122      0.262      -0.099       0.027
yr_2016                     -0.0372      0.032     -1.153      0.249      -0.100       0.026
yr_2017                      0.0171      0.033      0.527      0.599      -0.047       0.081
yr_2018                      0.0130      0.033      0.398      0.690      -0.051       0.077
mo_2                         0.0083      0.019      0.425      0.671      -0.030       0.046
mo_3                        -0.0045      0.019     -0.244      0.807      -0.041       0.032
mo_4                         0.0015      0.019      0.078      0.938      -0.035       0.038
mo_5                        -0.0137      0.020     -0.697      0.486      -0.052       0.025
mo_6                        -0.0266      0.019     -1.367      0.172      -0.065       0.012
mo_7                        -0.0238      0.019     -1.260      0.208      -0.061       0.013
mo_8                        -0.0251      0.018     -1.376      0.169      -0.061       0.011
mo_9                        -0.0282      0.019     -1.519      0.129      -0.065       0.008
mo_10                       -0.0073      0.018     -0.399      0.690      -0.043       0.028
mo_11                       -0.0243      0.019     -1.297      0.195      -0.061       0.012
mo_12                       -0.0291      0.018     -1.613      0.107      -0.064       0.006
genre_Action                -0.0553      0.011     -5.210      0.000      -0.076      -0.034
genre_Adventure             -0.0056      0.011     -0.501      0.617      -0.028       0.016
genre_Animation             -0.0270      0.018     -1.504      0.133      -0.062       0.008
genre_Biography             -0.0936      0.014     -6.597      0.000      -0.121      -0.066
genre_Comedy                -0.0031      0.010     -0.323      0.746      -0.022       0.016
genre_Crime                 -0.0888      0.010     -8.665      0.000      -0.109      -0.069
genre_Drama                  0.0112      0.009      1.190      0.234      -0.007       0.030
genre_Family                 0.0710      0.015      4.872      0.000       0.042       0.100
genre_Fantasy                0.0045      0.013      0.357      0.721      -0.020       0.029
genre_History                0.0168      0.020      0.822      0.411      -0.023       0.057
genre_Horror                -0.0346      0.015     -2.369      0.018      -0.063      -0.006
genre_Music                  0.1121      0.019      5.866      0.000       0.075       0.150
genre_Musical                0.3180      0.043      7.365      0.000       0.233       0.403
genre_Mystery               -0.0580      0.013     -4.608      0.000      -0.083      -0.033
genre_News                1.368e-17   4.29e-18      3.188      0.001    5.27e-18    2.21e-17
genre_Romance               -0.0186      0.010     -1.807      0.071      -0.039       0.002
genre_Sci_Fi                -0.0136      0.014     -1.003      0.316      -0.040       0.013
genre_Short                8.33e-18   3.07e-18      2.716      0.007    2.32e-18    1.43e-17
genre_Sport                 -0.0343      0.021     -1.658      0.097      -0.075       0.006
genre_Thriller              -0.0741      0.011     -6.959      0.000      -0.095      -0.053
genre_War                    0.0096      0.029      0.330      0.741      -0.048       0.067
genre_Western               -0.0459      0.051     -0.892      0.373      -0.147       0.055
==============================================================================
Omnibus:                     1655.518   Durbin-Watson:                   2.009
Prob(Omnibus):                  0.000   Jarque-Bera (JB):            13564.051
Skew:                           1.756   Prob(JB):                         0.00
Kurtosis:                      11.295   Cond. No.                     1.02e+16
==============================================================================

Notes:
[1] Standard Errors assume that the covariance matrix of the errors is correctly specified.
[2] The smallest eigenvalue is 6.38e-27. This might indicate that there are
strong multicollinearity problems or that the design matrix is singular.