                            OLS Regression Results                            
==============================================================================
Dep. Variable:              sd_pooled   R-squared:                       0.561
Model:                            OLS   Adj. R-squared:                  0.554
Method:                 Least Squares   F-statistic:                     78.91
Date:                Sun, 29 Mar 2026   Prob (F-statistic):               0.00
Time:                        15:19:06   Log-Likelihood:                 530.25
No. Observations:                4012   AIC:                            -930.5
Df Residuals:                    3947   BIC:                            -521.2
Df Model:                          64                                         
Covariance Type:            nonrobust                                         
============================================================================================
                               coef    std err          t      P>|t|      [0.025      0.975]
--------------------------------------------------------------------------------------------
const                        3.3989      0.049     70.043      0.000       3.304       3.494
FLead                        0.0467      0.008      5.800      0.000       0.031       0.062
mean_pooled                 -0.2343      0.004    -52.681      0.000      -0.243      -0.226
kim_violence_gore            0.0123      0.003      4.828      0.000       0.007       0.017
kim_sex_nudity               0.0113      0.002      5.578      0.000       0.007       0.015
kim_language                -0.0149      0.002     -7.973      0.000      -0.019      -0.011
major                       -0.0355      0.008     -4.432      0.000      -0.051      -0.020
log_bom_opening_theaters     0.0032      0.002      1.861      0.063      -0.000       0.007
genres_count                -0.0088      0.007     -1.301      0.193      -0.022       0.004
yr_1993                     -0.0064      0.034     -0.186      0.852      -0.074       0.061
yr_1994                     -0.0034      0.035     -0.096      0.924      -0.072       0.066
yr_1995                      0.0430      0.035      1.238      0.216      -0.025       0.111
yr_1996                      0.0075      0.034      0.220      0.826      -0.059       0.074
yr_1997                      0.0128      0.035      0.369      0.712      -0.055       0.081
yr_1998                      0.0584      0.033      1.744      0.081      -0.007       0.124
yr_1999                      0.0600      0.033      1.840      0.066      -0.004       0.124
yr_2000                     -0.0090      0.034     -0.266      0.790      -0.075       0.057
yr_2001                      0.0561      0.033      1.700      0.089      -0.009       0.121
yr_2002                      0.0148      0.032      0.456      0.648      -0.049       0.078
yr_2003                   7.255e-05      0.033      0.002      0.998      -0.064       0.064
yr_2004                      0.0614      0.032      1.893      0.058      -0.002       0.125
yr_2005                      0.0469      0.032      1.455      0.146      -0.016       0.110
yr_2006                      0.0956      0.032      2.988      0.003       0.033       0.158
yr_2007                      0.1113      0.032      3.492      0.000       0.049       0.174
yr_2008                      0.0526      0.032      1.638      0.102      -0.010       0.115
yr_2009                      0.0320      0.032      0.984      0.325      -0.032       0.096
yr_2010                      0.0261      0.032      0.806      0.420      -0.037       0.090
yr_2011                      0.0289      0.032      0.909      0.364      -0.033       0.091
yr_2012                      0.0132      0.032      0.418      0.676      -0.049       0.075
yr_2013                      0.0062      0.032      0.196      0.845      -0.056       0.069
yr_2014                      0.0383      0.032      1.190      0.234      -0.025       0.102
yr_2015                     -0.0324      0.032     -1.012      0.312      -0.095       0.030
yr_2016                     -0.0353      0.032     -1.095      0.274      -0.099       0.028
yr_2017                      0.0215      0.033      0.660      0.509      -0.042       0.085
yr_2018                      0.0149      0.033      0.456      0.648      -0.049       0.079
mo_2                         0.0086      0.019      0.444      0.657      -0.030       0.047
mo_3                        -0.0054      0.019     -0.292      0.770      -0.042       0.031
mo_4                         0.0007      0.019      0.035      0.972      -0.036       0.037
mo_5                        -0.0146      0.020     -0.738      0.460      -0.053       0.024
mo_6                        -0.0273      0.019     -1.403      0.161      -0.065       0.011
mo_7                        -0.0250      0.019     -1.323      0.186      -0.062       0.012
mo_8                        -0.0256      0.018     -1.406      0.160      -0.061       0.010
mo_9                        -0.0282      0.019     -1.519      0.129      -0.065       0.008
mo_10                       -0.0087      0.018     -0.475      0.635      -0.044       0.027
mo_11                       -0.0255      0.019     -1.358      0.174      -0.062       0.011
mo_12                       -0.0306      0.018     -1.693      0.090      -0.066       0.005
genre_Action                -0.0545      0.011     -5.136      0.000      -0.075      -0.034
genre_Adventure             -0.0059      0.011     -0.526      0.599      -0.028       0.016
genre_Animation             -0.0274      0.018     -1.523      0.128      -0.063       0.008
genre_Biography             -0.0948      0.014     -6.676      0.000      -0.123      -0.067
genre_Comedy                -0.0032      0.010     -0.338      0.736      -0.022       0.015
genre_Crime                 -0.0891      0.010     -8.686      0.000      -0.109      -0.069
genre_Drama                  0.0103      0.009      1.097      0.273      -0.008       0.029
genre_Family                 0.0720      0.015      4.939      0.000       0.043       0.101
genre_Fantasy                0.0046      0.013      0.365      0.715      -0.020       0.029
genre_History                0.0178      0.020      0.873      0.383      -0.022       0.058
genre_Horror                -0.0335      0.015     -2.293      0.022      -0.062      -0.005
genre_Music                  0.1121      0.019      5.859      0.000       0.075       0.150
genre_Musical                0.3201      0.043      7.408      0.000       0.235       0.405
genre_Mystery               -0.0591      0.013     -4.697      0.000      -0.084      -0.034
genre_News                5.671e-18   8.59e-18      0.660      0.509   -1.12e-17    2.25e-17
genre_Romance               -0.0186      0.010     -1.799      0.072      -0.039       0.002
genre_Sci_Fi                -0.0129      0.014     -0.949      0.342      -0.039       0.014
genre_Short              -2.495e-18   1.62e-18     -1.536      0.125   -5.68e-18     6.9e-19
genre_Sport                 -0.0346      0.021     -1.673      0.094      -0.075       0.006
genre_Thriller              -0.0737      0.011     -6.921      0.000      -0.095      -0.053
genre_War                    0.0072      0.029      0.247      0.805      -0.050       0.064
genre_Western               -0.0457      0.051     -0.887      0.375      -0.147       0.055
==============================================================================
Omnibus:                     1665.500   Durbin-Watson:                   2.008
Prob(Omnibus):                  0.000   Jarque-Bera (JB):            13742.626
Skew:                           1.766   Prob(JB):                         0.00
Kurtosis:                      11.351   Cond. No.                     1.02e+16
==============================================================================

Notes:
[1] Standard Errors assume that the covariance matrix of the errors is correctly specified.
[2] The smallest eigenvalue is 6.37e-27. This might indicate that there are
strong multicollinearity problems or that the design matrix is singular.