                            OLS Regression Results                            
==============================================================================
Dep. Variable:              sd_pooled   R-squared:                       0.562
Model:                            OLS   Adj. R-squared:                  0.555
Method:                 Least Squares   F-statistic:                     79.09
Date:                Tue, 31 Mar 2026   Prob (F-statistic):               0.00
Time:                        21:34:11   Log-Likelihood:                 532.80
No. Observations:                4012   AIC:                            -935.6
Df Residuals:                    3947   BIC:                            -526.3
Df Model:                          64                                         
Covariance Type:            nonrobust                                         
============================================================================================
                               coef    std err          t      P>|t|      [0.025      0.975]
--------------------------------------------------------------------------------------------
const                        3.3827      0.048     69.868      0.000       3.288       3.478
FLead                        0.0468      0.008      5.828      0.000       0.031       0.063
mean_pooled                 -0.2336      0.004    -52.910      0.000      -0.242      -0.225
kim_violence_gore            0.0122      0.003      4.808      0.000       0.007       0.017
kim_sex_nudity               0.0115      0.002      5.665      0.000       0.008       0.015
kim_language                -0.0150      0.002     -7.994      0.000      -0.019      -0.011
major                       -0.0389      0.008     -4.838      0.000      -0.055      -0.023
log_bom_opening_theaters     0.0051      0.002      2.916      0.004       0.002       0.008
genres_count                -0.0095      0.007     -1.399      0.162      -0.023       0.004
yr_1993                     -0.0061      0.034     -0.176      0.860      -0.074       0.061
yr_1994                     -0.0031      0.035     -0.088      0.930      -0.072       0.066
yr_1995                      0.0436      0.035      1.257      0.209      -0.024       0.112
yr_1996                      0.0092      0.034      0.269      0.788      -0.058       0.076
yr_1997                      0.0132      0.035      0.380      0.704      -0.055       0.081
yr_1998                      0.0593      0.033      1.772      0.077      -0.006       0.125
yr_1999                      0.0607      0.033      1.862      0.063      -0.003       0.125
yr_2000                     -0.0088      0.034     -0.263      0.793      -0.075       0.057
yr_2001                      0.0564      0.033      1.708      0.088      -0.008       0.121
yr_2002                      0.0163      0.032      0.501      0.616      -0.047       0.080
yr_2003                      0.0001      0.033      0.004      0.996      -0.064       0.064
yr_2004                      0.0616      0.032      1.898      0.058      -0.002       0.125
yr_2005                      0.0482      0.032      1.498      0.134      -0.015       0.111
yr_2006                      0.0965      0.032      3.018      0.003       0.034       0.159
yr_2007                      0.1107      0.032      3.478      0.001       0.048       0.173
yr_2008                      0.0524      0.032      1.635      0.102      -0.010       0.115
yr_2009                      0.0318      0.032      0.978      0.328      -0.032       0.095
yr_2010                      0.0275      0.032      0.849      0.396      -0.036       0.091
yr_2011                      0.0301      0.032      0.945      0.344      -0.032       0.092
yr_2012                      0.0147      0.032      0.463      0.643      -0.047       0.077
yr_2013                      0.0073      0.032      0.228      0.819      -0.055       0.070
yr_2014                      0.0398      0.032      1.237      0.216      -0.023       0.103
yr_2015                     -0.0310      0.032     -0.969      0.332      -0.094       0.032
yr_2016                     -0.0354      0.032     -1.098      0.272      -0.099       0.028
yr_2017                      0.0220      0.033      0.676      0.499      -0.042       0.086
yr_2018                      0.0152      0.033      0.466      0.641      -0.049       0.079
mo_2                         0.0076      0.019      0.389      0.697      -0.031       0.046
mo_3                        -0.0046      0.019     -0.248      0.804      -0.041       0.032
mo_4                         0.0006      0.019      0.033      0.974      -0.036       0.037
mo_5                        -0.0128      0.020     -0.649      0.516      -0.051       0.026
mo_6                        -0.0256      0.019     -1.318      0.188      -0.064       0.013
mo_7                        -0.0235      0.019     -1.241      0.215      -0.061       0.014
mo_8                        -0.0253      0.018     -1.386      0.166      -0.061       0.010
mo_9                        -0.0280      0.019     -1.507      0.132      -0.064       0.008
mo_10                       -0.0072      0.018     -0.394      0.694      -0.043       0.029
mo_11                       -0.0244      0.019     -1.301      0.193      -0.061       0.012
mo_12                       -0.0272      0.018     -1.504      0.133      -0.063       0.008
genre_Action                -0.0551      0.011     -5.195      0.000      -0.076      -0.034
genre_Adventure             -0.0056      0.011     -0.498      0.618      -0.028       0.016
genre_Animation             -0.0281      0.018     -1.566      0.117      -0.063       0.007
genre_Biography             -0.0926      0.014     -6.512      0.000      -0.121      -0.065
genre_Comedy                -0.0031      0.010     -0.329      0.742      -0.022       0.016
genre_Crime                 -0.0890      0.010     -8.686      0.000      -0.109      -0.069
genre_Drama                  0.0134      0.010      1.404      0.160      -0.005       0.032
genre_Family                 0.0713      0.015      4.894      0.000       0.043       0.100
genre_Fantasy                0.0036      0.013      0.288      0.774      -0.021       0.028
genre_History                0.0177      0.020      0.867      0.386      -0.022       0.058
genre_Horror                -0.0338      0.015     -2.315      0.021      -0.062      -0.005
genre_Music                  0.1114      0.019      5.824      0.000       0.074       0.149
genre_Musical                0.3202      0.043      7.414      0.000       0.236       0.405
genre_Mystery               -0.0585      0.013     -4.654      0.000      -0.083      -0.034
genre_News                 4.68e-18   7.62e-18      0.614      0.539   -1.03e-17    1.96e-17
genre_Romance               -0.0185      0.010     -1.797      0.072      -0.039       0.002
genre_Sci_Fi                -0.0127      0.014     -0.936      0.349      -0.039       0.014
genre_Short              -2.022e-18    1.1e-18     -1.830      0.067   -4.19e-18    1.44e-19
genre_Sport                 -0.0370      0.021     -1.785      0.074      -0.078       0.004
genre_Thriller              -0.0741      0.011     -6.957      0.000      -0.095      -0.053
genre_War                    0.0090      0.029      0.309      0.757      -0.048       0.066
genre_Western               -0.0478      0.051     -0.929      0.353      -0.149       0.053
==============================================================================
Omnibus:                     1647.484   Durbin-Watson:                   2.007
Prob(Omnibus):                  0.000   Jarque-Bera (JB):            13353.834
Skew:                           1.749   Prob(JB):                         0.00
Kurtosis:                      11.225   Cond. No.                     1.02e+16
==============================================================================

Notes:
[1] Standard Errors assume that the covariance matrix of the errors is correctly specified.
[2] The smallest eigenvalue is 6.36e-27. This might indicate that there are
strong multicollinearity problems or that the design matrix is singular.