                            OLS Regression Results                            
==============================================================================
Dep. Variable:              sd_pooled   R-squared:                       0.560
Model:                            OLS   Adj. R-squared:                  0.553
Method:                 Least Squares   F-statistic:                     78.38
Date:                Tue, 31 Mar 2026   Prob (F-statistic):               0.00
Time:                        21:41:15   Log-Likelihood:                 522.73
No. Observations:                4012   AIC:                            -915.5
Df Residuals:                    3947   BIC:                            -506.1
Df Model:                          64                                         
Covariance Type:            nonrobust                                         
============================================================================================
                               coef    std err          t      P>|t|      [0.025      0.975]
--------------------------------------------------------------------------------------------
const                        3.3861      0.049     69.476      0.000       3.291       3.482
FLead                        0.0445      0.008      5.531      0.000       0.029       0.060
mean_pooled                 -0.2320      0.004    -52.665      0.000      -0.241      -0.223
kim_violence_gore            0.0031      0.003      1.221      0.222      -0.002       0.008
kim_sex_nudity               0.0132      0.002      6.598      0.000       0.009       0.017
kim_language                -0.0133      0.002     -7.173      0.000      -0.017      -0.010
major                       -0.0410      0.008     -5.098      0.000      -0.057      -0.025
log_bom_opening_theaters     0.0062      0.002      3.503      0.000       0.003       0.010
genres_count                -0.0054      0.007     -0.796      0.426      -0.019       0.008
yr_1993                      0.0004      0.035      0.012      0.990      -0.067       0.068
yr_1994                      0.0014      0.035      0.040      0.968      -0.068       0.071
yr_1995                      0.0495      0.035      1.423      0.155      -0.019       0.118
yr_1996                      0.0140      0.034      0.412      0.681      -0.053       0.081
yr_1997                      0.0196      0.035      0.564      0.573      -0.049       0.088
yr_1998                      0.0624      0.034      1.861      0.063      -0.003       0.128
yr_1999                      0.0672      0.033      2.058      0.040       0.003       0.131
yr_2000                     -0.0038      0.034     -0.112      0.911      -0.070       0.062
yr_2001                      0.0655      0.033      1.983      0.047       0.001       0.130
yr_2002                      0.0218      0.033      0.671      0.502      -0.042       0.086
yr_2003                      0.0065      0.033      0.200      0.842      -0.058       0.071
yr_2004                      0.0697      0.032      2.145      0.032       0.006       0.133
yr_2005                      0.0569      0.032      1.765      0.078      -0.006       0.120
yr_2006                      0.1073      0.032      3.351      0.001       0.045       0.170
yr_2007                      0.1206      0.032      3.781      0.000       0.058       0.183
yr_2008                      0.0609      0.032      1.896      0.058      -0.002       0.124
yr_2009                      0.0410      0.033      1.262      0.207      -0.023       0.105
yr_2010                      0.0364      0.032      1.124      0.261      -0.027       0.100
yr_2011                      0.0379      0.032      1.187      0.235      -0.025       0.100
yr_2012                      0.0230      0.032      0.723      0.470      -0.039       0.085
yr_2013                      0.0147      0.032      0.460      0.646      -0.048       0.077
yr_2014                      0.0444      0.032      1.373      0.170      -0.019       0.108
yr_2015                     -0.0282      0.032     -0.878      0.380      -0.091       0.035
yr_2016                     -0.0300      0.032     -0.927      0.354      -0.093       0.033
yr_2017                      0.0250      0.033      0.767      0.443      -0.039       0.089
yr_2018                      0.0205      0.033      0.626      0.532      -0.044       0.085
mo_2                         0.0076      0.020      0.387      0.699      -0.031       0.046
mo_3                        -0.0044      0.019     -0.239      0.811      -0.041       0.032
mo_4                         0.0017      0.019      0.092      0.927      -0.035       0.039
mo_5                        -0.0128      0.020     -0.650      0.516      -0.052       0.026
mo_6                        -0.0264      0.020     -1.354      0.176      -0.065       0.012
mo_7                        -0.0245      0.019     -1.292      0.196      -0.062       0.013
mo_8                        -0.0262      0.018     -1.431      0.153      -0.062       0.010
mo_9                        -0.0290      0.019     -1.560      0.119      -0.065       0.007
mo_10                       -0.0059      0.018     -0.324      0.746      -0.042       0.030
mo_11                       -0.0241      0.019     -1.280      0.201      -0.061       0.013
mo_12                       -0.0252      0.018     -1.388      0.165      -0.061       0.010
genre_Action                -0.0465      0.011     -4.417      0.000      -0.067      -0.026
genre_Adventure             -0.0053      0.011     -0.472      0.637      -0.027       0.017
genre_Animation             -0.0343      0.018     -1.908      0.056      -0.070       0.001
genre_Biography             -0.0957      0.014     -6.710      0.000      -0.124      -0.068
genre_Comedy                -0.0162      0.009     -1.743      0.081      -0.034       0.002
genre_Crime                 -0.0844      0.010     -8.226      0.000      -0.104      -0.064
genre_Drama                  0.0086      0.009      0.911      0.362      -0.010       0.027
genre_Family                 0.0656      0.015      4.488      0.000       0.037       0.094
genre_Fantasy                0.0053      0.013      0.421      0.674      -0.020       0.030
genre_History                0.0230      0.020      1.126      0.260      -0.017       0.063
genre_Horror                -0.0131      0.014     -0.934      0.350      -0.041       0.014
genre_Music                  0.1003      0.019      5.259      0.000       0.063       0.138
genre_Musical                0.3126      0.043      7.221      0.000       0.228       0.398
genre_Mystery               -0.0603      0.013     -4.777      0.000      -0.085      -0.036
genre_News               -3.062e-18    4.3e-18     -0.712      0.477   -1.15e-17    5.37e-18
genre_Romance               -0.0296      0.010     -2.908      0.004      -0.050      -0.010
genre_Sci_Fi                -0.0120      0.014     -0.881      0.378      -0.039       0.015
genre_Short              -7.367e-19   5.44e-18     -0.136      0.892   -1.14e-17    9.92e-18
genre_Sport                 -0.0427      0.021     -2.060      0.039      -0.083      -0.002
genre_Thriller              -0.0728      0.011     -6.821      0.000      -0.094      -0.052
genre_War                    0.0253      0.029      0.868      0.385      -0.032       0.083
genre_Western               -0.0334      0.052     -0.648      0.517      -0.134       0.068
==============================================================================
Omnibus:                     1657.738   Durbin-Watson:                   2.004
Prob(Omnibus):                  0.000   Jarque-Bera (JB):            13592.844
Skew:                           1.758   Prob(JB):                         0.00
Kurtosis:                      11.303   Cond. No.                     1.02e+16
==============================================================================

Notes:
[1] Standard Errors assume that the covariance matrix of the errors is correctly specified.
[2] The smallest eigenvalue is 6.26e-27. This might indicate that there are
strong multicollinearity problems or that the design matrix is singular.