                            OLS Regression Results                            
==============================================================================
Dep. Variable:              sd_pooled   R-squared:                       0.562
Model:                            OLS   Adj. R-squared:                  0.555
Method:                 Least Squares   F-statistic:                     79.02
Date:                Tue, 31 Mar 2026   Prob (F-statistic):               0.00
Time:                        19:22:39   Log-Likelihood:                 531.89
No. Observations:                4012   AIC:                            -933.8
Df Residuals:                    3947   BIC:                            -524.5
Df Model:                          64                                         
Covariance Type:            nonrobust                                         
============================================================================================
                               coef    std err          t      P>|t|      [0.025      0.975]
--------------------------------------------------------------------------------------------
const                        3.3774      0.049     69.634      0.000       3.282       3.473
FLead                        0.0476      0.008      5.925      0.000       0.032       0.063
mean_pooled                 -0.2343      0.004    -53.287      0.000      -0.243      -0.226
kim_violence_gore            0.0126      0.003      4.983      0.000       0.008       0.018
kim_sex_nudity               0.0113      0.002      5.384      0.000       0.007       0.015
kim_language                -0.0142      0.002     -7.714      0.000      -0.018      -0.011
major                       -0.0397      0.008     -4.934      0.000      -0.055      -0.024
log_bom_opening_theaters     0.0053      0.002      3.013      0.003       0.002       0.009
genres_count                -0.0099      0.007     -1.459      0.145      -0.023       0.003
yr_1993                     -0.0043      0.034     -0.124      0.902      -0.072       0.063
yr_1994                     -0.0023      0.035     -0.065      0.948      -0.071       0.067
yr_1995                      0.0452      0.035      1.303      0.193      -0.023       0.113
yr_1996                      0.0068      0.034      0.198      0.843      -0.060       0.073
yr_1997                      0.0103      0.035      0.297      0.767      -0.058       0.078
yr_1998                      0.0607      0.033      1.815      0.070      -0.005       0.126
yr_1999                      0.0614      0.033      1.885      0.060      -0.002       0.125
yr_2000                     -0.0069      0.034     -0.205      0.837      -0.073       0.059
yr_2001                      0.0579      0.033      1.754      0.079      -0.007       0.123
yr_2002                      0.0178      0.032      0.550      0.583      -0.046       0.081
yr_2003                      0.0030      0.033      0.090      0.928      -0.061       0.067
yr_2004                      0.0648      0.032      1.998      0.046       0.001       0.128
yr_2005                      0.0503      0.032      1.565      0.118      -0.013       0.113
yr_2006                      0.1007      0.032      3.151      0.002       0.038       0.163
yr_2007                      0.1135      0.032      3.568      0.000       0.051       0.176
yr_2008                      0.0550      0.032      1.717      0.086      -0.008       0.118
yr_2009                      0.0350      0.032      1.079      0.281      -0.029       0.099
yr_2010                      0.0289      0.032      0.892      0.373      -0.035       0.092
yr_2011                      0.0331      0.032      1.040      0.298      -0.029       0.095
yr_2012                      0.0183      0.032      0.578      0.563      -0.044       0.080
yr_2013                      0.0104      0.032      0.326      0.745      -0.052       0.073
yr_2014                      0.0411      0.032      1.277      0.202      -0.022       0.104
yr_2015                     -0.0286      0.032     -0.895      0.371      -0.091       0.034
yr_2016                     -0.0349      0.032     -1.082      0.279      -0.098       0.028
yr_2017                      0.0219      0.033      0.672      0.501      -0.042       0.086
yr_2018                      0.0158      0.033      0.484      0.628      -0.048       0.080
mo_2                         0.0092      0.019      0.471      0.637      -0.029       0.047
mo_3                        -0.0028      0.019     -0.153      0.878      -0.039       0.033
mo_4                         0.0008      0.019      0.040      0.968      -0.036       0.037
mo_5                        -0.0108      0.020     -0.547      0.584      -0.049       0.028
mo_6                        -0.0251      0.019     -1.289      0.198      -0.063       0.013
mo_7                        -0.0257      0.019     -1.359      0.174      -0.063       0.011
mo_8                        -0.0247      0.018     -1.355      0.175      -0.060       0.011
mo_9                        -0.0267      0.019     -1.441      0.150      -0.063       0.010
mo_10                       -0.0067      0.018     -0.368      0.713      -0.042       0.029
mo_11                       -0.0232      0.019     -1.239      0.216      -0.060       0.014
mo_12                       -0.0259      0.018     -1.427      0.154      -0.061       0.010
genre_Action                -0.0567      0.011     -5.353      0.000      -0.077      -0.036
genre_Adventure             -0.0073      0.011     -0.646      0.518      -0.029       0.015
genre_Animation             -0.0290      0.018     -1.615      0.106      -0.064       0.006
genre_Biography             -0.0902      0.014     -6.340      0.000      -0.118      -0.062
genre_Comedy                -0.0023      0.010     -0.240      0.811      -0.021       0.016
genre_Crime                 -0.0890      0.010     -8.687      0.000      -0.109      -0.069
genre_Drama                  0.0141      0.010      1.484      0.138      -0.005       0.033
genre_Family                 0.0685      0.015      4.714      0.000       0.040       0.097
genre_Fantasy                0.0051      0.013      0.401      0.689      -0.020       0.030
genre_History                0.0167      0.020      0.819      0.413      -0.023       0.057
genre_Horror                -0.0357      0.015     -2.447      0.014      -0.064      -0.007
genre_Music                  0.1121      0.019      5.860      0.000       0.075       0.150
genre_Musical                0.3240      0.043      7.504      0.000       0.239       0.409
genre_Mystery               -0.0585      0.013     -4.650      0.000      -0.083      -0.034
genre_News                1.354e-18   3.75e-18      0.361      0.718   -6.01e-18    8.72e-18
genre_Romance               -0.0158      0.010     -1.550      0.121      -0.036       0.004
genre_Sci_Fi                -0.0124      0.014     -0.914      0.361      -0.039       0.014
genre_Short              -2.357e-18   2.06e-18     -1.145      0.252   -6.39e-18    1.68e-18
genre_Sport                 -0.0392      0.021     -1.894      0.058      -0.080       0.001
genre_Thriller              -0.0748      0.011     -7.024      0.000      -0.096      -0.054
genre_War                    0.0081      0.029      0.277      0.782      -0.049       0.065
genre_Western               -0.0475      0.051     -0.922      0.357      -0.148       0.053
==============================================================================
Omnibus:                     1646.715   Durbin-Watson:                   2.003
Prob(Omnibus):                  0.000   Jarque-Bera (JB):            13319.835
Skew:                           1.749   Prob(JB):                         0.00
Kurtosis:                      11.213   Cond. No.                     1.02e+16
==============================================================================

Notes:
[1] Standard Errors assume that the covariance matrix of the errors is correctly specified.
[2] The smallest eigenvalue is 6.41e-27. This might indicate that there are
strong multicollinearity problems or that the design matrix is singular.