                            OLS Regression Results                            
==============================================================================
Dep. Variable:              sd_pooled   R-squared:                       0.559
Model:                            OLS   Adj. R-squared:                  0.552
Method:                 Least Squares   F-statistic:                     78.29
Date:                Sun, 29 Mar 2026   Prob (F-statistic):               0.00
Time:                        16:05:37   Log-Likelihood:                 521.45
No. Observations:                4012   AIC:                            -912.9
Df Residuals:                    3947   BIC:                            -503.6
Df Model:                          64                                         
Covariance Type:            nonrobust                                         
============================================================================================
                               coef    std err          t      P>|t|      [0.025      0.975]
--------------------------------------------------------------------------------------------
const                        3.4055      0.049     69.820      0.000       3.310       3.501
FLead                        0.0524      0.008      6.535      0.000       0.037       0.068
mean_pooled                 -0.2367      0.004    -53.842      0.000      -0.245      -0.228
kim_violence_gore            0.0094      0.003      3.740      0.000       0.004       0.014
kim_sex_nudity               0.0096      0.002      4.819      0.000       0.006       0.014
kim_language                -0.0145      0.002     -6.300      0.000      -0.019      -0.010
major                       -0.0367      0.008     -4.559      0.000      -0.053      -0.021
log_bom_opening_theaters     0.0056      0.002      3.146      0.002       0.002       0.009
genres_count                -0.0069      0.007     -1.016      0.310      -0.020       0.006
yr_1993                     -0.0052      0.035     -0.152      0.879      -0.073       0.062
yr_1994                   2.219e-05      0.035      0.001      0.999      -0.069       0.069
yr_1995                      0.0378      0.035      1.088      0.277      -0.030       0.106
yr_1996                      0.0036      0.034      0.104      0.917      -0.063       0.070
yr_1997                      0.0039      0.035      0.111      0.912      -0.064       0.072
yr_1998                      0.0528      0.034      1.576      0.115      -0.013       0.119
yr_1999                      0.0548      0.033      1.677      0.094      -0.009       0.119
yr_2000                     -0.0137      0.034     -0.408      0.683      -0.080       0.052
yr_2001                      0.0565      0.033      1.706      0.088      -0.008       0.121
yr_2002                      0.0136      0.033      0.417      0.677      -0.050       0.077
yr_2003                      0.0010      0.033      0.031      0.975      -0.063       0.065
yr_2004                      0.0647      0.033      1.988      0.047       0.001       0.128
yr_2005                      0.0511      0.032      1.582      0.114      -0.012       0.114
yr_2006                      0.0996      0.032      3.105      0.002       0.037       0.162
yr_2007                      0.1135      0.032      3.552      0.000       0.051       0.176
yr_2008                      0.0522      0.032      1.622      0.105      -0.011       0.115
yr_2009                      0.0315      0.033      0.966      0.334      -0.032       0.095
yr_2010                      0.0268      0.032      0.826      0.409      -0.037       0.091
yr_2011                      0.0303      0.032      0.950      0.342      -0.032       0.093
yr_2012                      0.0113      0.032      0.355      0.723      -0.051       0.073
yr_2013                      0.0018      0.032      0.055      0.956      -0.061       0.064
yr_2014                      0.0349      0.032      1.081      0.280      -0.028       0.098
yr_2015                     -0.0400      0.032     -1.249      0.212      -0.103       0.023
yr_2016                     -0.0450      0.032     -1.395      0.163      -0.108       0.018
yr_2017                      0.0108      0.033      0.331      0.741      -0.053       0.075
yr_2018                      0.0029      0.033      0.089      0.929      -0.061       0.067
mo_2                         0.0092      0.020      0.473      0.636      -0.029       0.047
mo_3                        -0.0054      0.019     -0.292      0.770      -0.042       0.031
mo_4                         0.0009      0.019      0.048      0.962      -0.036       0.038
mo_5                        -0.0099      0.020     -0.502      0.616      -0.049       0.029
mo_6                        -0.0251      0.020     -1.288      0.198      -0.063       0.013
mo_7                        -0.0222      0.019     -1.170      0.242      -0.059       0.015
mo_8                        -0.0264      0.018     -1.446      0.148      -0.062       0.009
mo_9                        -0.0287      0.019     -1.544      0.123      -0.065       0.008
mo_10                       -0.0077      0.018     -0.424      0.672      -0.044       0.028
mo_11                       -0.0216      0.019     -1.148      0.251      -0.058       0.015
mo_12                       -0.0250      0.018     -1.377      0.169      -0.061       0.011
genre_Action                -0.0540      0.011     -5.075      0.000      -0.075      -0.033
genre_Adventure             -0.0029      0.011     -0.259      0.796      -0.025       0.019
genre_Animation             -0.0259      0.018     -1.436      0.151      -0.061       0.009
genre_Biography             -0.0938      0.014     -6.576      0.000      -0.122      -0.066
genre_Comedy                -0.0116      0.009     -1.230      0.219      -0.030       0.007
genre_Crime                 -0.0992      0.010     -9.803      0.000      -0.119      -0.079
genre_Drama                  0.0105      0.010      1.107      0.268      -0.008       0.029
genre_Family                 0.0693      0.015      4.715      0.000       0.040       0.098
genre_Fantasy                0.0081      0.013      0.642      0.521      -0.017       0.033
genre_History                0.0284      0.020      1.392      0.164      -0.012       0.068
genre_Horror                -0.0328      0.015     -2.239      0.025      -0.062      -0.004
genre_Music                  0.1065      0.019      5.563      0.000       0.069       0.144
genre_Musical                0.3249      0.043      7.504      0.000       0.240       0.410
genre_Mystery               -0.0582      0.013     -4.615      0.000      -0.083      -0.033
genre_News                8.473e-18   4.25e-18      1.992      0.046    1.34e-19    1.68e-17
genre_Romance               -0.0163      0.010     -1.577      0.115      -0.037       0.004
genre_Sci_Fi                -0.0119      0.014     -0.871      0.384      -0.039       0.015
genre_Short              -5.991e-19   1.33e-18     -0.450      0.653   -3.21e-18    2.01e-18
genre_Sport                 -0.0383      0.021     -1.843      0.065      -0.079       0.002
genre_Thriller              -0.0766      0.011     -7.182      0.000      -0.098      -0.056
genre_War                    0.0058      0.029      0.199      0.842      -0.051       0.063
genre_Western               -0.0388      0.052     -0.752      0.452      -0.140       0.062
==============================================================================
Omnibus:                     1682.099   Durbin-Watson:                   2.005
Prob(Omnibus):                  0.000   Jarque-Bera (JB):            14115.395
Skew:                           1.782   Prob(JB):                         0.00
Kurtosis:                      11.470   Cond. No.                     1.02e+16
==============================================================================

Notes:
[1] Standard Errors assume that the covariance matrix of the errors is correctly specified.
[2] The smallest eigenvalue is 6.09e-27. This might indicate that there are
strong multicollinearity problems or that the design matrix is singular.