                            OLS Regression Results                            
==============================================================================
Dep. Variable:              sd_pooled   R-squared:                       0.560
Model:                            OLS   Adj. R-squared:                  0.553
Method:                 Least Squares   F-statistic:                     78.62
Date:                Sun, 29 Mar 2026   Prob (F-statistic):               0.00
Time:                        16:05:16   Log-Likelihood:                 526.17
No. Observations:                4012   AIC:                            -922.3
Df Residuals:                    3947   BIC:                            -513.0
Df Model:                          64                                         
Covariance Type:            nonrobust                                         
============================================================================================
                               coef    std err          t      P>|t|      [0.025      0.975]
--------------------------------------------------------------------------------------------
const                        3.4060      0.049     69.972      0.000       3.311       3.501
FLead                        0.0515      0.008      6.429      0.000       0.036       0.067
mean_pooled                 -0.2360      0.004    -53.720      0.000      -0.245      -0.227
kim_violence_gore            0.0095      0.003      3.805      0.000       0.005       0.014
kim_sex_nudity               0.0097      0.002      4.907      0.000       0.006       0.014
kim_language                -0.0166      0.002     -7.006      0.000      -0.021      -0.012
major                       -0.0365      0.008     -4.532      0.000      -0.052      -0.021
log_bom_opening_theaters     0.0053      0.002      2.968      0.003       0.002       0.009
genres_count                -0.0064      0.007     -0.954      0.340      -0.020       0.007
yr_1993                     -0.0021      0.035     -0.062      0.950      -0.070       0.066
yr_1994                      0.0013      0.035      0.037      0.970      -0.068       0.070
yr_1995                      0.0400      0.035      1.151      0.250      -0.028       0.108
yr_1996                      0.0059      0.034      0.172      0.864      -0.061       0.073
yr_1997                      0.0091      0.035      0.261      0.794      -0.059       0.077
yr_1998                      0.0557      0.033      1.663      0.096      -0.010       0.121
yr_1999                      0.0553      0.033      1.696      0.090      -0.009       0.119
yr_2000                     -0.0109      0.034     -0.325      0.745      -0.077       0.055
yr_2001                      0.0561      0.033      1.696      0.090      -0.009       0.121
yr_2002                      0.0165      0.033      0.509      0.611      -0.047       0.080
yr_2003                      0.0033      0.033      0.102      0.919      -0.061       0.068
yr_2004                      0.0673      0.033      2.071      0.038       0.004       0.131
yr_2005                      0.0537      0.032      1.664      0.096      -0.010       0.117
yr_2006                      0.1027      0.032      3.206      0.001       0.040       0.166
yr_2007                      0.1159      0.032      3.631      0.000       0.053       0.178
yr_2008                      0.0552      0.032      1.718      0.086      -0.008       0.118
yr_2009                      0.0371      0.033      1.139      0.255      -0.027       0.101
yr_2010                      0.0314      0.032      0.968      0.333      -0.032       0.095
yr_2011                      0.0316      0.032      0.992      0.321      -0.031       0.094
yr_2012                      0.0131      0.032      0.412      0.681      -0.049       0.075
yr_2013                      0.0075      0.032      0.234      0.815      -0.055       0.070
yr_2014                      0.0337      0.032      1.044      0.297      -0.030       0.097
yr_2015                     -0.0377      0.032     -1.179      0.238      -0.100       0.025
yr_2016                     -0.0422      0.032     -1.308      0.191      -0.105       0.021
yr_2017                      0.0134      0.033      0.412      0.680      -0.050       0.077
yr_2018                      0.0080      0.033      0.244      0.808      -0.056       0.072
mo_2                         0.0096      0.019      0.491      0.623      -0.029       0.048
mo_3                        -0.0057      0.019     -0.310      0.757      -0.042       0.031
mo_4                         0.0015      0.019      0.078      0.938      -0.035       0.038
mo_5                        -0.0114      0.020     -0.577      0.564      -0.050       0.027
mo_6                        -0.0265      0.019     -1.362      0.173      -0.065       0.012
mo_7                        -0.0255      0.019     -1.345      0.179      -0.063       0.012
mo_8                        -0.0260      0.018     -1.423      0.155      -0.062       0.010
mo_9                        -0.0287      0.019     -1.542      0.123      -0.065       0.008
mo_10                       -0.0093      0.018     -0.510      0.610      -0.045       0.026
mo_11                       -0.0230      0.019     -1.226      0.220      -0.060       0.014
mo_12                       -0.0273      0.018     -1.504      0.133      -0.063       0.008
genre_Action                -0.0541      0.011     -5.089      0.000      -0.075      -0.033
genre_Adventure             -0.0041      0.011     -0.366      0.715      -0.026       0.018
genre_Animation             -0.0291      0.018     -1.611      0.107      -0.064       0.006
genre_Biography             -0.0942      0.014     -6.613      0.000      -0.122      -0.066
genre_Comedy                -0.0096      0.009     -1.014      0.311      -0.028       0.009
genre_Crime                 -0.1001      0.010     -9.923      0.000      -0.120      -0.080
genre_Drama                  0.0121      0.010      1.272      0.204      -0.007       0.031
genre_Family                 0.0661      0.015      4.491      0.000       0.037       0.095
genre_Fantasy                0.0084      0.013      0.666      0.506      -0.016       0.033
genre_History                0.0249      0.020      1.220      0.223      -0.015       0.065
genre_Horror                -0.0329      0.015     -2.246      0.025      -0.062      -0.004
genre_Music                  0.1072      0.019      5.603      0.000       0.070       0.145
genre_Musical                0.3248      0.043      7.513      0.000       0.240       0.410
genre_Mystery               -0.0551      0.013     -4.370      0.000      -0.080      -0.030
genre_News                 6.81e-18   4.65e-18      1.466      0.143    -2.3e-18    1.59e-17
genre_Romance               -0.0177      0.010     -1.711      0.087      -0.038       0.003
genre_Sci_Fi                -0.0117      0.014     -0.859      0.391      -0.038       0.015
genre_Short               2.795e-18   2.52e-18      1.111      0.267   -2.14e-18    7.73e-18
genre_Sport                 -0.0352      0.021     -1.693      0.090      -0.076       0.006
genre_Thriller              -0.0735      0.011     -6.869      0.000      -0.094      -0.053
genre_War                    0.0098      0.029      0.337      0.736      -0.047       0.067
genre_Western               -0.0425      0.052     -0.825      0.409      -0.144       0.059
==============================================================================
Omnibus:                     1677.243   Durbin-Watson:                   2.001
Prob(Omnibus):                  0.000   Jarque-Bera (JB):            14009.603
Skew:                           1.777   Prob(JB):                         0.00
Kurtosis:                      11.436   Cond. No.                     1.02e+16
==============================================================================

Notes:
[1] Standard Errors assume that the covariance matrix of the errors is correctly specified.
[2] The smallest eigenvalue is 6.08e-27. This might indicate that there are
strong multicollinearity problems or that the design matrix is singular.