                            OLS Regression Results                            
==============================================================================
Dep. Variable:              sd_pooled   R-squared:                       0.558
Model:                            OLS   Adj. R-squared:                  0.551
Method:                 Least Squares   F-statistic:                     77.83
Date:                Sun, 29 Mar 2026   Prob (F-statistic):               0.00
Time:                        15:14:56   Log-Likelihood:                 514.82
No. Observations:                4012   AIC:                            -899.6
Df Residuals:                    3947   BIC:                            -490.3
Df Model:                          64                                         
Covariance Type:            nonrobust                                         
============================================================================================
                               coef    std err          t      P>|t|      [0.025      0.975]
--------------------------------------------------------------------------------------------
const                        3.3818      0.049     69.550      0.000       3.286       3.477
FLead                        0.0493      0.008      6.106      0.000       0.033       0.065
mean_pooled                 -0.2351      0.004    -53.178      0.000      -0.244      -0.226
kim_violence_gore            0.0104      0.003      4.084      0.000       0.005       0.015
kim_sex_nudity               0.0094      0.002      4.606      0.000       0.005       0.013
kim_language                -0.0092      0.002     -5.151      0.000      -0.013      -0.006
major                       -0.0394      0.008     -4.875      0.000      -0.055      -0.024
log_bom_opening_theaters     0.0054      0.002      3.031      0.002       0.002       0.009
genres_count                -0.0068      0.007     -1.001      0.317      -0.020       0.007
yr_1993                     -0.0104      0.035     -0.301      0.764      -0.078       0.057
yr_1994                     -0.0050      0.035     -0.141      0.888      -0.074       0.064
yr_1995                      0.0383      0.035      1.099      0.272      -0.030       0.107
yr_1996                     -0.0011      0.034     -0.031      0.975      -0.068       0.066
yr_1997                      0.0041      0.035      0.119      0.905      -0.064       0.072
yr_1998                      0.0505      0.034      1.504      0.133      -0.015       0.116
yr_1999                      0.0517      0.033      1.582      0.114      -0.012       0.116
yr_2000                     -0.0186      0.034     -0.553      0.580      -0.085       0.047
yr_2001                      0.0505      0.033      1.524      0.128      -0.014       0.115
yr_2002                      0.0105      0.033      0.322      0.748      -0.053       0.074
yr_2003                     -0.0051      0.033     -0.157      0.875      -0.069       0.059
yr_2004                      0.0609      0.033      1.867      0.062      -0.003       0.125
yr_2005                      0.0453      0.032      1.400      0.162      -0.018       0.109
yr_2006                      0.0950      0.032      2.958      0.003       0.032       0.158
yr_2007                      0.1095      0.032      3.424      0.001       0.047       0.172
yr_2008                      0.0483      0.032      1.499      0.134      -0.015       0.111
yr_2009                      0.0283      0.033      0.869      0.385      -0.036       0.092
yr_2010                      0.0215      0.033      0.663      0.508      -0.042       0.085
yr_2011                      0.0274      0.032      0.856      0.392      -0.035       0.090
yr_2012                      0.0065      0.032      0.204      0.838      -0.056       0.069
yr_2013                      0.0010      0.032      0.030      0.976      -0.062       0.064
yr_2014                      0.0311      0.032      0.963      0.336      -0.032       0.095
yr_2015                     -0.0403      0.032     -1.256      0.209      -0.103       0.023
yr_2016                     -0.0436      0.032     -1.348      0.178      -0.107       0.020
yr_2017                      0.0132      0.033      0.405      0.685      -0.051       0.077
yr_2018                      0.0053      0.033      0.160      0.873      -0.059       0.070
mo_2                         0.0116      0.020      0.596      0.551      -0.027       0.050
mo_3                        -0.0034      0.019     -0.184      0.854      -0.040       0.033
mo_4                         0.0019      0.019      0.099      0.921      -0.035       0.039
mo_5                        -0.0091      0.020     -0.459      0.646      -0.048       0.030
mo_6                        -0.0248      0.020     -1.269      0.204      -0.063       0.014
mo_7                        -0.0231      0.019     -1.216      0.224      -0.060       0.014
mo_8                        -0.0248      0.018     -1.353      0.176      -0.061       0.011
mo_9                        -0.0275      0.019     -1.474      0.141      -0.064       0.009
mo_10                       -0.0083      0.018     -0.451      0.652      -0.044       0.028
mo_11                       -0.0200      0.019     -1.062      0.288      -0.057       0.017
mo_12                       -0.0232      0.018     -1.277      0.202      -0.059       0.012
genre_Action                -0.0565      0.011     -5.306      0.000      -0.077      -0.036
genre_Adventure             -0.0027      0.011     -0.237      0.813      -0.025       0.019
genre_Animation             -0.0206      0.018     -1.144      0.253      -0.056       0.015
genre_Biography             -0.0944      0.014     -6.609      0.000      -0.122      -0.066
genre_Comedy                -0.0103      0.009     -1.083      0.279      -0.029       0.008
genre_Crime                 -0.0979      0.010     -9.611      0.000      -0.118      -0.078
genre_Drama                  0.0099      0.010      1.035      0.301      -0.009       0.029
genre_Family                 0.0772      0.015      5.286      0.000       0.049       0.106
genre_Fantasy                0.0092      0.013      0.729      0.466      -0.016       0.034
genre_History                0.0269      0.020      1.317      0.188      -0.013       0.067
genre_Horror                -0.0373      0.015     -2.542      0.011      -0.066      -0.009
genre_Music                  0.1075      0.019      5.601      0.000       0.070       0.145
genre_Musical                0.3288      0.043      7.586      0.000       0.244       0.414
genre_Mystery               -0.0590      0.013     -4.673      0.000      -0.084      -0.034
genre_News                1.512e-17   5.62e-18      2.689      0.007    4.09e-18    2.61e-17
genre_Romance               -0.0174      0.010     -1.685      0.092      -0.038       0.003
genre_Sci_Fi                -0.0142      0.014     -1.044      0.297      -0.041       0.012
genre_Short              -9.115e-19    1.5e-18     -0.608      0.543   -3.85e-18    2.03e-18
genre_Sport                 -0.0396      0.021     -1.904      0.057      -0.080       0.001
genre_Thriller              -0.0803      0.011     -7.543      0.000      -0.101      -0.059
genre_War                    0.0102      0.029      0.349      0.727      -0.047       0.068
genre_Western               -0.0463      0.052     -0.895      0.371      -0.148       0.055
==============================================================================
Omnibus:                     1694.286   Durbin-Watson:                   2.005
Prob(Omnibus):                  0.000   Jarque-Bera (JB):            14481.815
Skew:                           1.792   Prob(JB):                         0.00
Kurtosis:                      11.590   Cond. No.                     1.02e+16
==============================================================================

Notes:
[1] Standard Errors assume that the covariance matrix of the errors is correctly specified.
[2] The smallest eigenvalue is 6.39e-27. This might indicate that there are
strong multicollinearity problems or that the design matrix is singular.