                            OLS Regression Results                            
==============================================================================
Dep. Variable:              sd_pooled   R-squared:                       0.575
Model:                            OLS   Adj. R-squared:                  0.561
Method:                 Least Squares   F-statistic:                     41.10
Date:                Wed, 01 Apr 2026   Prob (F-statistic):               0.00
Time:                        00:02:46   Log-Likelihood:                 232.79
No. Observations:                2006   AIC:                            -335.6
Df Residuals:                    1941   BIC:                             28.67
Df Model:                          64                                         
Covariance Type:            nonrobust                                         
============================================================================================
                               coef    std err          t      P>|t|      [0.025      0.975]
--------------------------------------------------------------------------------------------
const                        3.5343      0.070     50.563      0.000       3.397       3.671
FLead                        0.0520      0.011      4.638      0.000       0.030       0.074
mean_pooled                 -0.2538      0.007    -37.413      0.000      -0.267      -0.241
kim_violence_gore            0.0053      0.005      1.137      0.256      -0.004       0.014
kim_sex_nudity               0.0100      0.003      3.017      0.003       0.004       0.017
kim_language                -0.0157      0.003     -5.168      0.000      -0.022      -0.010
major                       -0.0358      0.012     -2.951      0.003      -0.060      -0.012
log_bom_opening_theaters     0.0073      0.003      2.844      0.005       0.002       0.012
genres_count                -0.0069      0.010     -0.661      0.509      -0.027       0.014
yr_1993                      0.0129      0.045      0.286      0.775      -0.076       0.102
yr_1994                     -0.0136      0.044     -0.306      0.760      -0.101       0.074
yr_1995                      0.0720      0.045      1.618      0.106      -0.015       0.159
yr_1996                      0.0528      0.045      1.175      0.240      -0.035       0.141
yr_1997                      0.0276      0.045      0.608      0.543      -0.062       0.117
yr_1998                      0.0767      0.043      1.804      0.071      -0.007       0.160
yr_1999                      0.0959      0.042      2.300      0.022       0.014       0.178
yr_2000                      0.0111      0.044      0.252      0.801      -0.075       0.097
yr_2001                      0.0937      0.044      2.132      0.033       0.008       0.180
yr_2002                      0.0466      0.042      1.123      0.262      -0.035       0.128
yr_2003                      0.0241      0.042      0.568      0.570      -0.059       0.107
yr_2004                      0.0883      0.043      2.058      0.040       0.004       0.173
yr_2005                      0.0593      0.042      1.395      0.163      -0.024       0.143
yr_2006                      0.0873      0.042      2.075      0.038       0.005       0.170
yr_2007                      0.1482      0.042      3.534      0.000       0.066       0.230
yr_2008                      0.0446      0.042      1.071      0.284      -0.037       0.126
yr_2009                      0.0183      0.043      0.424      0.671      -0.066       0.103
yr_2010                      0.0305      0.043      0.713      0.476      -0.053       0.115
yr_2011                      0.0633      0.042      1.493      0.135      -0.020       0.146
yr_2012                     -0.0130      0.041     -0.315      0.753      -0.094       0.068
yr_2013                      0.0037      0.043      0.085      0.932      -0.081       0.088
yr_2014                      0.0372      0.042      0.879      0.380      -0.046       0.120
yr_2015                     -0.0658      0.043     -1.543      0.123      -0.149       0.018
yr_2016                      0.0038      0.042      0.090      0.928      -0.079       0.087
yr_2017                     -0.0030      0.043     -0.069      0.945      -0.088       0.082
yr_2018                     -0.0035      0.044     -0.080      0.936      -0.089       0.082
mo_2                        -0.0031      0.029     -0.104      0.917      -0.061       0.055
mo_3                        -0.0337      0.028     -1.204      0.229      -0.089       0.021
mo_4                        -0.0261      0.028     -0.924      0.356      -0.082       0.029
mo_5                        -0.0351      0.030     -1.175      0.240      -0.094       0.024
mo_6                        -0.0547      0.029     -1.860      0.063      -0.112       0.003
mo_7                        -0.0256      0.028     -0.900      0.368      -0.081       0.030
mo_8                        -0.0326      0.028     -1.174      0.240      -0.087       0.022
mo_9                        -0.0431      0.029     -1.500      0.134      -0.099       0.013
mo_10                       -0.0307      0.028     -1.087      0.277      -0.086       0.025
mo_11                       -0.0572      0.028     -2.061      0.039      -0.112      -0.003
mo_12                       -0.0690      0.027     -2.557      0.011      -0.122      -0.016
genre_Action                -0.0560      0.019     -2.877      0.004      -0.094      -0.018
genre_Adventure             -0.0158      0.018     -0.888      0.375      -0.051       0.019
genre_Animation              0.0026      0.023      0.111      0.912      -0.043       0.048
genre_Biography             -0.0854      0.021     -4.065      0.000      -0.127      -0.044
genre_Comedy                -0.0259      0.014     -1.883      0.060      -0.053       0.001
genre_Crime                 -0.0659      0.018     -3.653      0.000      -0.101      -0.031
genre_Drama                  0.0529      0.015      3.594      0.000       0.024       0.082
genre_Family                 0.0624      0.018      3.402      0.001       0.026       0.098
genre_Fantasy               -0.0147      0.019     -0.762      0.446      -0.052       0.023
genre_History               -0.0131      0.033     -0.401      0.689      -0.077       0.051
genre_Horror                -0.0393      0.039     -1.008      0.314      -0.116       0.037
genre_Music                  0.1107      0.023      4.830      0.000       0.066       0.156
genre_Musical                0.3128      0.048      6.480      0.000       0.218       0.407
genre_Mystery               -0.0711      0.024     -2.907      0.004      -0.119      -0.023
genre_News                2.898e-16   1.31e-16      2.214      0.027    3.31e-17    5.46e-16
genre_Romance               -0.0349      0.014     -2.512      0.012      -0.062      -0.008
genre_Sci_Fi                 0.0160      0.027      0.592      0.554      -0.037       0.069
genre_Short               1.845e-16   8.78e-17      2.101      0.036    1.23e-17    3.57e-16
genre_Sport                 -0.0138      0.026     -0.525      0.600      -0.065       0.038
genre_Thriller              -0.1113      0.022     -5.032      0.000      -0.155      -0.068
genre_War                   -0.1094      0.062     -1.772      0.077      -0.230       0.012
genre_Western                0.0924      0.106      0.873      0.383      -0.115       0.300
==============================================================================
Omnibus:                      635.367   Durbin-Watson:                   2.043
Prob(Omnibus):                  0.000   Jarque-Bera (JB):             2750.716
Skew:                           1.468   Prob(JB):                         0.00
Kurtosis:                       7.929   Cond. No.                     1.02e+16
==============================================================================

Notes:
[1] Standard Errors assume that the covariance matrix of the errors is correctly specified.
[2] The smallest eigenvalue is 2.72e-27. This might indicate that there are
strong multicollinearity problems or that the design matrix is singular.