                            OLS Regression Results                            
==============================================================================
Dep. Variable:              sd_pooled   R-squared:                       0.561
Model:                            OLS   Adj. R-squared:                  0.554
Method:                 Least Squares   F-statistic:                     78.93
Date:                Tue, 31 Mar 2026   Prob (F-statistic):               0.00
Time:                        19:29:43   Log-Likelihood:                 530.59
No. Observations:                4012   AIC:                            -931.2
Df Residuals:                    3947   BIC:                            -521.9
Df Model:                          64                                         
Covariance Type:            nonrobust                                         
============================================================================================
                               coef    std err          t      P>|t|      [0.025      0.975]
--------------------------------------------------------------------------------------------
const                        3.3969      0.048     70.187      0.000       3.302       3.492
FLead                        0.0468      0.008      5.820      0.000       0.031       0.063
mean_pooled                 -0.2343      0.004    -52.846      0.000      -0.243      -0.226
kim_violence_gore            0.0123      0.003      4.830      0.000       0.007       0.017
kim_sex_nudity               0.0113      0.002      5.550      0.000       0.007       0.015
kim_language                -0.0149      0.002     -7.961      0.000      -0.019      -0.011
major                       -0.0362      0.008     -4.502      0.000      -0.052      -0.020
log_bom_opening_theaters     0.0035      0.002      2.035      0.042       0.000       0.007
genres_count                -0.0090      0.007     -1.332      0.183      -0.022       0.004
yr_1993                     -0.0076      0.034     -0.222      0.825      -0.075       0.060
yr_1994                     -0.0048      0.035     -0.137      0.891      -0.074       0.064
yr_1995                      0.0414      0.035      1.193      0.233      -0.027       0.109
yr_1996                      0.0079      0.034      0.233      0.816      -0.059       0.075
yr_1997                      0.0120      0.035      0.346      0.730      -0.056       0.080
yr_1998                      0.0580      0.033      1.733      0.083      -0.008       0.124
yr_1999                      0.0588      0.033      1.803      0.071      -0.005       0.123
yr_2000                     -0.0097      0.034     -0.288      0.773      -0.076       0.056
yr_2001                      0.0549      0.033      1.662      0.097      -0.010       0.120
yr_2002                      0.0148      0.032      0.457      0.648      -0.049       0.078
yr_2003                     -0.0011      0.033     -0.032      0.974      -0.065       0.063
yr_2004                      0.0605      0.032      1.864      0.062      -0.003       0.124
yr_2005                      0.0468      0.032      1.455      0.146      -0.016       0.110
yr_2006                      0.0954      0.032      2.982      0.003       0.033       0.158
yr_2007                      0.1103      0.032      3.463      0.001       0.048       0.173
yr_2008                      0.0519      0.032      1.618      0.106      -0.011       0.115
yr_2009                      0.0313      0.032      0.964      0.335      -0.032       0.095
yr_2010                      0.0257      0.032      0.793      0.428      -0.038       0.089
yr_2011                      0.0281      0.032      0.884      0.377      -0.034       0.091
yr_2012                      0.0123      0.032      0.387      0.699      -0.050       0.074
yr_2013                      0.0042      0.032      0.133      0.894      -0.058       0.067
yr_2014                      0.0382      0.032      1.184      0.237      -0.025       0.101
yr_2015                     -0.0331      0.032     -1.036      0.300      -0.096       0.030
yr_2016                     -0.0362      0.032     -1.122      0.262      -0.099       0.027
yr_2017                      0.0200      0.033      0.614      0.539      -0.044       0.084
yr_2018                      0.0143      0.033      0.436      0.663      -0.050       0.078
mo_2                         0.0087      0.019      0.447      0.655      -0.029       0.047
mo_3                        -0.0042      0.019     -0.226      0.821      -0.041       0.032
mo_4                         0.0005      0.019      0.025      0.980      -0.036       0.037
mo_5                        -0.0138      0.020     -0.697      0.486      -0.052       0.025
mo_6                        -0.0256      0.019     -1.313      0.189      -0.064       0.013
mo_7                        -0.0245      0.019     -1.298      0.194      -0.062       0.013
mo_8                        -0.0251      0.018     -1.378      0.168      -0.061       0.011
mo_9                        -0.0278      0.019     -1.497      0.135      -0.064       0.009
mo_10                       -0.0075      0.018     -0.412      0.680      -0.043       0.028
mo_11                       -0.0247      0.019     -1.314      0.189      -0.061       0.012
mo_12                       -0.0297      0.018     -1.644      0.100      -0.065       0.006
genre_Action                -0.0542      0.011     -5.114      0.000      -0.075      -0.033
genre_Adventure             -0.0056      0.011     -0.497      0.619      -0.028       0.016
genre_Animation             -0.0282      0.018     -1.567      0.117      -0.063       0.007
genre_Biography             -0.0939      0.014     -6.605      0.000      -0.122      -0.066
genre_Comedy                -0.0031      0.010     -0.322      0.748      -0.022       0.016
genre_Crime                 -0.0887      0.010     -8.655      0.000      -0.109      -0.069
genre_Drama                  0.0112      0.009      1.184      0.236      -0.007       0.030
genre_Family                 0.0721      0.015      4.951      0.000       0.044       0.101
genre_Fantasy                0.0046      0.013      0.362      0.718      -0.020       0.029
genre_History                0.0174      0.020      0.853      0.394      -0.023       0.057
genre_Horror                -0.0337      0.015     -2.304      0.021      -0.062      -0.005
genre_Music                  0.1109      0.019      5.797      0.000       0.073       0.148
genre_Musical                0.3199      0.043      7.404      0.000       0.235       0.405
genre_Mystery               -0.0587      0.013     -4.663      0.000      -0.083      -0.034
genre_News                 9.24e-19   4.81e-18      0.192      0.848   -8.51e-18    1.04e-17
genre_Romance               -0.0191      0.010     -1.855      0.064      -0.039       0.001
genre_Sci_Fi                -0.0125      0.014     -0.919      0.358      -0.039       0.014
genre_Short               3.133e-18   4.15e-18      0.755      0.450      -5e-18    1.13e-17
genre_Sport                 -0.0351      0.021     -1.693      0.091      -0.076       0.006
genre_Thriller              -0.0737      0.011     -6.917      0.000      -0.095      -0.053
genre_War                    0.0070      0.029      0.241      0.809      -0.050       0.064
genre_Western               -0.0458      0.051     -0.890      0.374      -0.147       0.055
==============================================================================
Omnibus:                     1662.406   Durbin-Watson:                   2.006
Prob(Omnibus):                  0.000   Jarque-Bera (JB):            13668.897
Skew:                           1.763   Prob(JB):                         0.00
Kurtosis:                      11.326   Cond. No.                     1.02e+16
==============================================================================

Notes:
[1] Standard Errors assume that the covariance matrix of the errors is correctly specified.
[2] The smallest eigenvalue is 6.39e-27. This might indicate that there are
strong multicollinearity problems or that the design matrix is singular.