                            OLS Regression Results                            
==============================================================================
Dep. Variable:              sd_pooled   R-squared:                       0.558
Model:                            OLS   Adj. R-squared:                  0.550
Method:                 Least Squares   F-statistic:                     77.74
Date:                Tue, 31 Mar 2026   Prob (F-statistic):               0.00
Time:                        15:24:15   Log-Likelihood:                 513.49
No. Observations:                4012   AIC:                            -897.0
Df Residuals:                    3947   BIC:                            -487.7
Df Model:                          64                                         
Covariance Type:            nonrobust                                         
============================================================================================
                               coef    std err          t      P>|t|      [0.025      0.975]
--------------------------------------------------------------------------------------------
const                        3.3823      0.049     69.529      0.000       3.287       3.478
FLead                        0.0491      0.008      6.074      0.000       0.033       0.065
mean_pooled                 -0.2352      0.004    -53.181      0.000      -0.244      -0.227
kim_violence_gore            0.0101      0.003      3.978      0.000       0.005       0.015
kim_sex_nudity               0.0091      0.002      4.482      0.000       0.005       0.013
kim_language                -0.0086      0.002     -4.888      0.000      -0.012      -0.005
major                       -0.0388      0.008     -4.802      0.000      -0.055      -0.023
log_bom_opening_theaters     0.0055      0.002      3.080      0.002       0.002       0.009
genres_count                -0.0073      0.007     -1.077      0.281      -0.021       0.006
yr_1993                     -0.0073      0.035     -0.211      0.833      -0.075       0.061
yr_1994                     -0.0058      0.035     -0.163      0.870      -0.075       0.064
yr_1995                      0.0363      0.035      1.041      0.298      -0.032       0.105
yr_1996                      0.0002      0.034      0.006      0.995      -0.067       0.067
yr_1997                      0.0041      0.035      0.118      0.906      -0.064       0.072
yr_1998                      0.0512      0.034      1.523      0.128      -0.015       0.117
yr_1999                      0.0520      0.033      1.589      0.112      -0.012       0.116
yr_2000                     -0.0184      0.034     -0.546      0.585      -0.084       0.048
yr_2001                      0.0530      0.033      1.597      0.110      -0.012       0.118
yr_2002                      0.0092      0.033      0.284      0.777      -0.055       0.073
yr_2003                     -0.0050      0.033     -0.154      0.878      -0.069       0.059
yr_2004                      0.0622      0.033      1.907      0.057      -0.002       0.126
yr_2005                      0.0468      0.032      1.449      0.148      -0.017       0.110
yr_2006                      0.0979      0.032      3.048      0.002       0.035       0.161
yr_2007                      0.1087      0.032      3.396      0.001       0.046       0.171
yr_2008                      0.0498      0.032      1.546      0.122      -0.013       0.113
yr_2009                      0.0292      0.033      0.895      0.371      -0.035       0.093
yr_2010                      0.0228      0.033      0.701      0.483      -0.041       0.087
yr_2011                      0.0252      0.032      0.788      0.431      -0.037       0.088
yr_2012                      0.0081      0.032      0.256      0.798      -0.054       0.070
yr_2013                      0.0011      0.032      0.035      0.972      -0.062       0.064
yr_2014                      0.0324      0.032      1.000      0.317      -0.031       0.096
yr_2015                     -0.0403      0.032     -1.255      0.210      -0.103       0.023
yr_2016                     -0.0446      0.032     -1.379      0.168      -0.108       0.019
yr_2017                      0.0120      0.033      0.366      0.714      -0.052       0.076
yr_2018                      0.0026      0.033      0.080      0.936      -0.062       0.067
mo_2                         0.0101      0.020      0.516      0.606      -0.028       0.048
mo_3                        -0.0042      0.019     -0.225      0.822      -0.041       0.032
mo_4                         0.0028      0.019      0.150      0.881      -0.034       0.040
mo_5                        -0.0086      0.020     -0.433      0.665      -0.047       0.030
mo_6                        -0.0239      0.020     -1.224      0.221      -0.062       0.014
mo_7                        -0.0224      0.019     -1.181      0.238      -0.060       0.015
mo_8                        -0.0253      0.018     -1.382      0.167      -0.061       0.011
mo_9                        -0.0276      0.019     -1.483      0.138      -0.064       0.009
mo_10                       -0.0084      0.018     -0.459      0.646      -0.044       0.028
mo_11                       -0.0210      0.019     -1.113      0.266      -0.058       0.016
mo_12                       -0.0245      0.018     -1.345      0.179      -0.060       0.011
genre_Action                -0.0563      0.011     -5.279      0.000      -0.077      -0.035
genre_Adventure             -0.0005      0.011     -0.047      0.963      -0.023       0.022
genre_Animation             -0.0170      0.018     -0.946      0.344      -0.052       0.018
genre_Biography             -0.0924      0.014     -6.456      0.000      -0.120      -0.064
genre_Comedy                -0.0123      0.009     -1.300      0.194      -0.031       0.006
genre_Crime                 -0.0980      0.010     -9.608      0.000      -0.118      -0.078
genre_Drama                  0.0103      0.010      1.075      0.282      -0.008       0.029
genre_Family                 0.0798      0.015      5.477      0.000       0.051       0.108
genre_Fantasy                0.0091      0.013      0.715      0.474      -0.016       0.034
genre_History                0.0261      0.020      1.273      0.203      -0.014       0.066
genre_Horror                -0.0360      0.015     -2.454      0.014      -0.065      -0.007
genre_Music                  0.1063      0.019      5.537      0.000       0.069       0.144
genre_Musical                0.3247      0.043      7.483      0.000       0.240       0.410
genre_Mystery               -0.0585      0.013     -4.631      0.000      -0.083      -0.034
genre_News                1.022e-17   1.96e-17      0.522      0.602   -2.82e-17    4.86e-17
genre_Romance               -0.0175      0.010     -1.692      0.091      -0.038       0.003
genre_Sci_Fi                -0.0145      0.014     -1.061      0.289      -0.041       0.012
genre_Short               6.189e-18   4.51e-18      1.373      0.170   -2.65e-18     1.5e-17
genre_Sport                 -0.0413      0.021     -1.985      0.047      -0.082      -0.000
genre_Thriller              -0.0795      0.011     -7.451      0.000      -0.100      -0.059
genre_War                    0.0043      0.029      0.148      0.883      -0.053       0.062
genre_Western               -0.0441      0.052     -0.853      0.394      -0.146       0.057
==============================================================================
Omnibus:                     1693.295   Durbin-Watson:                   2.000
Prob(Omnibus):                  0.000   Jarque-Bera (JB):            14280.570
Skew:                           1.795   Prob(JB):                         0.00
Kurtosis:                      11.517   Cond. No.                     1.02e+16
==============================================================================

Notes:
[1] Standard Errors assume that the covariance matrix of the errors is correctly specified.
[2] The smallest eigenvalue is 6.41e-27. This might indicate that there are
strong multicollinearity problems or that the design matrix is singular.