                            OLS Regression Results                            
==============================================================================
Dep. Variable:              sd_pooled   R-squared:                       0.562
Model:                            OLS   Adj. R-squared:                  0.555
Method:                 Least Squares   F-statistic:                     79.13
Date:                Sun, 29 Mar 2026   Prob (F-statistic):               0.00
Time:                        10:26:17   Log-Likelihood:                 533.39
No. Observations:                4012   AIC:                            -936.8
Df Residuals:                    3947   BIC:                            -527.5
Df Model:                          64                                         
Covariance Type:            nonrobust                                         
============================================================================================
                               coef    std err          t      P>|t|      [0.025      0.975]
--------------------------------------------------------------------------------------------
const                        3.3800      0.048     69.864      0.000       3.285       3.475
FLead                        0.0467      0.008      5.813      0.000       0.031       0.062
mean_pooled                 -0.2335      0.004    -52.965      0.000      -0.242      -0.225
kim_violence_gore            0.0121      0.003      4.760      0.000       0.007       0.017
kim_sex_nudity               0.0115      0.002      5.677      0.000       0.008       0.015
kim_language                -0.0149      0.002     -7.981      0.000      -0.019      -0.011
major                       -0.0393      0.008     -4.902      0.000      -0.055      -0.024
log_bom_opening_theaters     0.0055      0.002      3.107      0.002       0.002       0.009
genres_count                -0.0095      0.007     -1.405      0.160      -0.023       0.004
yr_1993                     -0.0061      0.034     -0.177      0.859      -0.074       0.061
yr_1994                     -0.0031      0.035     -0.088      0.930      -0.072       0.066
yr_1995                      0.0438      0.035      1.263      0.207      -0.024       0.112
yr_1996                      0.0088      0.034      0.258      0.796      -0.058       0.075
yr_1997                      0.0133      0.035      0.383      0.702      -0.055       0.081
yr_1998                      0.0589      0.033      1.762      0.078      -0.007       0.124
yr_1999                      0.0601      0.033      1.844      0.065      -0.004       0.124
yr_2000                     -0.0088      0.034     -0.263      0.793      -0.075       0.057
yr_2001                      0.0559      0.033      1.695      0.090      -0.009       0.121
yr_2002                      0.0162      0.032      0.498      0.619      -0.047       0.080
yr_2003                     -0.0006      0.033     -0.018      0.986      -0.065       0.063
yr_2004                      0.0612      0.032      1.885      0.059      -0.002       0.125
yr_2005                      0.0477      0.032      1.481      0.139      -0.015       0.111
yr_2006                      0.0966      0.032      3.022      0.003       0.034       0.159
yr_2007                      0.1103      0.032      3.465      0.001       0.048       0.173
yr_2008                      0.0521      0.032      1.624      0.105      -0.011       0.115
yr_2009                      0.0314      0.032      0.967      0.333      -0.032       0.095
yr_2010                      0.0262      0.032      0.809      0.419      -0.037       0.090
yr_2011                      0.0297      0.032      0.933      0.351      -0.033       0.092
yr_2012                      0.0148      0.032      0.467      0.640      -0.047       0.077
yr_2013                      0.0069      0.032      0.216      0.829      -0.056       0.069
yr_2014                      0.0395      0.032      1.225      0.221      -0.024       0.103
yr_2015                     -0.0315      0.032     -0.986      0.324      -0.094       0.031
yr_2016                     -0.0358      0.032     -1.111      0.267      -0.099       0.027
yr_2017                      0.0208      0.033      0.639      0.523      -0.043       0.085
yr_2018                      0.0150      0.033      0.458      0.647      -0.049       0.079
mo_2                         0.0078      0.019      0.403      0.687      -0.030       0.046
mo_3                        -0.0041      0.019     -0.222      0.824      -0.040       0.032
mo_4                         0.0006      0.019      0.032      0.974      -0.036       0.037
mo_5                        -0.0127      0.020     -0.643      0.520      -0.051       0.026
mo_6                        -0.0252      0.019     -1.297      0.195      -0.063       0.013
mo_7                        -0.0232      0.019     -1.228      0.219      -0.060       0.014
mo_8                        -0.0252      0.018     -1.381      0.167      -0.061       0.011
mo_9                        -0.0276      0.019     -1.485      0.138      -0.064       0.009
mo_10                       -0.0070      0.018     -0.384      0.701      -0.043       0.029
mo_11                       -0.0243      0.019     -1.293      0.196      -0.061       0.013
mo_12                       -0.0265      0.018     -1.465      0.143      -0.062       0.009
genre_Action                -0.0552      0.011     -5.208      0.000      -0.076      -0.034
genre_Adventure             -0.0061      0.011     -0.542      0.588      -0.028       0.016
genre_Animation             -0.0281      0.018     -1.563      0.118      -0.063       0.007
genre_Biography             -0.0923      0.014     -6.485      0.000      -0.120      -0.064
genre_Comedy                -0.0032      0.010     -0.340      0.734      -0.022       0.015
genre_Crime                 -0.0890      0.010     -8.687      0.000      -0.109      -0.069
genre_Drama                  0.0135      0.010      1.423      0.155      -0.005       0.032
genre_Family                 0.0712      0.015      4.887      0.000       0.043       0.100
genre_Fantasy                0.0042      0.013      0.330      0.742      -0.021       0.029
genre_History                0.0184      0.020      0.900      0.368      -0.022       0.058
genre_Horror                -0.0338      0.015     -2.317      0.021      -0.062      -0.005
genre_Music                  0.1116      0.019      5.837      0.000       0.074       0.149
genre_Musical                0.3186      0.043      7.378      0.000       0.234       0.403
genre_Mystery               -0.0589      0.013     -4.685      0.000      -0.084      -0.034
genre_News               -3.488e-18   4.62e-18     -0.755      0.451   -1.26e-17    5.57e-18
genre_Romance               -0.0188      0.010     -1.820      0.069      -0.039       0.001
genre_Sci_Fi                -0.0131      0.014     -0.963      0.336      -0.040       0.014
genre_Short               5.934e-18   2.25e-18      2.640      0.008    1.53e-18    1.03e-17
genre_Sport                 -0.0375      0.021     -1.809      0.070      -0.078       0.003
genre_Thriller              -0.0741      0.011     -6.955      0.000      -0.095      -0.053
genre_War                    0.0104      0.029      0.355      0.722      -0.047       0.068
genre_Western               -0.0474      0.051     -0.921      0.357      -0.148       0.054
==============================================================================
Omnibus:                     1647.403   Durbin-Watson:                   2.006
Prob(Omnibus):                  0.000   Jarque-Bera (JB):            13351.353
Skew:                           1.749   Prob(JB):                         0.00
Kurtosis:                      11.224   Cond. No.                     1.02e+16
==============================================================================

Notes:
[1] Standard Errors assume that the covariance matrix of the errors is correctly specified.
[2] The smallest eigenvalue is 6.39e-27. This might indicate that there are
strong multicollinearity problems or that the design matrix is singular.