                            OLS Regression Results                            
==============================================================================
Dep. Variable:              sd_pooled   R-squared:                       0.563
Model:                            OLS   Adj. R-squared:                  0.556
Method:                 Least Squares   F-statistic:                     79.40
Date:                Tue, 31 Mar 2026   Prob (F-statistic):               0.00
Time:                        21:00:15   Log-Likelihood:                 537.22
No. Observations:                4012   AIC:                            -944.4
Df Residuals:                    3947   BIC:                            -535.1
Df Model:                          64                                         
Covariance Type:            nonrobust                                         
============================================================================================
                               coef    std err          t      P>|t|      [0.025      0.975]
--------------------------------------------------------------------------------------------
const                        3.3848      0.048     70.010      0.000       3.290       3.480
FLead                        0.0466      0.008      5.811      0.000       0.031       0.062
mean_pooled                 -0.2336      0.004    -53.105      0.000      -0.242      -0.225
kim_violence_gore            0.0123      0.003      4.839      0.000       0.007       0.017
kim_sex_nudity               0.0116      0.002      5.741      0.000       0.008       0.016
kim_language                -0.0158      0.002     -8.435      0.000      -0.020      -0.012
major                       -0.0397      0.008     -4.950      0.000      -0.055      -0.024
log_bom_opening_theaters     0.0055      0.002      3.114      0.002       0.002       0.009
genres_count                -0.0102      0.007     -1.508      0.132      -0.023       0.003
yr_1993                     -0.0068      0.034     -0.198      0.843      -0.074       0.061
yr_1994                     -0.0030      0.035     -0.086      0.932      -0.072       0.066
yr_1995                      0.0444      0.035      1.281      0.200      -0.024       0.112
yr_1996                      0.0088      0.034      0.259      0.796      -0.058       0.075
yr_1997                      0.0134      0.035      0.387      0.699      -0.055       0.081
yr_1998                      0.0601      0.033      1.798      0.072      -0.005       0.126
yr_1999                      0.0616      0.033      1.891      0.059      -0.002       0.125
yr_2000                     -0.0090      0.034     -0.269      0.788      -0.075       0.057
yr_2001                      0.0554      0.033      1.681      0.093      -0.009       0.120
yr_2002                      0.0158      0.032      0.487      0.626      -0.048       0.079
yr_2003                      0.0005      0.033      0.015      0.988      -0.063       0.064
yr_2004                      0.0614      0.032      1.896      0.058      -0.002       0.125
yr_2005                      0.0478      0.032      1.486      0.137      -0.015       0.111
yr_2006                      0.0967      0.032      3.027      0.002       0.034       0.159
yr_2007                      0.1102      0.032      3.465      0.001       0.048       0.173
yr_2008                      0.0523      0.032      1.632      0.103      -0.011       0.115
yr_2009                      0.0318      0.032      0.979      0.328      -0.032       0.095
yr_2010                      0.0264      0.032      0.816      0.415      -0.037       0.090
yr_2011                      0.0301      0.032      0.948      0.343      -0.032       0.092
yr_2012                      0.0153      0.032      0.485      0.628      -0.047       0.077
yr_2013                      0.0073      0.032      0.229      0.819      -0.055       0.070
yr_2014                      0.0393      0.032      1.220      0.222      -0.024       0.102
yr_2015                     -0.0327      0.032     -1.023      0.306      -0.095       0.030
yr_2016                     -0.0361      0.032     -1.122      0.262      -0.099       0.027
yr_2017                      0.0218      0.033      0.671      0.502      -0.042       0.086
yr_2018                      0.0150      0.033      0.459      0.646      -0.049       0.079
mo_2                         0.0067      0.019      0.347      0.729      -0.031       0.045
mo_3                        -0.0050      0.018     -0.269      0.788      -0.041       0.031
mo_4                         0.0001      0.019      0.007      0.994      -0.037       0.037
mo_5                        -0.0129      0.020     -0.657      0.511      -0.052       0.026
mo_6                        -0.0261      0.019     -1.342      0.180      -0.064       0.012
mo_7                        -0.0236      0.019     -1.250      0.211      -0.061       0.013
mo_8                        -0.0255      0.018     -1.399      0.162      -0.061       0.010
mo_9                        -0.0276      0.019     -1.492      0.136      -0.064       0.009
mo_10                       -0.0076      0.018     -0.416      0.678      -0.043       0.028
mo_11                       -0.0247      0.019     -1.316      0.188      -0.061       0.012
mo_12                       -0.0266      0.018     -1.467      0.142      -0.062       0.009
genre_Action                -0.0555      0.011     -5.237      0.000      -0.076      -0.035
genre_Adventure             -0.0062      0.011     -0.548      0.583      -0.028       0.016
genre_Animation             -0.0293      0.018     -1.634      0.102      -0.064       0.006
genre_Biography             -0.0921      0.014     -6.479      0.000      -0.120      -0.064
genre_Comedy                -0.0022      0.010     -0.235      0.814      -0.021       0.016
genre_Crime                 -0.0890      0.010     -8.716      0.000      -0.109      -0.069
genre_Drama                  0.0142      0.010      1.495      0.135      -0.004       0.033
genre_Family                 0.0697      0.015      4.791      0.000       0.041       0.098
genre_Fantasy                0.0037      0.013      0.296      0.767      -0.021       0.028
genre_History                0.0181      0.020      0.890      0.373      -0.022       0.058
genre_Horror                -0.0350      0.015     -2.402      0.016      -0.064      -0.006
genre_Music                  0.1115      0.019      5.839      0.000       0.074       0.149
genre_Musical                0.3181      0.043      7.373      0.000       0.233       0.403
genre_Mystery               -0.0579      0.013     -4.611      0.000      -0.083      -0.033
genre_News                6.476e-18   3.91e-18      1.656      0.098   -1.19e-18    1.41e-17
genre_Romance               -0.0192      0.010     -1.862      0.063      -0.039       0.001
genre_Sci_Fi                -0.0123      0.014     -0.905      0.366      -0.039       0.014
genre_Short               8.791e-19   1.06e-18      0.828      0.407    -1.2e-18    2.96e-18
genre_Sport                 -0.0376      0.021     -1.815      0.070      -0.078       0.003
genre_Thriller              -0.0732      0.011     -6.882      0.000      -0.094      -0.052
genre_War                    0.0113      0.029      0.388      0.698      -0.046       0.068
genre_Western               -0.0474      0.051     -0.922      0.357      -0.148       0.053
==============================================================================
Omnibus:                     1643.979   Durbin-Watson:                   2.006
Prob(Omnibus):                  0.000   Jarque-Bera (JB):            13275.312
Skew:                           1.746   Prob(JB):                         0.00
Kurtosis:                      11.199   Cond. No.                     1.02e+16
==============================================================================

Notes:
[1] Standard Errors assume that the covariance matrix of the errors is correctly specified.
[2] The smallest eigenvalue is 6.37e-27. This might indicate that there are
strong multicollinearity problems or that the design matrix is singular.