                            OLS Regression Results                            
==============================================================================
Dep. Variable:              sd_pooled   R-squared:                       0.559
Model:                            OLS   Adj. R-squared:                  0.552
Method:                 Least Squares   F-statistic:                     78.29
Date:                Tue, 31 Mar 2026   Prob (F-statistic):               0.00
Time:                        19:28:09   Log-Likelihood:                 521.36
No. Observations:                4012   AIC:                            -912.7
Df Residuals:                    3947   BIC:                            -503.4
Df Model:                          64                                         
Covariance Type:            nonrobust                                         
============================================================================================
                               coef    std err          t      P>|t|      [0.025      0.975]
--------------------------------------------------------------------------------------------
const                        3.3777      0.049     69.608      0.000       3.283       3.473
FLead                        0.0486      0.008      6.030      0.000       0.033       0.064
mean_pooled                 -0.2345      0.004    -53.094      0.000      -0.243      -0.226
kim_violence_gore            0.0108      0.003      4.246      0.000       0.006       0.016
kim_sex_nudity               0.0103      0.002      5.042      0.000       0.006       0.014
kim_language                -0.0112      0.002     -6.286      0.000      -0.015      -0.008
major                       -0.0388      0.008     -4.819      0.000      -0.055      -0.023
log_bom_opening_theaters     0.0056      0.002      3.137      0.002       0.002       0.009
genres_count                -0.0064      0.007     -0.939      0.348      -0.020       0.007
yr_1993                     -0.0052      0.035     -0.151      0.880      -0.073       0.063
yr_1994                     -0.0037      0.035     -0.106      0.916      -0.073       0.065
yr_1995                      0.0417      0.035      1.197      0.231      -0.027       0.110
yr_1996                      0.0009      0.034      0.026      0.979      -0.066       0.068
yr_1997                      0.0067      0.035      0.192      0.848      -0.061       0.075
yr_1998                      0.0539      0.034      1.607      0.108      -0.012       0.120
yr_1999                      0.0570      0.033      1.745      0.081      -0.007       0.121
yr_2000                     -0.0131      0.034     -0.390      0.696      -0.079       0.053
yr_2001                      0.0532      0.033      1.609      0.108      -0.012       0.118
yr_2002                      0.0126      0.033      0.386      0.699      -0.051       0.076
yr_2003                     -0.0008      0.033     -0.025      0.980      -0.065       0.063
yr_2004                      0.0629      0.033      1.932      0.053      -0.001       0.127
yr_2005                      0.0482      0.032      1.494      0.135      -0.015       0.111
yr_2006                      0.0978      0.032      3.050      0.002       0.035       0.161
yr_2007                      0.1114      0.032      3.487      0.000       0.049       0.174
yr_2008                      0.0521      0.032      1.621      0.105      -0.011       0.115
yr_2009                      0.0313      0.033      0.960      0.337      -0.033       0.095
yr_2010                      0.0256      0.032      0.788      0.431      -0.038       0.089
yr_2011                      0.0269      0.032      0.842      0.400      -0.036       0.089
yr_2012                      0.0114      0.032      0.358      0.720      -0.051       0.074
yr_2013                      0.0027      0.032      0.085      0.932      -0.060       0.065
yr_2014                      0.0334      0.032      1.034      0.301      -0.030       0.097
yr_2015                     -0.0360      0.032     -1.122      0.262      -0.099       0.027
yr_2016                     -0.0395      0.032     -1.222      0.222      -0.103       0.024
yr_2017                      0.0153      0.033      0.470      0.638      -0.049       0.079
yr_2018                      0.0130      0.033      0.396      0.692      -0.051       0.077
mo_2                         0.0099      0.020      0.507      0.612      -0.028       0.048
mo_3                        -0.0034      0.019     -0.181      0.856      -0.040       0.033
mo_4                         0.0014      0.019      0.073      0.942      -0.035       0.038
mo_5                        -0.0110      0.020     -0.556      0.578      -0.050       0.028
mo_6                        -0.0246      0.020     -1.261      0.207      -0.063       0.014
mo_7                        -0.0225      0.019     -1.185      0.236      -0.060       0.015
mo_8                        -0.0259      0.018     -1.419      0.156      -0.062       0.010
mo_9                        -0.0276      0.019     -1.484      0.138      -0.064       0.009
mo_10                       -0.0084      0.018     -0.459      0.646      -0.044       0.027
mo_11                       -0.0234      0.019     -1.242      0.214      -0.060       0.014
mo_12                       -0.0263      0.018     -1.448      0.148      -0.062       0.009
genre_Action                -0.0565      0.011     -5.315      0.000      -0.077      -0.036
genre_Adventure             -0.0044      0.011     -0.388      0.698      -0.026       0.018
genre_Animation             -0.0214      0.018     -1.194      0.232      -0.057       0.014
genre_Biography             -0.0946      0.014     -6.634      0.000      -0.123      -0.067
genre_Comedy                -0.0088      0.009     -0.931      0.352      -0.027       0.010
genre_Crime                 -0.0970      0.010     -9.545      0.000      -0.117      -0.077
genre_Drama                  0.0102      0.010      1.076      0.282      -0.008       0.029
genre_Family                 0.0758      0.015      5.200      0.000       0.047       0.104
genre_Fantasy                0.0067      0.013      0.532      0.595      -0.018       0.032
genre_History                0.0250      0.020      1.222      0.222      -0.015       0.065
genre_Horror                -0.0355      0.015     -2.424      0.015      -0.064      -0.007
genre_Music                  0.1068      0.019      5.576      0.000       0.069       0.144
genre_Musical                0.3260      0.043      7.531      0.000       0.241       0.411
genre_Mystery               -0.0594      0.013     -4.708      0.000      -0.084      -0.035
genre_News               -8.521e-19   5.24e-18     -0.163      0.871   -1.11e-17    9.42e-18
genre_Romance               -0.0183      0.010     -1.774      0.076      -0.039       0.002
genre_Sci_Fi                -0.0143      0.014     -1.048      0.295      -0.041       0.012
genre_Short               1.796e-18   1.94e-18      0.926      0.355   -2.01e-18     5.6e-18
genre_Sport                 -0.0384      0.021     -1.848      0.065      -0.079       0.002
genre_Thriller              -0.0798      0.011     -7.514      0.000      -0.101      -0.059
genre_War                    0.0087      0.029      0.298      0.766      -0.049       0.066
genre_Western               -0.0371      0.052     -0.719      0.472      -0.138       0.064
==============================================================================
Omnibus:                     1675.466   Durbin-Watson:                   2.008
Prob(Omnibus):                  0.000   Jarque-Bera (JB):            13941.703
Skew:                           1.776   Prob(JB):                         0.00
Kurtosis:                      11.413   Cond. No.                     1.02e+16
==============================================================================

Notes:
[1] Standard Errors assume that the covariance matrix of the errors is correctly specified.
[2] The smallest eigenvalue is 6.4e-27. This might indicate that there are
strong multicollinearity problems or that the design matrix is singular.