                            OLS Regression Results                            
==============================================================================
Dep. Variable:              sd_pooled   R-squared:                       0.562
Model:                            OLS   Adj. R-squared:                  0.555
Method:                 Least Squares   F-statistic:                     79.04
Date:                Sun, 29 Mar 2026   Prob (F-statistic):               0.00
Time:                        15:50:15   Log-Likelihood:                 532.14
No. Observations:                4012   AIC:                            -934.3
Df Residuals:                    3947   BIC:                            -525.0
Df Model:                          64                                         
Covariance Type:            nonrobust                                         
============================================================================================
                               coef    std err          t      P>|t|      [0.025      0.975]
--------------------------------------------------------------------------------------------
const                        3.3808      0.048     69.868      0.000       3.286       3.476
FLead                        0.0467      0.008      5.810      0.000       0.031       0.062
mean_pooled                 -0.2334      0.004    -52.965      0.000      -0.242      -0.225
kim_violence_gore            0.0114      0.003      4.479      0.000       0.006       0.016
kim_sex_nudity               0.0117      0.002      5.800      0.000       0.008       0.016
kim_language                -0.0148      0.002     -7.900      0.000      -0.018      -0.011
major                       -0.0398      0.008     -4.948      0.000      -0.056      -0.024
log_bom_opening_theaters     0.0056      0.002      3.164      0.002       0.002       0.009
genres_count                -0.0091      0.007     -1.340      0.180      -0.022       0.004
yr_1993                     -0.0068      0.034     -0.196      0.845      -0.074       0.061
yr_1994                     -0.0032      0.035     -0.091      0.928      -0.072       0.066
yr_1995                      0.0428      0.035      1.234      0.217      -0.025       0.111
yr_1996                      0.0088      0.034      0.257      0.797      -0.058       0.075
yr_1997                      0.0128      0.035      0.368      0.713      -0.055       0.081
yr_1998                      0.0584      0.033      1.745      0.081      -0.007       0.124
yr_1999                      0.0596      0.033      1.828      0.068      -0.004       0.124
yr_2000                     -0.0096      0.034     -0.286      0.775      -0.075       0.056
yr_2001                      0.0554      0.033      1.678      0.093      -0.009       0.120
yr_2002                      0.0153      0.032      0.472      0.637      -0.048       0.079
yr_2003                     -0.0009      0.033     -0.029      0.977      -0.065       0.063
yr_2004                      0.0605      0.032      1.864      0.062      -0.003       0.124
yr_2005                      0.0477      0.032      1.481      0.139      -0.015       0.111
yr_2006                      0.0967      0.032      3.024      0.003       0.034       0.159
yr_2007                      0.1096      0.032      3.439      0.001       0.047       0.172
yr_2008                      0.0519      0.032      1.616      0.106      -0.011       0.115
yr_2009                      0.0308      0.033      0.946      0.344      -0.033       0.095
yr_2010                      0.0260      0.032      0.802      0.422      -0.038       0.090
yr_2011                      0.0289      0.032      0.908      0.364      -0.034       0.091
yr_2012                      0.0139      0.032      0.440      0.660      -0.048       0.076
yr_2013                      0.0067      0.032      0.211      0.833      -0.056       0.069
yr_2014                      0.0388      0.032      1.204      0.229      -0.024       0.102
yr_2015                     -0.0323      0.032     -1.010      0.313      -0.095       0.030
yr_2016                     -0.0363      0.032     -1.124      0.261      -0.099       0.027
yr_2017                      0.0201      0.033      0.616      0.538      -0.044       0.084
yr_2018                      0.0142      0.033      0.436      0.663      -0.050       0.078
mo_2                         0.0075      0.019      0.384      0.701      -0.031       0.046
mo_3                        -0.0042      0.019     -0.224      0.823      -0.040       0.032
mo_4                         0.0008      0.019      0.040      0.968      -0.036       0.037
mo_5                        -0.0128      0.020     -0.647      0.517      -0.051       0.026
mo_6                        -0.0253      0.019     -1.299      0.194      -0.063       0.013
mo_7                        -0.0234      0.019     -1.240      0.215      -0.061       0.014
mo_8                        -0.0254      0.018     -1.394      0.163      -0.061       0.010
mo_9                        -0.0276      0.019     -1.488      0.137      -0.064       0.009
mo_10                       -0.0062      0.018     -0.341      0.733      -0.042       0.030
mo_11                       -0.0239      0.019     -1.276      0.202      -0.061       0.013
mo_12                       -0.0263      0.018     -1.450      0.147      -0.062       0.009
genre_Action                -0.0544      0.011     -5.135      0.000      -0.075      -0.034
genre_Adventure             -0.0061      0.011     -0.539      0.590      -0.028       0.016
genre_Animation             -0.0284      0.018     -1.581      0.114      -0.064       0.007
genre_Biography             -0.0923      0.014     -6.486      0.000      -0.120      -0.064
genre_Comedy                -0.0046      0.009     -0.485      0.628      -0.023       0.014
genre_Crime                 -0.0885      0.010     -8.638      0.000      -0.109      -0.068
genre_Drama                  0.0130      0.010      1.370      0.171      -0.006       0.032
genre_Family                 0.0708      0.015      4.857      0.000       0.042       0.099
genre_Fantasy                0.0042      0.013      0.334      0.738      -0.021       0.029
genre_History                0.0190      0.020      0.933      0.351      -0.021       0.059
genre_Horror                -0.0318      0.015     -2.185      0.029      -0.060      -0.003
genre_Music                  0.1104      0.019      5.777      0.000       0.073       0.148
genre_Musical                0.3180      0.043      7.361      0.000       0.233       0.403
genre_Mystery               -0.0593      0.013     -4.711      0.000      -0.084      -0.035
genre_News                -1.91e-17   1.28e-17     -1.494      0.135   -4.42e-17    5.97e-18
genre_Romance               -0.0197      0.010     -1.913      0.056      -0.040       0.000
genre_Sci_Fi                -0.0126      0.014     -0.930      0.352      -0.039       0.014
genre_Short               -7.39e-19   2.43e-18     -0.304      0.761    -5.5e-18    4.02e-18
genre_Sport                 -0.0382      0.021     -1.842      0.065      -0.079       0.002
genre_Thriller              -0.0738      0.011     -6.929      0.000      -0.095      -0.053
genre_War                    0.0117      0.029      0.401      0.689      -0.045       0.069
genre_Western               -0.0466      0.051     -0.905      0.365      -0.148       0.054
==============================================================================
Omnibus:                     1649.938   Durbin-Watson:                   2.005
Prob(Omnibus):                  0.000   Jarque-Bera (JB):            13367.107
Skew:                           1.752   Prob(JB):                         0.00
Kurtosis:                      11.227   Cond. No.                     1.02e+16
==============================================================================

Notes:
[1] Standard Errors assume that the covariance matrix of the errors is correctly specified.
[2] The smallest eigenvalue is 6.37e-27. This might indicate that there are
strong multicollinearity problems or that the design matrix is singular.