                            OLS Regression Results                            
==============================================================================
Dep. Variable:              sd_pooled   R-squared:                       0.561
Model:                            OLS   Adj. R-squared:                  0.554
Method:                 Least Squares   F-statistic:                     78.96
Date:                Tue, 31 Mar 2026   Prob (F-statistic):               0.00
Time:                        14:52:06   Log-Likelihood:                 531.04
No. Observations:                4012   AIC:                            -932.1
Df Residuals:                    3947   BIC:                            -522.8
Df Model:                          64                                         
Covariance Type:            nonrobust                                         
============================================================================================
                               coef    std err          t      P>|t|      [0.025      0.975]
--------------------------------------------------------------------------------------------
const                        3.3940      0.048     70.205      0.000       3.299       3.489
FLead                        0.0467      0.008      5.804      0.000       0.031       0.062
mean_pooled                 -0.2342      0.004    -53.004      0.000      -0.243      -0.226
kim_violence_gore            0.0123      0.003      4.827      0.000       0.007       0.017
kim_sex_nudity               0.0114      0.002      5.605      0.000       0.007       0.015
kim_language                -0.0149      0.002     -7.939      0.000      -0.019      -0.011
major                       -0.0369      0.008     -4.581      0.000      -0.053      -0.021
log_bom_opening_theaters     0.0039      0.002      2.241      0.025       0.000       0.007
genres_count                -0.0088      0.007     -1.297      0.195      -0.022       0.004
yr_1993                     -0.0075      0.034     -0.218      0.828      -0.075       0.060
yr_1994                     -0.0050      0.035     -0.142      0.887      -0.074       0.064
yr_1995                      0.0424      0.035      1.223      0.222      -0.026       0.110
yr_1996                      0.0073      0.034      0.215      0.830      -0.059       0.074
yr_1997                      0.0116      0.035      0.333      0.739      -0.056       0.080
yr_1998                      0.0579      0.033      1.731      0.083      -0.008       0.124
yr_1999                      0.0590      0.033      1.811      0.070      -0.005       0.123
yr_2000                     -0.0095      0.034     -0.281      0.778      -0.075       0.056
yr_2001                      0.0544      0.033      1.647      0.100      -0.010       0.119
yr_2002                      0.0152      0.032      0.467      0.641      -0.048       0.079
yr_2003                     -0.0015      0.033     -0.046      0.963      -0.066       0.063
yr_2004                      0.0598      0.032      1.842      0.066      -0.004       0.123
yr_2005                      0.0462      0.032      1.437      0.151      -0.017       0.109
yr_2006                      0.0959      0.032      2.998      0.003       0.033       0.159
yr_2007                      0.1097      0.032      3.443      0.001       0.047       0.172
yr_2008                      0.0512      0.032      1.595      0.111      -0.012       0.114
yr_2009                      0.0305      0.032      0.938      0.348      -0.033       0.094
yr_2010                      0.0244      0.032      0.753      0.451      -0.039       0.088
yr_2011                      0.0283      0.032      0.891      0.373      -0.034       0.091
yr_2012                      0.0130      0.032      0.412      0.681      -0.049       0.075
yr_2013                      0.0043      0.032      0.136      0.892      -0.058       0.067
yr_2014                      0.0381      0.032      1.184      0.237      -0.025       0.101
yr_2015                     -0.0337      0.032     -1.055      0.292      -0.096       0.029
yr_2016                     -0.0365      0.032     -1.131      0.258      -0.100       0.027
yr_2017                      0.0201      0.033      0.617      0.537      -0.044       0.084
yr_2018                      0.0139      0.033      0.425      0.671      -0.050       0.078
mo_2                         0.0083      0.019      0.426      0.670      -0.030       0.046
mo_3                        -0.0043      0.019     -0.234      0.815      -0.041       0.032
mo_4                         0.0002      0.019      0.012      0.990      -0.036       0.037
mo_5                        -0.0135      0.020     -0.682      0.495      -0.052       0.025
mo_6                        -0.0268      0.019     -1.375      0.169      -0.065       0.011
mo_7                        -0.0241      0.019     -1.276      0.202      -0.061       0.013
mo_8                        -0.0252      0.018     -1.381      0.167      -0.061       0.011
mo_9                        -0.0284      0.019     -1.532      0.126      -0.065       0.008
mo_10                       -0.0082      0.018     -0.448      0.654      -0.044       0.028
mo_11                       -0.0250      0.019     -1.333      0.183      -0.062       0.012
mo_12                       -0.0299      0.018     -1.654      0.098      -0.065       0.006
genre_Action                -0.0549      0.011     -5.172      0.000      -0.076      -0.034
genre_Adventure             -0.0055      0.011     -0.487      0.626      -0.028       0.017
genre_Animation             -0.0282      0.018     -1.571      0.116      -0.063       0.007
genre_Biography             -0.0938      0.014     -6.594      0.000      -0.122      -0.066
genre_Comedy                -0.0032      0.010     -0.333      0.739      -0.022       0.016
genre_Crime                 -0.0889      0.010     -8.677      0.000      -0.109      -0.069
genre_Drama                  0.0114      0.009      1.201      0.230      -0.007       0.030
genre_Family                 0.0721      0.015      4.946      0.000       0.043       0.101
genre_Fantasy                0.0044      0.013      0.346      0.729      -0.020       0.029
genre_History                0.0180      0.020      0.879      0.379      -0.022       0.058
genre_Horror                -0.0342      0.015     -2.339      0.019      -0.063      -0.006
genre_Music                  0.1116      0.019      5.833      0.000       0.074       0.149
genre_Musical                0.3200      0.043      7.407      0.000       0.235       0.405
genre_Mystery               -0.0588      0.013     -4.673      0.000      -0.083      -0.034
genre_News               -3.356e-18   4.23e-18     -0.793      0.428   -1.17e-17    4.94e-18
genre_Romance               -0.0183      0.010     -1.777      0.076      -0.039       0.002
genre_Sci_Fi                -0.0125      0.014     -0.920      0.358      -0.039       0.014
genre_Short               -1.15e-17   9.16e-18     -1.256      0.209   -2.95e-17    6.46e-18
genre_Sport                 -0.0360      0.021     -1.736      0.083      -0.077       0.005
genre_Thriller              -0.0741      0.011     -6.952      0.000      -0.095      -0.053
genre_War                    0.0083      0.029      0.283      0.777      -0.049       0.065
genre_Western               -0.0461      0.051     -0.895      0.371      -0.147       0.055
==============================================================================
Omnibus:                     1659.069   Durbin-Watson:                   2.006
Prob(Omnibus):                  0.000   Jarque-Bera (JB):            13604.767
Skew:                           1.760   Prob(JB):                         0.00
Kurtosis:                      11.306   Cond. No.                     1.02e+16
==============================================================================

Notes:
[1] Standard Errors assume that the covariance matrix of the errors is correctly specified.
[2] The smallest eigenvalue is 6.39e-27. This might indicate that there are
strong multicollinearity problems or that the design matrix is singular.