                            OLS Regression Results                            
==============================================================================
Dep. Variable:              sd_pooled   R-squared:                       0.560
Model:                            OLS   Adj. R-squared:                  0.553
Method:                 Least Squares   F-statistic:                     78.39
Date:                Tue, 31 Mar 2026   Prob (F-statistic):               0.00
Time:                        16:50:44   Log-Likelihood:                 522.89
No. Observations:                4012   AIC:                            -915.8
Df Residuals:                    3947   BIC:                            -506.5
Df Model:                          64                                         
Covariance Type:            nonrobust                                         
============================================================================================
                               coef    std err          t      P>|t|      [0.025      0.975]
--------------------------------------------------------------------------------------------
const                        3.3970      0.049     70.002      0.000       3.302       3.492
FLead                        0.0433      0.008      5.386      0.000       0.028       0.059
mean_pooled                 -0.2317      0.004    -52.598      0.000      -0.240      -0.223
kim_violence_gore           -0.0026      0.002     -1.347      0.178      -0.006       0.001
kim_sex_nudity               0.0138      0.002      6.942      0.000       0.010       0.018
kim_language                -0.0124      0.002     -6.623      0.000      -0.016      -0.009
major                       -0.0412      0.008     -5.116      0.000      -0.057      -0.025
log_bom_opening_theaters     0.0066      0.002      3.698      0.000       0.003       0.010
genres_count                -0.0037      0.007     -0.551      0.582      -0.017       0.009
yr_1993                      0.0031      0.034      0.090      0.928      -0.065       0.071
yr_1994                      0.0028      0.035      0.078      0.938      -0.066       0.072
yr_1995                      0.0500      0.035      1.440      0.150      -0.018       0.118
yr_1996                      0.0159      0.034      0.465      0.642      -0.051       0.083
yr_1997                      0.0222      0.035      0.639      0.523      -0.046       0.090
yr_1998                      0.0643      0.034      1.917      0.055      -0.001       0.130
yr_1999                      0.0701      0.033      2.148      0.032       0.006       0.134
yr_2000                     -0.0015      0.034     -0.045      0.964      -0.067       0.064
yr_2001                      0.0699      0.033      2.117      0.034       0.005       0.135
yr_2002                      0.0256      0.033      0.787      0.431      -0.038       0.089
yr_2003                      0.0091      0.033      0.279      0.780      -0.055       0.073
yr_2004                      0.0727      0.032      2.240      0.025       0.009       0.136
yr_2005                      0.0614      0.032      1.906      0.057      -0.002       0.124
yr_2006                      0.1127      0.032      3.526      0.000       0.050       0.175
yr_2007                      0.1250      0.032      3.930      0.000       0.063       0.187
yr_2008                      0.0653      0.032      2.036      0.042       0.002       0.128
yr_2009                      0.0445      0.032      1.370      0.171      -0.019       0.108
yr_2010                      0.0408      0.032      1.260      0.208      -0.023       0.104
yr_2011                      0.0417      0.032      1.311      0.190      -0.021       0.104
yr_2012                      0.0270      0.032      0.852      0.394      -0.035       0.089
yr_2013                      0.0192      0.032      0.604      0.546      -0.043       0.082
yr_2014                      0.0477      0.032      1.479      0.139      -0.016       0.111
yr_2015                     -0.0260      0.032     -0.811      0.417      -0.089       0.037
yr_2016                     -0.0266      0.032     -0.823      0.411      -0.090       0.037
yr_2017                      0.0277      0.033      0.850      0.396      -0.036       0.092
yr_2018                      0.0240      0.033      0.733      0.463      -0.040       0.088
mo_2                         0.0074      0.020      0.377      0.706      -0.031       0.046
mo_3                        -0.0044      0.019     -0.236      0.814      -0.041       0.032
mo_4                         0.0028      0.019      0.149      0.882      -0.034       0.040
mo_5                        -0.0127      0.020     -0.645      0.519      -0.052       0.026
mo_6                        -0.0262      0.020     -1.342      0.180      -0.064       0.012
mo_7                        -0.0244      0.019     -1.290      0.197      -0.062       0.013
mo_8                        -0.0268      0.018     -1.468      0.142      -0.063       0.009
mo_9                        -0.0288      0.019     -1.547      0.122      -0.065       0.008
mo_10                       -0.0052      0.018     -0.287      0.774      -0.041       0.031
mo_11                       -0.0236      0.019     -1.253      0.210      -0.060       0.013
mo_12                       -0.0247      0.018     -1.361      0.173      -0.060       0.011
genre_Action                -0.0428      0.010     -4.099      0.000      -0.063      -0.022
genre_Adventure             -0.0046      0.011     -0.412      0.681      -0.027       0.017
genre_Animation             -0.0366      0.018     -2.040      0.041      -0.072      -0.001
genre_Biography             -0.0974      0.014     -6.838      0.000      -0.125      -0.069
genre_Comedy                -0.0218      0.009     -2.406      0.016      -0.039      -0.004
genre_Crime                 -0.0822      0.010     -8.055      0.000      -0.102      -0.062
genre_Drama                  0.0069      0.009      0.730      0.466      -0.012       0.025
genre_Family                 0.0631      0.015      4.343      0.000       0.035       0.092
genre_Fantasy                0.0067      0.013      0.529      0.597      -0.018       0.032
genre_History                0.0250      0.020      1.221      0.222      -0.015       0.065
genre_Horror                -0.0063      0.014     -0.455      0.649      -0.034       0.021
genre_Music                  0.0962      0.019      5.074      0.000       0.059       0.133
genre_Musical                0.3090      0.043      7.141      0.000       0.224       0.394
genre_Mystery               -0.0600      0.013     -4.756      0.000      -0.085      -0.035
genre_News                -1.32e-17   6.58e-18     -2.004      0.045   -2.61e-17   -2.88e-19
genre_Romance               -0.0339      0.010     -3.401      0.001      -0.053      -0.014
genre_Sci_Fi                -0.0107      0.014     -0.787      0.432      -0.037       0.016
genre_Short               1.926e-18   1.69e-18      1.140      0.254   -1.39e-18    5.24e-18
genre_Sport                 -0.0439      0.021     -2.115      0.034      -0.085      -0.003
genre_Thriller              -0.0719      0.011     -6.732      0.000      -0.093      -0.051
genre_War                    0.0308      0.029      1.065      0.287      -0.026       0.088
genre_Western               -0.0293      0.051     -0.570      0.569      -0.130       0.072
==============================================================================
Omnibus:                     1664.879   Durbin-Watson:                   2.003
Prob(Omnibus):                  0.000   Jarque-Bera (JB):            13813.728
Skew:                           1.763   Prob(JB):                         0.00
Kurtosis:                      11.378   Cond. No.                     1.02e+16
==============================================================================

Notes:
[1] Standard Errors assume that the covariance matrix of the errors is correctly specified.
[2] The smallest eigenvalue is 6.36e-27. This might indicate that there are
strong multicollinearity problems or that the design matrix is singular.