                            OLS Regression Results                            
==============================================================================
Dep. Variable:              sd_pooled   R-squared:                       0.563
Model:                            OLS   Adj. R-squared:                  0.555
Method:                 Least Squares   F-statistic:                     78.52
Date:                Sun, 29 Mar 2026   Prob (F-statistic):               0.00
Time:                        15:30:04   Log-Likelihood:                 525.13
No. Observations:                3972   AIC:                            -920.3
Df Residuals:                    3907   BIC:                            -511.6
Df Model:                          64                                         
Covariance Type:            nonrobust                                         
============================================================================================
                               coef    std err          t      P>|t|      [0.025      0.975]
--------------------------------------------------------------------------------------------
const                        3.3800      0.049     69.453      0.000       3.285       3.475
FLead                        0.0464      0.008      5.744      0.000       0.031       0.062
mean_pooled                 -0.2340      0.004    -52.863      0.000      -0.243      -0.225
kim_violence_gore            0.0125      0.003      4.875      0.000       0.007       0.018
kim_sex_nudity               0.0117      0.002      5.715      0.000       0.008       0.016
kim_language                -0.0150      0.002     -7.984      0.000      -0.019      -0.011
major                       -0.0391      0.008     -4.846      0.000      -0.055      -0.023
log_bom_opening_theaters     0.0057      0.002      3.197      0.001       0.002       0.009
genres_count                -0.0093      0.007     -1.361      0.173      -0.023       0.004
yr_1993                     -0.0069      0.035     -0.200      0.842      -0.075       0.061
yr_1994                     -0.0067      0.035     -0.189      0.850      -0.076       0.063
yr_1995                      0.0396      0.035      1.129      0.259      -0.029       0.108
yr_1996                      0.0096      0.034      0.279      0.780      -0.058       0.077
yr_1997                      0.0126      0.035      0.361      0.718      -0.056       0.081
yr_1998                      0.0601      0.034      1.781      0.075      -0.006       0.126
yr_1999                      0.0576      0.033      1.754      0.080      -0.007       0.122
yr_2000                     -0.0104      0.034     -0.307      0.759      -0.077       0.056
yr_2001                      0.0509      0.033      1.529      0.126      -0.014       0.116
yr_2002                      0.0124      0.033      0.378      0.705      -0.052       0.076
yr_2003                     -0.0022      0.033     -0.068      0.946      -0.067       0.062
yr_2004                      0.0584      0.033      1.785      0.074      -0.006       0.123
yr_2005                      0.0469      0.032      1.446      0.148      -0.017       0.111
yr_2006                      0.0973      0.032      3.011      0.003       0.034       0.161
yr_2007                      0.1068      0.032      3.326      0.001       0.044       0.170
yr_2008                      0.0499      0.032      1.546      0.122      -0.013       0.113
yr_2009                      0.0315      0.033      0.960      0.337      -0.033       0.096
yr_2010                      0.0241      0.033      0.737      0.461      -0.040       0.088
yr_2011                      0.0247      0.032      0.770      0.441      -0.038       0.088
yr_2012                      0.0127      0.032      0.400      0.689      -0.050       0.075
yr_2013                      0.0049      0.032      0.152      0.879      -0.058       0.068
yr_2014                      0.0345      0.033      1.059      0.290      -0.029       0.098
yr_2015                     -0.0335      0.032     -1.041      0.298      -0.097       0.030
yr_2016                     -0.0396      0.032     -1.219      0.223      -0.103       0.024
yr_2017                      0.0186      0.033      0.565      0.572      -0.046       0.083
yr_2018                      0.0140      0.033      0.426      0.670      -0.051       0.079
mo_2                         0.0061      0.020      0.315      0.753      -0.032       0.044
mo_3                        -0.0044      0.019     -0.237      0.813      -0.041       0.032
mo_4                         0.0029      0.019      0.152      0.879      -0.034       0.040
mo_5                        -0.0141      0.020     -0.710      0.478      -0.053       0.025
mo_6                        -0.0249      0.020     -1.276      0.202      -0.063       0.013
mo_7                        -0.0220      0.019     -1.161      0.246      -0.059       0.015
mo_8                        -0.0247      0.018     -1.347      0.178      -0.061       0.011
mo_9                        -0.0281      0.019     -1.502      0.133      -0.065       0.009
mo_10                       -0.0066      0.018     -0.361      0.718      -0.042       0.029
mo_11                       -0.0243      0.019     -1.292      0.197      -0.061       0.013
mo_12                       -0.0268      0.018     -1.470      0.142      -0.062       0.009
genre_Action                -0.0559      0.011     -5.231      0.000      -0.077      -0.035
genre_Adventure             -0.0051      0.011     -0.453      0.651      -0.027       0.017
genre_Animation             -0.0245      0.018     -1.352      0.177      -0.060       0.011
genre_Biography             -0.0912      0.014     -6.368      0.000      -0.119      -0.063
genre_Comedy                -0.0032      0.010     -0.331      0.741      -0.022       0.016
genre_Crime                 -0.0892      0.010     -8.654      0.000      -0.109      -0.069
genre_Drama                  0.0151      0.010      1.578      0.115      -0.004       0.034
genre_Family                 0.0707      0.015      4.837      0.000       0.042       0.099
genre_Fantasy                0.0030      0.013      0.237      0.813      -0.022       0.028
genre_History                0.0167      0.021      0.808      0.419      -0.024       0.057
genre_Horror                -0.0331      0.015     -2.256      0.024      -0.062      -0.004
genre_Music                  0.1107      0.019      5.763      0.000       0.073       0.148
genre_Musical                0.3188      0.043      7.376      0.000       0.234       0.404
genre_Mystery               -0.0593      0.013     -4.697      0.000      -0.084      -0.035
genre_News               -5.742e-18    4.2e-18     -1.366      0.172    -1.4e-17     2.5e-18
genre_Romance               -0.0182      0.010     -1.762      0.078      -0.039       0.002
genre_Sci_Fi                -0.0135      0.014     -0.985      0.325      -0.040       0.013
genre_Short               1.614e-20   2.85e-18      0.006      0.995   -5.56e-18     5.6e-18
genre_Sport                 -0.0404      0.021     -1.942      0.052      -0.081       0.000
genre_Thriller              -0.0737      0.011     -6.885      0.000      -0.095      -0.053
genre_War                    0.0102      0.029      0.351      0.726      -0.047       0.067
genre_Western               -0.0473      0.052     -0.917      0.359      -0.148       0.054
==============================================================================
Omnibus:                     1640.687   Durbin-Watson:                   2.004
Prob(Omnibus):                  0.000   Jarque-Bera (JB):            13364.083
Skew:                           1.760   Prob(JB):                         0.00
Kurtosis:                      11.268   Cond. No.                     1.02e+16
==============================================================================

Notes:
[1] Standard Errors assume that the covariance matrix of the errors is correctly specified.
[2] The smallest eigenvalue is 6.32e-27. This might indicate that there are
strong multicollinearity problems or that the design matrix is singular.