                            OLS Regression Results                            
==============================================================================
Dep. Variable:              sd_pooled   R-squared:                       0.554
Model:                            OLS   Adj. R-squared:                  0.540
Method:                 Least Squares   F-statistic:                     37.74
Date:                Wed, 01 Apr 2026   Prob (F-statistic):               0.00
Time:                        00:23:29   Log-Likelihood:                 130.69
No. Observations:                2006   AIC:                            -131.4
Df Residuals:                    1941   BIC:                             232.9
Df Model:                          64                                         
Covariance Type:            nonrobust                                         
============================================================================================
                               coef    std err          t      P>|t|      [0.025      0.975]
--------------------------------------------------------------------------------------------
const                        3.5037      0.074     47.403      0.000       3.359       3.649
FLead                        0.0557      0.012      4.587      0.000       0.032       0.079
mean_pooled                 -0.2452      0.006    -37.896      0.000      -0.258      -0.232
kim_violence_gore            0.0072      0.004      1.720      0.086      -0.001       0.015
kim_sex_nudity               0.0104      0.004      2.974      0.003       0.004       0.017
kim_language                -0.0287      0.004     -6.994      0.000      -0.037      -0.021
major                       -0.0576      0.012     -4.626      0.000      -0.082      -0.033
log_bom_opening_theaters     0.0117      0.003      3.971      0.000       0.006       0.017
genres_count                -0.0253      0.011     -2.389      0.017      -0.046      -0.005
yr_1993                      0.0252      0.050      0.507      0.612      -0.072       0.123
yr_1994                      0.0031      0.050      0.063      0.949      -0.094       0.101
yr_1995                      0.0706      0.051      1.386      0.166      -0.029       0.170
yr_1996                      0.0620      0.051      1.210      0.226      -0.038       0.162
yr_1997                      0.0385      0.053      0.733      0.464      -0.065       0.142
yr_1998                      0.0822      0.050      1.634      0.102      -0.016       0.181
yr_1999                      0.0566      0.050      1.137      0.256      -0.041       0.154
yr_2000                      0.0169      0.052      0.327      0.744      -0.085       0.118
yr_2001                      0.0830      0.051      1.626      0.104      -0.017       0.183
yr_2002                      0.0381      0.048      0.800      0.424      -0.055       0.132
yr_2003                      0.0001      0.049      0.002      0.998      -0.095       0.096
yr_2004                      0.0847      0.048      1.767      0.077      -0.009       0.179
yr_2005                      0.0754      0.047      1.595      0.111      -0.017       0.168
yr_2006                      0.1090      0.047      2.325      0.020       0.017       0.201
yr_2007                      0.1237      0.047      2.620      0.009       0.031       0.216
yr_2008                      0.0725      0.047      1.526      0.127      -0.021       0.166
yr_2009                      0.0430      0.049      0.878      0.380      -0.053       0.139
yr_2010                      0.0754      0.048      1.560      0.119      -0.019       0.170
yr_2011                      0.1070      0.047      2.258      0.024       0.014       0.200
yr_2012                      0.0732      0.047      1.555      0.120      -0.019       0.166
yr_2013                      0.0444      0.048      0.930      0.352      -0.049       0.138
yr_2014                      0.0744      0.049      1.512      0.131      -0.022       0.171
yr_2015                      0.0194      0.049      0.399      0.690      -0.076       0.115
yr_2016                      0.0021      0.048      0.044      0.965      -0.092       0.096
yr_2017                      0.1025      0.049      2.109      0.035       0.007       0.198
yr_2018                      0.0546      0.049      1.110      0.267      -0.042       0.151
mo_2                         0.0407      0.031      1.330      0.184      -0.019       0.101
mo_3                         0.0106      0.030      0.354      0.723      -0.048       0.070
mo_4                         0.0198      0.030      0.653      0.514      -0.040       0.079
mo_5                        -0.0050      0.030     -0.165      0.869      -0.064       0.054
mo_6                         0.0058      0.031      0.188      0.851      -0.054       0.066
mo_7                        -0.0075      0.029     -0.258      0.797      -0.065       0.050
mo_8                        -0.0039      0.030     -0.132      0.895      -0.062       0.054
mo_9                        -0.0116      0.030     -0.383      0.702      -0.071       0.048
mo_10                        0.0018      0.030      0.061      0.952      -0.056       0.060
mo_11                       -0.0217      0.029     -0.736      0.462      -0.080       0.036
mo_12                       -0.0270      0.029     -0.943      0.346      -0.083       0.029
genre_Action                -0.0650      0.017     -3.903      0.000      -0.098      -0.032
genre_Adventure             -0.0189      0.016     -1.193      0.233      -0.050       0.012
genre_Animation             -0.0410      0.023     -1.820      0.069      -0.085       0.003
genre_Biography             -0.1095      0.023     -4.767      0.000      -0.155      -0.064
genre_Comedy                -0.0247      0.014     -1.721      0.085      -0.053       0.003
genre_Crime                 -0.0676      0.018     -3.757      0.000      -0.103      -0.032
genre_Drama                  0.0457      0.015      3.132      0.002       0.017       0.074
genre_Family                 0.0461      0.018      2.496      0.013       0.010       0.082
genre_Fantasy               -0.0100      0.017     -0.589      0.556      -0.043       0.023
genre_History                0.0402      0.028      1.441      0.150      -0.014       0.095
genre_Horror                -0.0681      0.024     -2.827      0.005      -0.115      -0.021
genre_Music                  0.1191      0.029      4.044      0.000       0.061       0.177
genre_Musical                0.3182      0.060      5.289      0.000       0.200       0.436
genre_Mystery               -0.0778      0.021     -3.716      0.000      -0.119      -0.037
genre_News                2.909e-18   7.51e-18      0.387      0.699   -1.18e-17    1.76e-17
genre_Romance               -0.0443      0.016     -2.788      0.005      -0.075      -0.013
genre_Sci_Fi                 0.0071      0.020      0.349      0.727      -0.033       0.047
genre_Short               1.607e-18   4.58e-18      0.351      0.726   -7.38e-18    1.06e-17
genre_Sport                 -0.0336      0.033     -1.011      0.312      -0.099       0.032
genre_Thriller              -0.0655      0.019     -3.530      0.000      -0.102      -0.029
genre_War                    0.0350      0.047      0.745      0.456      -0.057       0.127
genre_Western               -0.0106      0.075     -0.143      0.887      -0.157       0.136
==============================================================================
Omnibus:                      846.467   Durbin-Watson:                   1.982
Prob(Omnibus):                  0.000   Jarque-Bera (JB):             6610.835
Skew:                           1.795   Prob(JB):                         0.00
Kurtosis:                      11.137   Cond. No.                     1.02e+16
==============================================================================

Notes:
[1] Standard Errors assume that the covariance matrix of the errors is correctly specified.
[2] The smallest eigenvalue is 2.78e-27. This might indicate that there are
strong multicollinearity problems or that the design matrix is singular.