                            OLS Regression Results                            
==============================================================================
Dep. Variable:              sd_pooled   R-squared:                       0.554
Model:                            OLS   Adj. R-squared:                  0.539
Method:                 Least Squares   F-statistic:                     37.66
Date:                Sun, 29 Mar 2026   Prob (F-statistic):               0.00
Time:                        15:25:54   Log-Likelihood:                 272.41
No. Observations:                2006   AIC:                            -414.8
Df Residuals:                    1941   BIC:                            -50.56
Df Model:                          64                                         
Covariance Type:            nonrobust                                         
============================================================================================
                               coef    std err          t      P>|t|      [0.025      0.975]
--------------------------------------------------------------------------------------------
const                        3.2633      0.071     46.163      0.000       3.125       3.402
FLead                        0.0377      0.011      3.310      0.001       0.015       0.060
mean_pooled                 -0.2242      0.006    -35.380      0.000      -0.237      -0.212
kim_violence_gore            0.0123      0.004      3.367      0.001       0.005       0.019
kim_sex_nudity               0.0118      0.003      4.017      0.000       0.006       0.018
kim_language                -0.0157      0.003     -5.985      0.000      -0.021      -0.011
major                       -0.0454      0.012     -3.901      0.000      -0.068      -0.023
log_bom_opening_theaters     0.0068      0.003      2.621      0.009       0.002       0.012
genres_count                -0.0128      0.010     -1.308      0.191      -0.032       0.006
yr_1993                      0.0570      0.049      1.161      0.246      -0.039       0.153
yr_1994                      0.0350      0.051      0.684      0.494      -0.065       0.135
yr_1995                      0.0976      0.049      1.982      0.048       0.001       0.194
yr_1996                      0.0380      0.050      0.764      0.445      -0.059       0.135
yr_1997                      0.0740      0.050      1.482      0.138      -0.024       0.172
yr_1998                      0.0976      0.048      2.025      0.043       0.003       0.192
yr_1999                      0.1049      0.048      2.180      0.029       0.011       0.199
yr_2000                      0.0588      0.049      1.203      0.229      -0.037       0.155
yr_2001                      0.1278      0.048      2.679      0.007       0.034       0.221
yr_2002                      0.0285      0.048      0.592      0.554      -0.066       0.123
yr_2003                      0.0291      0.048      0.607      0.544      -0.065       0.123
yr_2004                      0.0971      0.047      2.087      0.037       0.006       0.188
yr_2005                      0.0623      0.048      1.303      0.193      -0.031       0.156
yr_2006                      0.1058      0.047      2.232      0.026       0.013       0.199
yr_2007                      0.1698      0.046      3.664      0.000       0.079       0.261
yr_2008                      0.1048      0.047      2.234      0.026       0.013       0.197
yr_2009                      0.0649      0.047      1.394      0.163      -0.026       0.156
yr_2010                      0.0659      0.047      1.410      0.159      -0.026       0.158
yr_2011                      0.0679      0.046      1.474      0.141      -0.022       0.158
yr_2012                      0.0668      0.046      1.445      0.149      -0.024       0.158
yr_2013                      0.0562      0.046      1.210      0.227      -0.035       0.147
yr_2014                      0.1121      0.046      2.414      0.016       0.021       0.203
yr_2015                      0.0058      0.047      0.124      0.902      -0.086       0.097
yr_2016                     -0.0223      0.047     -0.471      0.637      -0.115       0.070
yr_2017                      0.1050      0.047      2.216      0.027       0.012       0.198
yr_2018                      0.0304      0.049      0.621      0.535      -0.066       0.126
mo_2                         0.0094      0.028      0.335      0.737      -0.045       0.064
mo_3                         0.0076      0.027      0.285      0.775      -0.045       0.060
mo_4                        -0.0040      0.027     -0.148      0.883      -0.056       0.049
mo_5                        -0.0102      0.029     -0.358      0.720      -0.066       0.046
mo_6                        -0.0132      0.028     -0.480      0.631      -0.067       0.041
mo_7                         0.0050      0.028      0.182      0.856      -0.049       0.059
mo_8                        -0.0138      0.026     -0.526      0.599      -0.065       0.038
mo_9                        -0.0428      0.027     -1.588      0.113      -0.096       0.010
mo_10                        0.0039      0.026      0.149      0.882      -0.048       0.055
mo_11                       -0.0423      0.027     -1.544      0.123      -0.096       0.011
mo_12                       -0.0191      0.027     -0.719      0.472      -0.071       0.033
genre_Action                -0.0435      0.015     -2.845      0.004      -0.073      -0.014
genre_Adventure             -0.0030      0.016     -0.190      0.849      -0.034       0.028
genre_Animation             -0.0458      0.025     -1.797      0.072      -0.096       0.004
genre_Biography             -0.0872      0.021     -4.165      0.000      -0.128      -0.046
genre_Comedy                 0.0056      0.014      0.408      0.683      -0.021       0.032
genre_Crime                 -0.0919      0.015     -6.326      0.000      -0.120      -0.063
genre_Drama                  0.0248      0.014      1.827      0.068      -0.002       0.051
genre_Family                 0.0831      0.020      4.055      0.000       0.043       0.123
genre_Fantasy                0.0055      0.018      0.308      0.758      -0.029       0.040
genre_History                0.0490      0.030      1.613      0.107      -0.011       0.109
genre_Horror                -0.0348      0.021     -1.661      0.097      -0.076       0.006
genre_Music                  0.1178      0.028      4.229      0.000       0.063       0.172
genre_Musical                0.2437      0.063      3.858      0.000       0.120       0.368
genre_Mystery               -0.0604      0.019     -3.255      0.001      -0.097      -0.024
genre_News               -1.434e-17   4.81e-18     -2.979      0.003   -2.38e-17    -4.9e-18
genre_Romance               -0.0160      0.015     -1.065      0.287      -0.045       0.013
genre_Sci_Fi                 0.0004      0.019      0.021      0.983      -0.037       0.038
genre_Short               -1.76e-19   4.05e-18     -0.043      0.965   -8.11e-18    7.76e-18
genre_Sport                 -0.0555      0.029     -1.894      0.058      -0.113       0.002
genre_Thriller              -0.0880      0.016     -5.631      0.000      -0.119      -0.057
genre_War                    0.0256      0.039      0.660      0.509      -0.051       0.102
genre_Western               -0.0419      0.079     -0.532      0.595      -0.196       0.112
==============================================================================
Omnibus:                      970.517   Durbin-Watson:                   1.941
Prob(Omnibus):                  0.000   Jarque-Bera (JB):            10998.752
Skew:                           1.990   Prob(JB):                         0.00
Kurtosis:                      13.759   Cond. No.                     1.02e+16
==============================================================================

Notes:
[1] Standard Errors assume that the covariance matrix of the errors is correctly specified.
[2] The smallest eigenvalue is 3.19e-27. This might indicate that there are
strong multicollinearity problems or that the design matrix is singular.