                            OLS Regression Results                            
==============================================================================
Dep. Variable:              sd_pooled   R-squared:                       0.570
Model:                            OLS   Adj. R-squared:                  0.556
Method:                 Least Squares   F-statistic:                     40.27
Date:                Sun, 29 Mar 2026   Prob (F-statistic):               0.00
Time:                        15:25:16   Log-Likelihood:                 313.66
No. Observations:                2006   AIC:                            -497.3
Df Residuals:                    1941   BIC:                            -133.1
Df Model:                          64                                         
Covariance Type:            nonrobust                                         
============================================================================================
                               coef    std err          t      P>|t|      [0.025      0.975]
--------------------------------------------------------------------------------------------
const                        3.3346      0.068     48.825      0.000       3.201       3.469
FLead                        0.0491      0.011      4.332      0.000       0.027       0.071
mean_pooled                 -0.2309      0.006    -37.075      0.000      -0.243      -0.219
kim_violence_gore            0.0109      0.004      3.029      0.002       0.004       0.018
kim_sex_nudity               0.0132      0.003      4.631      0.000       0.008       0.019
kim_language                -0.0153      0.003     -5.773      0.000      -0.020      -0.010
major                       -0.0427      0.011     -3.812      0.000      -0.065      -0.021
log_bom_opening_theaters     0.0073      0.003      2.897      0.004       0.002       0.012
genres_count                -0.0137      0.009     -1.445      0.149      -0.032       0.005
yr_1993                      0.0075      0.047      0.158      0.875      -0.086       0.101
yr_1994                      0.0346      0.047      0.737      0.461      -0.058       0.127
yr_1995                      0.0818      0.047      1.730      0.084      -0.011       0.174
yr_1996                      0.0144      0.046      0.315      0.753      -0.075       0.104
yr_1997                      0.0247      0.048      0.519      0.603      -0.069       0.118
yr_1998                      0.0703      0.046      1.539      0.124      -0.019       0.160
yr_1999                      0.0862      0.044      1.968      0.049       0.000       0.172
yr_2000                      0.0240      0.047      0.512      0.608      -0.068       0.116
yr_2001                      0.0699      0.046      1.534      0.125      -0.019       0.159
yr_2002                      0.0145      0.044      0.327      0.744      -0.072       0.101
yr_2003                      0.0237      0.045      0.531      0.595      -0.064       0.111
yr_2004                      0.0850      0.044      1.949      0.051      -0.001       0.170
yr_2005                      0.0359      0.044      0.816      0.415      -0.050       0.122
yr_2006                      0.1079      0.043      2.485      0.013       0.023       0.193
yr_2007                      0.1222      0.043      2.849      0.004       0.038       0.206
yr_2008                      0.0993      0.045      2.229      0.026       0.012       0.187
yr_2009                      0.0601      0.045      1.344      0.179      -0.028       0.148
yr_2010                      0.0468      0.044      1.070      0.285      -0.039       0.132
yr_2011                      0.0559      0.044      1.282      0.200      -0.030       0.141
yr_2012                      0.0351      0.043      0.818      0.413      -0.049       0.119
yr_2013                      0.0021      0.043      0.048      0.962      -0.083       0.087
yr_2014                      0.0493      0.044      1.125      0.261      -0.037       0.135
yr_2015                     -0.0012      0.044     -0.028      0.978      -0.087       0.084
yr_2016                      0.0081      0.044      0.185      0.853      -0.078       0.094
yr_2017                      0.0395      0.043      0.909      0.364      -0.046       0.125
yr_2018                      0.0407      0.045      0.903      0.367      -0.048       0.129
mo_2                        -0.0171      0.027     -0.622      0.534      -0.071       0.037
mo_3                         0.0080      0.027      0.294      0.769      -0.045       0.062
mo_4                         0.0140      0.027      0.526      0.599      -0.038       0.066
mo_5                        -0.0216      0.029     -0.756      0.450      -0.078       0.034
mo_6                        -0.0342      0.029     -1.186      0.236      -0.091       0.022
mo_7                        -0.0161      0.027     -0.586      0.558      -0.070       0.038
mo_8                        -0.0032      0.027     -0.119      0.906      -0.056       0.049
mo_9                        -0.0363      0.028     -1.319      0.187      -0.090       0.018
mo_10                       -0.0081      0.027     -0.305      0.760      -0.060       0.044
mo_11                       -0.0234      0.027     -0.862      0.389      -0.077       0.030
mo_12                       -0.0048      0.026     -0.184      0.854      -0.057       0.047
genre_Action                -0.0523      0.015     -3.552      0.000      -0.081      -0.023
genre_Adventure              0.0063      0.016      0.403      0.687      -0.024       0.037
genre_Animation             -0.0423      0.024     -1.756      0.079      -0.090       0.005
genre_Biography             -0.0992      0.019     -5.154      0.000      -0.137      -0.061
genre_Comedy                -0.0058      0.013     -0.432      0.665      -0.032       0.021
genre_Crime                 -0.0822      0.014     -5.736      0.000      -0.110      -0.054
genre_Drama                  0.0114      0.013      0.847      0.397      -0.015       0.038
genre_Family                 0.0771      0.020      3.874      0.000       0.038       0.116
genre_Fantasy                0.0019      0.017      0.109      0.913      -0.032       0.036
genre_History                0.0398      0.029      1.394      0.164      -0.016       0.096
genre_Horror                -0.0295      0.020     -1.455      0.146      -0.069       0.010
genre_Music                  0.1328      0.028      4.819      0.000       0.079       0.187
genre_Musical                0.2387      0.059      4.014      0.000       0.122       0.355
genre_Mystery               -0.0491      0.018     -2.770      0.006      -0.084      -0.014
genre_News               -1.111e-17   3.93e-18     -2.828      0.005   -1.88e-17    -3.4e-18
genre_Romance               -0.0206      0.014     -1.431      0.153      -0.049       0.008
genre_Sci_Fi                -0.0098      0.019     -0.521      0.603      -0.047       0.027
genre_Short                1.41e-18   2.96e-18      0.476      0.634    -4.4e-18    7.22e-18
genre_Sport                  0.0072      0.028      0.253      0.801      -0.048       0.063
genre_Thriller              -0.0697      0.015     -4.730      0.000      -0.099      -0.041
genre_War                   -0.0193      0.045     -0.433      0.665      -0.107       0.068
genre_Western               -0.0490      0.065     -0.756      0.450      -0.176       0.078
==============================================================================
Omnibus:                      859.887   Durbin-Watson:                   2.011
Prob(Omnibus):                  0.000   Jarque-Bera (JB):             8685.656
Skew:                           1.740   Prob(JB):                         0.00
Kurtosis:                      12.582   Cond. No.                     1.02e+16
==============================================================================

Notes:
[1] Standard Errors assume that the covariance matrix of the errors is correctly specified.
[2] The smallest eigenvalue is 3.17e-27. This might indicate that there are
strong multicollinearity problems or that the design matrix is singular.