                            OLS Regression Results                            
==============================================================================
Dep. Variable:              sd_pooled   R-squared:                       0.562
Model:                            OLS   Adj. R-squared:                  0.555
Method:                 Least Squares   F-statistic:                     79.17
Date:                Tue, 31 Mar 2026   Prob (F-statistic):               0.00
Time:                        15:43:29   Log-Likelihood:                 534.05
No. Observations:                4012   AIC:                            -938.1
Df Residuals:                    3947   BIC:                            -528.8
Df Model:                          64                                         
Covariance Type:            nonrobust                                         
============================================================================================
                               coef    std err          t      P>|t|      [0.025      0.975]
--------------------------------------------------------------------------------------------
const                        3.3743      0.049     69.392      0.000       3.279       3.470
FLead                        0.0481      0.008      5.971      0.000       0.032       0.064
mean_pooled                 -0.2330      0.004    -52.610      0.000      -0.242      -0.224
kim_violence_gore            0.0120      0.003      4.724      0.000       0.007       0.017
kim_sex_nudity               0.0115      0.002      5.661      0.000       0.007       0.015
kim_language                -0.0148      0.002     -7.899      0.000      -0.018      -0.011
major                       -0.0396      0.008     -4.959      0.000      -0.055      -0.024
log_bom_opening_theaters     0.0057      0.002      3.310      0.001       0.002       0.009
genres_count                -0.0094      0.007     -1.395      0.163      -0.023       0.004
yr_1993                     -0.0047      0.034     -0.136      0.892      -0.072       0.063
yr_1994                     -0.0024      0.035     -0.068      0.946      -0.071       0.067
yr_1995                      0.0447      0.035      1.290      0.197      -0.023       0.113
yr_1996                      0.0100      0.034      0.295      0.768      -0.057       0.077
yr_1997                      0.0138      0.035      0.398      0.691      -0.054       0.082
yr_1998                      0.0597      0.033      1.786      0.074      -0.006       0.125
yr_1999                      0.0611      0.033      1.876      0.061      -0.003       0.125
yr_2000                     -0.0068      0.034     -0.204      0.839      -0.073       0.059
yr_2001                      0.0564      0.033      1.710      0.087      -0.008       0.121
yr_2002                      0.0165      0.032      0.510      0.610      -0.047       0.080
yr_2003                      0.0003      0.033      0.010      0.992      -0.064       0.064
yr_2004                      0.0616      0.032      1.900      0.057      -0.002       0.125
yr_2005                      0.0495      0.032      1.538      0.124      -0.014       0.113
yr_2006                      0.0974      0.032      3.048      0.002       0.035       0.160
yr_2007                      0.1112      0.032      3.494      0.000       0.049       0.174
yr_2008                      0.0545      0.032      1.700      0.089      -0.008       0.117
yr_2009                      0.0341      0.032      1.050      0.294      -0.030       0.098
yr_2010                      0.0280      0.032      0.864      0.388      -0.036       0.091
yr_2011                      0.0310      0.032      0.974      0.330      -0.031       0.093
yr_2012                      0.0164      0.032      0.519      0.604      -0.046       0.079
yr_2013                      0.0080      0.032      0.250      0.803      -0.054       0.070
yr_2014                      0.0417      0.032      1.293      0.196      -0.022       0.105
yr_2015                     -0.0304      0.032     -0.950      0.342      -0.093       0.032
yr_2016                     -0.0340      0.032     -1.055      0.292      -0.097       0.029
yr_2017                      0.0226      0.033      0.695      0.487      -0.041       0.086
yr_2018                      0.0165      0.033      0.505      0.614      -0.048       0.081
mo_2                         0.0088      0.019      0.450      0.653      -0.029       0.047
mo_3                        -0.0040      0.019     -0.217      0.828      -0.040       0.032
mo_4                         0.0010      0.019      0.054      0.957      -0.036       0.038
mo_5                        -0.0134      0.020     -0.679      0.497      -0.052       0.025
mo_6                        -0.0241      0.019     -1.237      0.216      -0.062       0.014
mo_7                        -0.0231      0.019     -1.222      0.222      -0.060       0.014
mo_8                        -0.0252      0.018     -1.385      0.166      -0.061       0.010
mo_9                        -0.0272      0.019     -1.464      0.143      -0.064       0.009
mo_10                       -0.0069      0.018     -0.379      0.705      -0.043       0.029
mo_11                       -0.0237      0.019     -1.265      0.206      -0.061       0.013
mo_12                       -0.0276      0.018     -1.527      0.127      -0.063       0.008
genre_Action                -0.0546      0.011     -5.153      0.000      -0.075      -0.034
genre_Adventure             -0.0062      0.011     -0.549      0.583      -0.028       0.016
genre_Animation             -0.0274      0.018     -1.523      0.128      -0.063       0.008
genre_Biography             -0.0930      0.014     -6.547      0.000      -0.121      -0.065
genre_Comedy                -0.0032      0.010     -0.336      0.737      -0.022       0.015
genre_Crime                 -0.0891      0.010     -8.699      0.000      -0.109      -0.069
genre_Drama                  0.0123      0.009      1.304      0.192      -0.006       0.031
genre_Family                 0.0719      0.015      4.939      0.000       0.043       0.100
genre_Fantasy                0.0043      0.013      0.337      0.736      -0.021       0.029
genre_History                0.0181      0.020      0.886      0.376      -0.022       0.058
genre_Horror                -0.0349      0.015     -2.389      0.017      -0.064      -0.006
genre_Music                  0.1119      0.019      5.855      0.000       0.074       0.149
genre_Musical                0.3196      0.043      7.403      0.000       0.235       0.404
genre_Mystery               -0.0588      0.013     -4.673      0.000      -0.083      -0.034
genre_News                1.487e-17   1.22e-17      1.218      0.223   -9.06e-18    3.88e-17
genre_Romance               -0.0187      0.010     -1.812      0.070      -0.039       0.002
genre_Sci_Fi                -0.0135      0.014     -0.999      0.318      -0.040       0.013
genre_Short              -3.115e-18   3.51e-18     -0.887      0.375      -1e-17    3.77e-18
genre_Sport                 -0.0355      0.021     -1.720      0.085      -0.076       0.005
genre_Thriller              -0.0741      0.011     -6.957      0.000      -0.095      -0.053
genre_War                    0.0065      0.029      0.222      0.824      -0.051       0.064
genre_Western               -0.0451      0.051     -0.877      0.381      -0.146       0.056
==============================================================================
Omnibus:                     1653.231   Durbin-Watson:                   2.006
Prob(Omnibus):                  0.000   Jarque-Bera (JB):            13468.051
Skew:                           1.755   Prob(JB):                         0.00
Kurtosis:                      11.261   Cond. No.                     1.02e+16
==============================================================================

Notes:
[1] Standard Errors assume that the covariance matrix of the errors is correctly specified.
[2] The smallest eigenvalue is 6.37e-27. This might indicate that there are
strong multicollinearity problems or that the design matrix is singular.