                            OLS Regression Results                            
==============================================================================
Dep. Variable:              sd_pooled   R-squared:                       0.561
Model:                            OLS   Adj. R-squared:                  0.553
Method:                 Least Squares   F-statistic:                     78.66
Date:                Tue, 31 Mar 2026   Prob (F-statistic):               0.00
Time:                        19:39:57   Log-Likelihood:                 526.72
No. Observations:                4012   AIC:                            -923.4
Df Residuals:                    3947   BIC:                            -514.1
Df Model:                          64                                         
Covariance Type:            nonrobust                                         
============================================================================================
                               coef    std err          t      P>|t|      [0.025      0.975]
--------------------------------------------------------------------------------------------
const                        3.3884      0.048     69.922      0.000       3.293       3.483
FLead                        0.0476      0.008      5.918      0.000       0.032       0.063
mean_pooled                 -0.2343      0.004    -53.131      0.000      -0.243      -0.226
kim_violence_gore            0.0134      0.003      5.314      0.000       0.008       0.018
kim_sex_nudity               0.0082      0.002      4.330      0.000       0.004       0.012
kim_language                -0.0140      0.002     -7.479      0.000      -0.018      -0.010
major                       -0.0391      0.008     -4.858      0.000      -0.055      -0.023
log_bom_opening_theaters     0.0053      0.002      2.985      0.003       0.002       0.009
genres_count                -0.0112      0.007     -1.650      0.099      -0.024       0.002
yr_1993                     -0.0085      0.034     -0.247      0.805      -0.076       0.059
yr_1994                     -0.0060      0.035     -0.171      0.865      -0.075       0.063
yr_1995                      0.0406      0.035      1.169      0.242      -0.027       0.109
yr_1996                      0.0064      0.034      0.189      0.850      -0.060       0.073
yr_1997                      0.0075      0.035      0.215      0.830      -0.061       0.076
yr_1998                      0.0584      0.034      1.743      0.081      -0.007       0.124
yr_1999                      0.0617      0.033      1.891      0.059      -0.002       0.126
yr_2000                     -0.0059      0.034     -0.176      0.860      -0.072       0.060
yr_2001                      0.0582      0.033      1.761      0.078      -0.007       0.123
yr_2002                      0.0165      0.033      0.508      0.612      -0.047       0.080
yr_2003                      0.0020      0.033      0.061      0.951      -0.062       0.066
yr_2004                      0.0656      0.032      2.020      0.043       0.002       0.129
yr_2005                      0.0520      0.032      1.616      0.106      -0.011       0.115
yr_2006                      0.1022      0.032      3.196      0.001       0.040       0.165
yr_2007                      0.1156      0.032      3.628      0.000       0.053       0.178
yr_2008                      0.0550      0.032      1.714      0.087      -0.008       0.118
yr_2009                      0.0383      0.032      1.180      0.238      -0.025       0.102
yr_2010                      0.0301      0.032      0.928      0.353      -0.033       0.094
yr_2011                      0.0332      0.032      1.042      0.298      -0.029       0.096
yr_2012                      0.0182      0.032      0.575      0.565      -0.044       0.080
yr_2013                      0.0090      0.032      0.283      0.777      -0.054       0.072
yr_2014                      0.0394      0.032      1.220      0.223      -0.024       0.103
yr_2015                     -0.0300      0.032     -0.937      0.349      -0.093       0.033
yr_2016                     -0.0370      0.032     -1.147      0.252      -0.100       0.026
yr_2017                      0.0230      0.033      0.705      0.481      -0.041       0.087
yr_2018                      0.0142      0.033      0.434      0.664      -0.050       0.078
mo_2                         0.0090      0.019      0.461      0.645      -0.029       0.047
mo_3                        -0.0041      0.019     -0.221      0.825      -0.040       0.032
mo_4                         0.0013      0.019      0.071      0.943      -0.035       0.038
mo_5                        -0.0107      0.020     -0.542      0.588      -0.049       0.028
mo_6                        -0.0251      0.019     -1.288      0.198      -0.063       0.013
mo_7                        -0.0228      0.019     -1.202      0.229      -0.060       0.014
mo_8                        -0.0255      0.018     -1.395      0.163      -0.061       0.010
mo_9                        -0.0266      0.019     -1.432      0.152      -0.063       0.010
mo_10                       -0.0072      0.018     -0.392      0.695      -0.043       0.029
mo_11                       -0.0224      0.019     -1.193      0.233      -0.059       0.014
mo_12                       -0.0260      0.018     -1.430      0.153      -0.062       0.010
genre_Action                -0.0584      0.011     -5.518      0.000      -0.079      -0.038
genre_Adventure             -0.0068      0.011     -0.601      0.548      -0.029       0.015
genre_Animation             -0.0302      0.018     -1.678      0.093      -0.065       0.005
genre_Biography             -0.0902      0.014     -6.334      0.000      -0.118      -0.062
genre_Comedy                 0.0005      0.009      0.052      0.958      -0.018       0.019
genre_Crime                 -0.0880      0.010     -8.575      0.000      -0.108      -0.068
genre_Drama                  0.0146      0.010      1.538      0.124      -0.004       0.033
genre_Family                 0.0661      0.015      4.546      0.000       0.038       0.095
genre_Fantasy                0.0058      0.013      0.455      0.649      -0.019       0.031
genre_History                0.0163      0.020      0.799      0.424      -0.024       0.056
genre_Horror                -0.0390      0.015     -2.681      0.007      -0.068      -0.010
genre_Music                  0.1157      0.019      6.050      0.000       0.078       0.153
genre_Musical                0.3181      0.043      7.350      0.000       0.233       0.403
genre_Mystery               -0.0567      0.013     -4.500      0.000      -0.081      -0.032
genre_News               -6.676e-18    4.2e-18     -1.589      0.112   -1.49e-17    1.56e-18
genre_Romance               -0.0113      0.010     -1.109      0.267      -0.031       0.009
genre_Sci_Fi                -0.0124      0.014     -0.916      0.360      -0.039       0.014
genre_Short               1.995e-18   2.19e-18      0.913      0.361   -2.29e-18    6.28e-18
genre_Sport                 -0.0382      0.021     -1.843      0.065      -0.079       0.002
genre_Thriller              -0.0742      0.011     -6.953      0.000      -0.095      -0.053
genre_War                    0.0052      0.029      0.178      0.859      -0.052       0.062
genre_Western               -0.0481      0.052     -0.933      0.351      -0.149       0.053
==============================================================================
Omnibus:                     1642.019   Durbin-Watson:                   2.007
Prob(Omnibus):                  0.000   Jarque-Bera (JB):            13087.796
Skew:                           1.748   Prob(JB):                         0.00
Kurtosis:                      11.129   Cond. No.                     1.02e+16
==============================================================================

Notes:
[1] Standard Errors assume that the covariance matrix of the errors is correctly specified.
[2] The smallest eigenvalue is 6.38e-27. This might indicate that there are
strong multicollinearity problems or that the design matrix is singular.