                            OLS Regression Results                            
==============================================================================
Dep. Variable:              sd_pooled   R-squared:                       0.563
Model:                            OLS   Adj. R-squared:                  0.556
Method:                 Least Squares   F-statistic:                     78.60
Date:                Tue, 31 Mar 2026   Prob (F-statistic):               0.00
Time:                        11:22:18   Log-Likelihood:                 525.04
No. Observations:                3972   AIC:                            -920.1
Df Residuals:                    3907   BIC:                            -511.4
Df Model:                          64                                         
Covariance Type:            nonrobust                                         
============================================================================================
                               coef    std err          t      P>|t|      [0.025      0.975]
--------------------------------------------------------------------------------------------
const                        3.3818      0.049     69.625      0.000       3.287       3.477
FLead                        0.0460      0.008      5.691      0.000       0.030       0.062
mean_pooled                 -0.2336      0.004    -52.786      0.000      -0.242      -0.225
kim_violence_gore            0.0120      0.003      4.675      0.000       0.007       0.017
kim_sex_nudity               0.0118      0.002      5.805      0.000       0.008       0.016
kim_language                -0.0150      0.002     -7.958      0.000      -0.019      -0.011
major                       -0.0400      0.008     -4.940      0.000      -0.056      -0.024
log_bom_opening_theaters     0.0056      0.002      3.140      0.002       0.002       0.009
genres_count                -0.0098      0.007     -1.442      0.149      -0.023       0.004
yr_1993                     -0.0028      0.035     -0.080      0.936      -0.071       0.065
yr_1994                     -0.0049      0.035     -0.139      0.889      -0.074       0.064
yr_1995                      0.0468      0.035      1.345      0.179      -0.021       0.115
yr_1996                      0.0030      0.034      0.088      0.930      -0.064       0.070
yr_1997                      0.0134      0.035      0.387      0.699      -0.055       0.082
yr_1998                      0.0607      0.034      1.809      0.070      -0.005       0.126
yr_1999                      0.0609      0.033      1.865      0.062      -0.003       0.125
yr_2000                     -0.0063      0.034     -0.186      0.852      -0.072       0.060
yr_2001                      0.0554      0.033      1.671      0.095      -0.010       0.120
yr_2002                      0.0158      0.032      0.486      0.627      -0.048       0.079
yr_2003                     -0.0002      0.033     -0.006      0.995      -0.064       0.064
yr_2004                      0.0600      0.033      1.839      0.066      -0.004       0.124
yr_2005                      0.0474      0.032      1.471      0.141      -0.016       0.111
yr_2006                      0.0962      0.032      3.003      0.003       0.033       0.159
yr_2007                      0.1116      0.032      3.499      0.000       0.049       0.174
yr_2008                      0.0517      0.032      1.610      0.108      -0.011       0.115
yr_2009                      0.0322      0.033      0.988      0.323      -0.032       0.096
yr_2010                      0.0260      0.032      0.802      0.423      -0.038       0.090
yr_2011                      0.0286      0.032      0.896      0.370      -0.034       0.091
yr_2012                      0.0103      0.032      0.323      0.747      -0.052       0.073
yr_2013                      0.0055      0.032      0.173      0.863      -0.057       0.068
yr_2014                      0.0383      0.032      1.188      0.235      -0.025       0.102
yr_2015                     -0.0333      0.032     -1.040      0.299      -0.096       0.030
yr_2016                     -0.0357      0.032     -1.105      0.269      -0.099       0.028
yr_2017                      0.0211      0.033      0.648      0.517      -0.043       0.085
yr_2018                      0.0151      0.033      0.461      0.645      -0.049       0.079
mo_2                         0.0078      0.020      0.400      0.689      -0.030       0.046
mo_3                        -0.0050      0.019     -0.269      0.788      -0.041       0.031
mo_4                        -0.0005      0.019     -0.028      0.977      -0.037       0.036
mo_5                        -0.0122      0.020     -0.611      0.541      -0.051       0.027
mo_6                        -0.0238      0.020     -1.219      0.223      -0.062       0.014
mo_7                        -0.0246      0.019     -1.298      0.194      -0.062       0.013
mo_8                        -0.0249      0.018     -1.361      0.173      -0.061       0.011
mo_9                        -0.0271      0.019     -1.459      0.145      -0.064       0.009
mo_10                       -0.0075      0.018     -0.410      0.682      -0.043       0.028
mo_11                       -0.0242      0.019     -1.287      0.198      -0.061       0.013
mo_12                       -0.0274      0.018     -1.508      0.132      -0.063       0.008
genre_Action                -0.0565      0.011     -5.302      0.000      -0.077      -0.036
genre_Adventure             -0.0059      0.011     -0.523      0.601      -0.028       0.016
genre_Animation             -0.0259      0.018     -1.434      0.152      -0.061       0.009
genre_Biography             -0.0934      0.014     -6.537      0.000      -0.121      -0.065
genre_Comedy                -0.0033      0.010     -0.340      0.734      -0.022       0.016
genre_Crime                 -0.0890      0.010     -8.636      0.000      -0.109      -0.069
genre_Drama                  0.0134      0.010      1.408      0.159      -0.005       0.032
genre_Family                 0.0706      0.015      4.819      0.000       0.042       0.099
genre_Fantasy                0.0056      0.013      0.443      0.658      -0.019       0.031
genre_History                0.0156      0.020      0.760      0.447      -0.025       0.056
genre_Horror                -0.0337      0.015     -2.290      0.022      -0.063      -0.005
genre_Music                  0.1103      0.019      5.724      0.000       0.073       0.148
genre_Musical                0.3189      0.043      7.376      0.000       0.234       0.404
genre_Mystery               -0.0595      0.013     -4.672      0.000      -0.084      -0.035
genre_News                1.481e-18   3.71e-18      0.399      0.690    -5.8e-18    8.76e-18
genre_Romance               -0.0195      0.010     -1.882      0.060      -0.040       0.001
genre_Sci_Fi                -0.0117      0.014     -0.860      0.390      -0.039       0.015
genre_Short              -6.533e-19   2.02e-18     -0.324      0.746   -4.61e-18     3.3e-18
genre_Sport                 -0.0372      0.021     -1.795      0.073      -0.078       0.003
genre_Thriller              -0.0735      0.011     -6.871      0.000      -0.094      -0.053
genre_War                    0.0115      0.029      0.393      0.694      -0.046       0.069
genre_Western               -0.0466      0.052     -0.905      0.366      -0.148       0.054
==============================================================================
Omnibus:                     1642.000   Durbin-Watson:                   2.000
Prob(Omnibus):                  0.000   Jarque-Bera (JB):            13434.529
Skew:                           1.760   Prob(JB):                         0.00
Kurtosis:                      11.294   Cond. No.                     1.02e+16
==============================================================================

Notes:
[1] Standard Errors assume that the covariance matrix of the errors is correctly specified.
[2] The smallest eigenvalue is 6.32e-27. This might indicate that there are
strong multicollinearity problems or that the design matrix is singular.