                            OLS Regression Results                            
==============================================================================
Dep. Variable:              sd_pooled   R-squared:                       0.562
Model:                            OLS   Adj. R-squared:                  0.555
Method:                 Least Squares   F-statistic:                     79.12
Date:                Tue, 31 Mar 2026   Prob (F-statistic):               0.00
Time:                        18:04:27   Log-Likelihood:                 533.28
No. Observations:                4012   AIC:                            -936.6
Df Residuals:                    3947   BIC:                            -527.2
Df Model:                          64                                         
Covariance Type:            nonrobust                                         
============================================================================================
                               coef    std err          t      P>|t|      [0.025      0.975]
--------------------------------------------------------------------------------------------
const                        3.3806      0.048     69.892      0.000       3.286       3.475
FLead                        0.0467      0.008      5.808      0.000       0.031       0.062
mean_pooled                 -0.2335      0.004    -53.001      0.000      -0.242      -0.225
kim_violence_gore            0.0118      0.003      4.724      0.000       0.007       0.017
kim_sex_nudity               0.0116      0.002      5.723      0.000       0.008       0.016
kim_language                -0.0150      0.002     -7.982      0.000      -0.019      -0.011
major                       -0.0397      0.008     -4.940      0.000      -0.055      -0.024
log_bom_opening_theaters     0.0055      0.002      3.119      0.002       0.002       0.009
genres_count                -0.0094      0.007     -1.395      0.163      -0.023       0.004
yr_1993                     -0.0056      0.034     -0.163      0.870      -0.073       0.062
yr_1994                     -0.0024      0.035     -0.069      0.945      -0.071       0.067
yr_1995                      0.0440      0.035      1.270      0.204      -0.024       0.112
yr_1996                      0.0097      0.034      0.285      0.775      -0.057       0.076
yr_1997                      0.0136      0.035      0.393      0.695      -0.054       0.082
yr_1998                      0.0592      0.033      1.770      0.077      -0.006       0.125
yr_1999                      0.0613      0.033      1.882      0.060      -0.003       0.125
yr_2000                     -0.0077      0.034     -0.231      0.817      -0.074       0.058
yr_2001                      0.0569      0.033      1.724      0.085      -0.008       0.122
yr_2002                      0.0166      0.032      0.511      0.609      -0.047       0.080
yr_2003                      0.0001      0.033      0.004      0.997      -0.064       0.064
yr_2004                      0.0616      0.032      1.900      0.057      -0.002       0.125
yr_2005                      0.0483      0.032      1.502      0.133      -0.015       0.111
yr_2006                      0.0977      0.032      3.058      0.002       0.035       0.160
yr_2007                      0.1111      0.032      3.490      0.000       0.049       0.173
yr_2008                      0.0527      0.032      1.645      0.100      -0.010       0.116
yr_2009                      0.0323      0.032      0.995      0.320      -0.031       0.096
yr_2010                      0.0269      0.032      0.830      0.406      -0.037       0.090
yr_2011                      0.0306      0.032      0.961      0.337      -0.032       0.093
yr_2012                      0.0158      0.032      0.498      0.619      -0.046       0.078
yr_2013                      0.0079      0.032      0.248      0.804      -0.055       0.070
yr_2014                      0.0402      0.032      1.248      0.212      -0.023       0.103
yr_2015                     -0.0312      0.032     -0.976      0.329      -0.094       0.031
yr_2016                     -0.0350      0.032     -1.088      0.277      -0.098       0.028
yr_2017                      0.0211      0.033      0.649      0.516      -0.043       0.085
yr_2018                      0.0158      0.033      0.484      0.629      -0.048       0.080
mo_2                         0.0078      0.019      0.399      0.690      -0.030       0.046
mo_3                        -0.0042      0.019     -0.225      0.822      -0.040       0.032
mo_4                         0.0009      0.019      0.046      0.963      -0.036       0.038
mo_5                        -0.0124      0.020     -0.629      0.530      -0.051       0.026
mo_6                        -0.0252      0.019     -1.295      0.195      -0.063       0.013
mo_7                        -0.0235      0.019     -1.244      0.214      -0.061       0.014
mo_8                        -0.0250      0.018     -1.373      0.170      -0.061       0.011
mo_9                        -0.0275      0.019     -1.481      0.139      -0.064       0.009
mo_10                       -0.0066      0.018     -0.362      0.717      -0.042       0.029
mo_11                       -0.0242      0.019     -1.291      0.197      -0.061       0.013
mo_12                       -0.0261      0.018     -1.443      0.149      -0.062       0.009
genre_Action                -0.0549      0.011     -5.181      0.000      -0.076      -0.034
genre_Adventure             -0.0058      0.011     -0.514      0.607      -0.028       0.016
genre_Animation             -0.0285      0.018     -1.590      0.112      -0.064       0.007
genre_Biography             -0.0922      0.014     -6.479      0.000      -0.120      -0.064
genre_Comedy                -0.0039      0.009     -0.410      0.682      -0.022       0.015
genre_Crime                 -0.0887      0.010     -8.663      0.000      -0.109      -0.069
genre_Drama                  0.0130      0.009      1.369      0.171      -0.006       0.032
genre_Family                 0.0707      0.015      4.858      0.000       0.042       0.099
genre_Fantasy                0.0043      0.013      0.340      0.734      -0.020       0.029
genre_History                0.0187      0.020      0.917      0.359      -0.021       0.059
genre_Horror                -0.0334      0.015     -2.295      0.022      -0.062      -0.005
genre_Music                  0.1114      0.019      5.826      0.000       0.074       0.149
genre_Musical                0.3184      0.043      7.374      0.000       0.234       0.403
genre_Mystery               -0.0589      0.013     -4.681      0.000      -0.084      -0.034
genre_News                2.321e-18   3.17e-18      0.733      0.464   -3.89e-18    8.53e-18
genre_Romance               -0.0190      0.010     -1.842      0.066      -0.039       0.001
genre_Sci_Fi                -0.0130      0.014     -0.960      0.337      -0.040       0.014
genre_Short               7.126e-18   3.44e-18      2.069      0.039    3.75e-19    1.39e-17
genre_Sport                 -0.0379      0.021     -1.832      0.067      -0.079       0.003
genre_Thriller              -0.0739      0.011     -6.943      0.000      -0.095      -0.053
genre_War                    0.0109      0.029      0.374      0.708      -0.046       0.068
genre_Western               -0.0468      0.051     -0.909      0.363      -0.148       0.054
==============================================================================
Omnibus:                     1650.254   Durbin-Watson:                   2.006
Prob(Omnibus):                  0.000   Jarque-Bera (JB):            13407.522
Skew:                           1.752   Prob(JB):                         0.00
Kurtosis:                      11.242   Cond. No.                     1.02e+16
==============================================================================

Notes:
[1] Standard Errors assume that the covariance matrix of the errors is correctly specified.
[2] The smallest eigenvalue is 6.38e-27. This might indicate that there are
strong multicollinearity problems or that the design matrix is singular.