                            OLS Regression Results                            
==============================================================================
Dep. Variable:              sd_pooled   R-squared:                       0.561
Model:                            OLS   Adj. R-squared:                  0.553
Method:                 Least Squares   F-statistic:                     78.66
Date:                Tue, 31 Mar 2026   Prob (F-statistic):               0.00
Time:                        15:11:13   Log-Likelihood:                 526.74
No. Observations:                4012   AIC:                            -923.5
Df Residuals:                    3947   BIC:                            -514.2
Df Model:                          64                                         
Covariance Type:            nonrobust                                         
============================================================================================
                               coef    std err          t      P>|t|      [0.025      0.975]
--------------------------------------------------------------------------------------------
const                        3.3835      0.049     69.585      0.000       3.288       3.479
FLead                        0.0477      0.008      5.928      0.000       0.032       0.063
mean_pooled                 -0.2347      0.004    -53.343      0.000      -0.243      -0.226
kim_violence_gore            0.0134      0.003      5.315      0.000       0.008       0.018
kim_sex_nudity               0.0093      0.002      4.336      0.000       0.005       0.014
kim_language                -0.0134      0.002     -7.344      0.000      -0.017      -0.010
major                       -0.0406      0.008     -5.044      0.000      -0.056      -0.025
log_bom_opening_theaters     0.0053      0.002      3.008      0.003       0.002       0.009
genres_count                -0.0124      0.007     -1.833      0.067      -0.026       0.001
yr_1993                     -0.0056      0.035     -0.162      0.871      -0.073       0.062
yr_1994                   6.155e-05      0.035      0.002      0.999      -0.069       0.069
yr_1995                      0.0453      0.035      1.304      0.192      -0.023       0.113
yr_1996                      0.0094      0.034      0.276      0.782      -0.057       0.076
yr_1997                      0.0102      0.035      0.294      0.769      -0.058       0.078
yr_1998                      0.0603      0.034      1.799      0.072      -0.005       0.126
yr_1999                      0.0656      0.033      2.009      0.045       0.002       0.130
yr_2000                     -0.0019      0.034     -0.056      0.955      -0.068       0.064
yr_2001                      0.0618      0.033      1.873      0.061      -0.003       0.127
yr_2002                      0.0205      0.032      0.633      0.527      -0.043       0.084
yr_2003                      0.0064      0.033      0.197      0.844      -0.058       0.070
yr_2004                      0.0708      0.032      2.184      0.029       0.007       0.134
yr_2005                      0.0546      0.032      1.695      0.090      -0.009       0.118
yr_2006                      0.1054      0.032      3.299      0.001       0.043       0.168
yr_2007                      0.1179      0.032      3.702      0.000       0.055       0.180
yr_2008                      0.0598      0.032      1.866      0.062      -0.003       0.123
yr_2009                      0.0393      0.032      1.211      0.226      -0.024       0.103
yr_2010                      0.0344      0.032      1.062      0.288      -0.029       0.098
yr_2011                      0.0367      0.032      1.155      0.248      -0.026       0.099
yr_2012                      0.0204      0.032      0.645      0.519      -0.042       0.083
yr_2013                      0.0126      0.032      0.394      0.693      -0.050       0.075
yr_2014                      0.0442      0.032      1.369      0.171      -0.019       0.107
yr_2015                     -0.0260      0.032     -0.812      0.417      -0.089       0.037
yr_2016                     -0.0315      0.032     -0.976      0.329      -0.095       0.032
yr_2017                      0.0254      0.033      0.781      0.435      -0.038       0.089
yr_2018                      0.0171      0.033      0.524      0.600      -0.047       0.081
mo_2                         0.0083      0.019      0.428      0.669      -0.030       0.047
mo_3                        -0.0042      0.019     -0.228      0.819      -0.041       0.032
mo_4                         0.0003      0.019      0.015      0.988      -0.036       0.037
mo_5                        -0.0111      0.020     -0.563      0.574      -0.050       0.028
mo_6                        -0.0241      0.019     -1.239      0.215      -0.062       0.014
mo_7                        -0.0226      0.019     -1.191      0.234      -0.060       0.015
mo_8                        -0.0245      0.018     -1.342      0.180      -0.060       0.011
mo_9                        -0.0268      0.019     -1.440      0.150      -0.063       0.010
mo_10                       -0.0070      0.018     -0.383      0.702      -0.043       0.029
mo_11                       -0.0212      0.019     -1.127      0.260      -0.058       0.016
mo_12                       -0.0261      0.018     -1.436      0.151      -0.062       0.010
genre_Action                -0.0576      0.011     -5.432      0.000      -0.078      -0.037
genre_Adventure             -0.0059      0.011     -0.525      0.599      -0.028       0.016
genre_Animation             -0.0304      0.018     -1.692      0.091      -0.066       0.005
genre_Biography             -0.0912      0.014     -6.397      0.000      -0.119      -0.063
genre_Comedy                -0.0002      0.010     -0.023      0.982      -0.019       0.018
genre_Crime                 -0.0886      0.010     -8.638      0.000      -0.109      -0.069
genre_Drama                  0.0148      0.010      1.552      0.121      -0.004       0.033
genre_Family                 0.0669      0.015      4.603      0.000       0.038       0.095
genre_Fantasy                0.0048      0.013      0.381      0.703      -0.020       0.030
genre_History                0.0182      0.020      0.889      0.374      -0.022       0.058
genre_Horror                -0.0376      0.015     -2.575      0.010      -0.066      -0.009
genre_Music                  0.1135      0.019      5.930      0.000       0.076       0.151
genre_Musical                0.3228      0.043      7.465      0.000       0.238       0.408
genre_Mystery               -0.0576      0.013     -4.575      0.000      -0.082      -0.033
genre_News               -2.382e-15    2.1e-15     -1.135      0.257    -6.5e-15    1.73e-15
genre_Romance               -0.0128      0.010     -1.254      0.210      -0.033       0.007
genre_Sci_Fi                -0.0132      0.014     -0.970      0.332      -0.040       0.013
genre_Short              -4.283e-15   3.79e-15     -1.131      0.258   -1.17e-14    3.14e-15
genre_Sport                 -0.0379      0.021     -1.828      0.068      -0.079       0.003
genre_Thriller              -0.0742      0.011     -6.954      0.000      -0.095      -0.053
genre_War                    0.0062      0.029      0.212      0.832      -0.051       0.063
genre_Western               -0.0523      0.052     -1.015      0.310      -0.153       0.049
==============================================================================
Omnibus:                     1639.226   Durbin-Watson:                   2.005
Prob(Omnibus):                  0.000   Jarque-Bera (JB):            13124.421
Skew:                           1.742   Prob(JB):                         0.00
Kurtosis:                      11.147   Cond. No.                     1.02e+16
==============================================================================

Notes:
[1] Standard Errors assume that the covariance matrix of the errors is correctly specified.
[2] The smallest eigenvalue is 6.38e-27. This might indicate that there are
strong multicollinearity problems or that the design matrix is singular.