                            OLS Regression Results                            
==============================================================================
Dep. Variable:              sd_pooled   R-squared:                       0.561
Model:                            OLS   Adj. R-squared:                  0.554
Method:                 Least Squares   F-statistic:                     78.94
Date:                Sun, 29 Mar 2026   Prob (F-statistic):               0.00
Time:                        15:52:33   Log-Likelihood:                 530.66
No. Observations:                4012   AIC:                            -931.3
Df Residuals:                    3947   BIC:                            -522.0
Df Model:                          64                                         
Covariance Type:            nonrobust                                         
============================================================================================
                               coef    std err          t      P>|t|      [0.025      0.975]
--------------------------------------------------------------------------------------------
const                        3.3807      0.048     69.825      0.000       3.286       3.476
FLead                        0.0471      0.008      5.851      0.000       0.031       0.063
mean_pooled                 -0.2338      0.004    -53.045      0.000      -0.242      -0.225
kim_violence_gore            0.0119      0.003      4.668      0.000       0.007       0.017
kim_sex_nudity               0.0112      0.002      5.525      0.000       0.007       0.015
kim_language                -0.0143      0.002     -7.617      0.000      -0.018      -0.011
major                       -0.0394      0.008     -4.897      0.000      -0.055      -0.024
log_bom_opening_theaters     0.0056      0.002      3.144      0.002       0.002       0.009
genres_count                -0.0094      0.007     -1.387      0.166      -0.023       0.004
yr_1993                     -0.0060      0.034     -0.175      0.861      -0.074       0.062
yr_1994                     -0.0028      0.035     -0.079      0.937      -0.072       0.066
yr_1995                      0.0428      0.035      1.232      0.218      -0.025       0.111
yr_1996                      0.0082      0.034      0.242      0.809      -0.059       0.075
yr_1997                      0.0125      0.035      0.360      0.719      -0.056       0.081
yr_1998                      0.0579      0.033      1.731      0.084      -0.008       0.124
yr_1999                      0.0594      0.033      1.822      0.069      -0.005       0.123
yr_2000                     -0.0107      0.034     -0.317      0.751      -0.076       0.055
yr_2001                      0.0543      0.033      1.644      0.100      -0.010       0.119
yr_2002                      0.0159      0.032      0.489      0.625      -0.048       0.080
yr_2003                     -0.0005      0.033     -0.015      0.988      -0.065       0.064
yr_2004                      0.0615      0.032      1.894      0.058      -0.002       0.125
yr_2005                      0.0479      0.032      1.489      0.137      -0.015       0.111
yr_2006                      0.0966      0.032      3.020      0.003       0.034       0.159
yr_2007                      0.1105      0.032      3.469      0.001       0.048       0.173
yr_2008                      0.0521      0.032      1.623      0.105      -0.011       0.115
yr_2009                      0.0315      0.032      0.969      0.333      -0.032       0.095
yr_2010                      0.0258      0.032      0.797      0.426      -0.038       0.089
yr_2011                      0.0293      0.032      0.921      0.357      -0.033       0.092
yr_2012                      0.0141      0.032      0.445      0.656      -0.048       0.076
yr_2013                      0.0066      0.032      0.206      0.836      -0.056       0.069
yr_2014                      0.0389      0.032      1.207      0.228      -0.024       0.102
yr_2015                     -0.0320      0.032     -1.001      0.317      -0.095       0.031
yr_2016                     -0.0356      0.032     -1.105      0.269      -0.099       0.028
yr_2017                      0.0199      0.033      0.612      0.541      -0.044       0.084
yr_2018                      0.0144      0.033      0.440      0.660      -0.050       0.078
mo_2                         0.0081      0.019      0.414      0.679      -0.030       0.046
mo_3                        -0.0047      0.019     -0.256      0.798      -0.041       0.032
mo_4                         0.0003      0.019      0.015      0.988      -0.036       0.037
mo_5                        -0.0124      0.020     -0.627      0.530      -0.051       0.026
mo_6                        -0.0253      0.019     -1.302      0.193      -0.064       0.013
mo_7                        -0.0232      0.019     -1.229      0.219      -0.060       0.014
mo_8                        -0.0254      0.018     -1.391      0.164      -0.061       0.010
mo_9                        -0.0280      0.019     -1.511      0.131      -0.064       0.008
mo_10                       -0.0071      0.018     -0.392      0.695      -0.043       0.029
mo_11                       -0.0244      0.019     -1.298      0.194      -0.061       0.012
mo_12                       -0.0261      0.018     -1.441      0.150      -0.062       0.009
genre_Action                -0.0556      0.011     -5.236      0.000      -0.076      -0.035
genre_Adventure             -0.0055      0.011     -0.493      0.622      -0.028       0.016
genre_Animation             -0.0270      0.018     -1.502      0.133      -0.062       0.008
genre_Biography             -0.0924      0.014     -6.488      0.000      -0.120      -0.064
genre_Comedy                -0.0044      0.010     -0.463      0.643      -0.023       0.014
genre_Crime                 -0.0904      0.010     -8.830      0.000      -0.110      -0.070
genre_Drama                  0.0133      0.010      1.400      0.161      -0.005       0.032
genre_Family                 0.0718      0.015      4.928      0.000       0.043       0.100
genre_Fantasy                0.0046      0.013      0.363      0.717      -0.020       0.029
genre_History                0.0191      0.020      0.937      0.349      -0.021       0.059
genre_Horror                -0.0343      0.015     -2.349      0.019      -0.063      -0.006
genre_Music                  0.1114      0.019      5.822      0.000       0.074       0.149
genre_Musical                0.3193      0.043      7.390      0.000       0.235       0.404
genre_Mystery               -0.0583      0.013     -4.636      0.000      -0.083      -0.034
genre_News               -5.276e-18   7.02e-18     -0.752      0.452    -1.9e-17    8.48e-18
genre_Romance               -0.0183      0.010     -1.772      0.077      -0.038       0.002
genre_Sci_Fi                -0.0128      0.014     -0.946      0.344      -0.039       0.014
genre_Short               7.984e-18    6.1e-18      1.309      0.191   -3.97e-18    1.99e-17
genre_Sport                 -0.0379      0.021     -1.828      0.068      -0.079       0.003
genre_Thriller              -0.0744      0.011     -6.978      0.000      -0.095      -0.053
genre_War                    0.0094      0.029      0.321      0.748      -0.048       0.067
genre_Western               -0.0471      0.051     -0.914      0.361      -0.148       0.054
==============================================================================
Omnibus:                     1649.465   Durbin-Watson:                   2.006
Prob(Omnibus):                  0.000   Jarque-Bera (JB):            13378.603
Skew:                           1.751   Prob(JB):                         0.00
Kurtosis:                      11.232   Cond. No.                     1.02e+16
==============================================================================

Notes:
[1] Standard Errors assume that the covariance matrix of the errors is correctly specified.
[2] The smallest eigenvalue is 6.38e-27. This might indicate that there are
strong multicollinearity problems or that the design matrix is singular.