                            OLS Regression Results                            
==============================================================================
Dep. Variable:              sd_pooled   R-squared:                       0.562
Model:                            OLS   Adj. R-squared:                  0.555
Method:                 Least Squares   F-statistic:                     79.22
Date:                Sun, 29 Mar 2026   Prob (F-statistic):               0.00
Time:                        15:52:21   Log-Likelihood:                 534.66
No. Observations:                4012   AIC:                            -939.3
Df Residuals:                    3947   BIC:                            -530.0
Df Model:                          64                                         
Covariance Type:            nonrobust                                         
============================================================================================
                               coef    std err          t      P>|t|      [0.025      0.975]
--------------------------------------------------------------------------------------------
const                        3.3792      0.048     69.869      0.000       3.284       3.474
FLead                        0.0467      0.008      5.811      0.000       0.031       0.062
mean_pooled                 -0.2334      0.004    -52.990      0.000      -0.242      -0.225
kim_violence_gore            0.0122      0.003      4.799      0.000       0.007       0.017
kim_sex_nudity               0.0116      0.002      5.712      0.000       0.008       0.016
kim_language                -0.0153      0.002     -8.125      0.000      -0.019      -0.012
major                       -0.0394      0.008     -4.903      0.000      -0.055      -0.024
log_bom_opening_theaters     0.0056      0.002      3.165      0.002       0.002       0.009
genres_count                -0.0096      0.007     -1.414      0.157      -0.023       0.004
yr_1993                     -0.0060      0.034     -0.175      0.861      -0.074       0.061
yr_1994                     -0.0030      0.035     -0.086      0.932      -0.072       0.066
yr_1995                      0.0438      0.035      1.264      0.206      -0.024       0.112
yr_1996                      0.0087      0.034      0.257      0.798      -0.058       0.075
yr_1997                      0.0104      0.035      0.300      0.764      -0.058       0.078
yr_1998                      0.0578      0.033      1.729      0.084      -0.008       0.123
yr_1999                      0.0604      0.033      1.854      0.064      -0.003       0.124
yr_2000                     -0.0089      0.034     -0.266      0.790      -0.075       0.057
yr_2001                      0.0565      0.033      1.713      0.087      -0.008       0.121
yr_2002                      0.0164      0.032      0.505      0.614      -0.047       0.080
yr_2003                   3.227e-05      0.033      0.001      0.999      -0.064       0.064
yr_2004                      0.0603      0.032      1.861      0.063      -0.003       0.124
yr_2005                      0.0480      0.032      1.492      0.136      -0.015       0.111
yr_2006                      0.0966      0.032      3.023      0.003       0.034       0.159
yr_2007                      0.1105      0.032      3.472      0.001       0.048       0.173
yr_2008                      0.0517      0.032      1.613      0.107      -0.011       0.115
yr_2009                      0.0314      0.032      0.966      0.334      -0.032       0.095
yr_2010                      0.0267      0.032      0.824      0.410      -0.037       0.090
yr_2011                      0.0297      0.032      0.935      0.350      -0.033       0.092
yr_2012                      0.0153      0.032      0.484      0.629      -0.047       0.077
yr_2013                      0.0073      0.032      0.229      0.819      -0.055       0.070
yr_2014                      0.0391      0.032      1.213      0.225      -0.024       0.102
yr_2015                     -0.0316      0.032     -0.988      0.323      -0.094       0.031
yr_2016                     -0.0362      0.032     -1.124      0.261      -0.099       0.027
yr_2017                      0.0210      0.033      0.647      0.518      -0.043       0.085
yr_2018                      0.0145      0.033      0.445      0.656      -0.049       0.079
mo_2                         0.0077      0.019      0.398      0.691      -0.030       0.046
mo_3                        -0.0039      0.019     -0.213      0.831      -0.040       0.032
mo_4                         0.0008      0.019      0.041      0.968      -0.036       0.037
mo_5                        -0.0127      0.020     -0.645      0.519      -0.051       0.026
mo_6                        -0.0260      0.019     -1.336      0.181      -0.064       0.012
mo_7                        -0.0236      0.019     -1.249      0.212      -0.061       0.013
mo_8                        -0.0250      0.018     -1.370      0.171      -0.061       0.011
mo_9                        -0.0278      0.019     -1.497      0.134      -0.064       0.009
mo_10                       -0.0067      0.018     -0.369      0.712      -0.042       0.029
mo_11                       -0.0243      0.019     -1.293      0.196      -0.061       0.013
mo_12                       -0.0265      0.018     -1.464      0.143      -0.062       0.009
genre_Action                -0.0555      0.011     -5.233      0.000      -0.076      -0.035
genre_Adventure             -0.0059      0.011     -0.521      0.602      -0.028       0.016
genre_Animation             -0.0287      0.018     -1.597      0.110      -0.064       0.007
genre_Biography             -0.0915      0.014     -6.433      0.000      -0.119      -0.064
genre_Comedy                -0.0029      0.010     -0.301      0.764      -0.022       0.016
genre_Crime                 -0.0890      0.010     -8.698      0.000      -0.109      -0.069
genre_Drama                  0.0136      0.010      1.428      0.153      -0.005       0.032
genre_Family                 0.0707      0.015      4.857      0.000       0.042       0.099
genre_Fantasy                0.0041      0.013      0.324      0.746      -0.021       0.029
genre_History                0.0183      0.020      0.897      0.370      -0.022       0.058
genre_Horror                -0.0341      0.015     -2.340      0.019      -0.063      -0.006
genre_Music                  0.1119      0.019      5.856      0.000       0.074       0.149
genre_Musical                0.3184      0.043      7.376      0.000       0.234       0.403
genre_Mystery               -0.0587      0.013     -4.672      0.000      -0.083      -0.034
genre_News                9.247e-18   7.97e-18      1.160      0.246   -6.38e-18    2.49e-17
genre_Romance               -0.0186      0.010     -1.806      0.071      -0.039       0.002
genre_Sci_Fi                -0.0127      0.014     -0.937      0.349      -0.039       0.014
genre_Short              -7.343e-18   8.57e-18     -0.857      0.392   -2.42e-17    9.46e-18
genre_Sport                 -0.0374      0.021     -1.806      0.071      -0.078       0.003
genre_Thriller              -0.0738      0.011     -6.931      0.000      -0.095      -0.053
genre_War                    0.0096      0.029      0.330      0.742      -0.048       0.067
genre_Western               -0.0474      0.051     -0.922      0.357      -0.148       0.053
==============================================================================
Omnibus:                     1648.448   Durbin-Watson:                   2.007
Prob(Omnibus):                  0.000   Jarque-Bera (JB):            13354.613
Skew:                           1.750   Prob(JB):                         0.00
Kurtosis:                      11.224   Cond. No.                     1.02e+16
==============================================================================

Notes:
[1] Standard Errors assume that the covariance matrix of the errors is correctly specified.
[2] The smallest eigenvalue is 6.38e-27. This might indicate that there are
strong multicollinearity problems or that the design matrix is singular.