                            OLS Regression Results                            
==============================================================================
Dep. Variable:              sd_pooled   R-squared:                       0.561
Model:                            OLS   Adj. R-squared:                  0.554
Method:                 Least Squares   F-statistic:                     78.88
Date:                Sun, 29 Mar 2026   Prob (F-statistic):               0.00
Time:                        15:49:45   Log-Likelihood:                 529.83
No. Observations:                4012   AIC:                            -929.7
Df Residuals:                    3947   BIC:                            -520.4
Df Model:                          64                                         
Covariance Type:            nonrobust                                         
============================================================================================
                               coef    std err          t      P>|t|      [0.025      0.975]
--------------------------------------------------------------------------------------------
const                        3.4016      0.049     69.775      0.000       3.306       3.497
FLead                        0.0465      0.008      5.787      0.000       0.031       0.062
mean_pooled                 -0.2342      0.005    -51.954      0.000      -0.243      -0.225
kim_violence_gore            0.0123      0.003      4.822      0.000       0.007       0.017
kim_sex_nudity               0.0114      0.002      5.579      0.000       0.007       0.015
kim_language                -0.0150      0.002     -8.022      0.000      -0.019      -0.011
major                       -0.0352      0.008     -4.345      0.000      -0.051      -0.019
log_bom_opening_theaters     0.0027      0.002      1.626      0.104      -0.001       0.006
genres_count                -0.0084      0.007     -1.239      0.215      -0.022       0.005
yr_1993                     -0.0074      0.034     -0.216      0.829      -0.075       0.060
yr_1994                     -0.0043      0.035     -0.121      0.903      -0.073       0.065
yr_1995                      0.0418      0.035      1.204      0.229      -0.026       0.110
yr_1996                      0.0071      0.034      0.208      0.836      -0.060       0.074
yr_1997                      0.0132      0.035      0.380      0.704      -0.055       0.081
yr_1998                      0.0587      0.033      1.752      0.080      -0.007       0.124
yr_1999                      0.0594      0.033      1.821      0.069      -0.005       0.123
yr_2000                     -0.0087      0.034     -0.258      0.796      -0.075       0.057
yr_2001                      0.0546      0.033      1.653      0.098      -0.010       0.119
yr_2002                      0.0155      0.032      0.477      0.633      -0.048       0.079
yr_2003                     -0.0008      0.033     -0.026      0.979      -0.065       0.063
yr_2004                      0.0606      0.032      1.867      0.062      -0.003       0.124
yr_2005                      0.0463      0.032      1.439      0.150      -0.017       0.109
yr_2006                      0.0961      0.032      3.003      0.003       0.033       0.159
yr_2007                      0.1108      0.032      3.476      0.001       0.048       0.173
yr_2008                      0.0529      0.032      1.648      0.099      -0.010       0.116
yr_2009                      0.0320      0.033      0.984      0.325      -0.032       0.096
yr_2010                      0.0256      0.032      0.792      0.429      -0.038       0.089
yr_2011                      0.0281      0.032      0.884      0.377      -0.034       0.091
yr_2012                      0.0127      0.032      0.400      0.690      -0.049       0.075
yr_2013                      0.0046      0.032      0.145      0.884      -0.058       0.067
yr_2014                      0.0379      0.032      1.176      0.240      -0.025       0.101
yr_2015                     -0.0330      0.032     -1.031      0.303      -0.096       0.030
yr_2016                     -0.0362      0.032     -1.123      0.261      -0.099       0.027
yr_2017                      0.0213      0.033      0.655      0.512      -0.042       0.085
yr_2018                      0.0149      0.033      0.455      0.649      -0.049       0.079
mo_2                         0.0093      0.019      0.478      0.633      -0.029       0.047
mo_3                        -0.0054      0.019     -0.293      0.770      -0.042       0.031
mo_4                        -0.0005      0.019     -0.027      0.978      -0.037       0.036
mo_5                        -0.0146      0.020     -0.740      0.459      -0.053       0.024
mo_6                        -0.0272      0.019     -1.396      0.163      -0.065       0.011
mo_7                        -0.0259      0.019     -1.370      0.171      -0.063       0.011
mo_8                        -0.0257      0.018     -1.406      0.160      -0.061       0.010
mo_9                        -0.0285      0.019     -1.534      0.125      -0.065       0.008
mo_10                       -0.0088      0.018     -0.485      0.628      -0.045       0.027
mo_11                       -0.0256      0.019     -1.366      0.172      -0.062       0.011
mo_12                       -0.0324      0.018     -1.800      0.072      -0.068       0.003
genre_Action                -0.0539      0.011     -5.087      0.000      -0.075      -0.033
genre_Adventure             -0.0058      0.011     -0.512      0.608      -0.028       0.016
genre_Animation             -0.0269      0.018     -1.493      0.135      -0.062       0.008
genre_Biography             -0.0954      0.014     -6.720      0.000      -0.123      -0.068
genre_Comedy                -0.0033      0.010     -0.346      0.730      -0.022       0.015
genre_Crime                 -0.0890      0.010     -8.676      0.000      -0.109      -0.069
genre_Drama                  0.0096      0.009      1.017      0.309      -0.009       0.028
genre_Family                 0.0724      0.015      4.968      0.000       0.044       0.101
genre_Fantasy                0.0046      0.013      0.361      0.718      -0.020       0.029
genre_History                0.0164      0.020      0.803      0.422      -0.024       0.056
genre_Horror                -0.0336      0.015     -2.298      0.022      -0.062      -0.005
genre_Music                  0.1118      0.019      5.842      0.000       0.074       0.149
genre_Musical                0.3210      0.043      7.426      0.000       0.236       0.406
genre_Mystery               -0.0588      0.013     -4.672      0.000      -0.083      -0.034
genre_News               -2.186e-18   7.95e-18     -0.275      0.783   -1.78e-17    1.34e-17
genre_Romance               -0.0186      0.010     -1.803      0.072      -0.039       0.002
genre_Sci_Fi                -0.0118      0.014     -0.868      0.386      -0.038       0.015
genre_Short              -9.938e-19   3.38e-18     -0.294      0.769   -7.63e-18    5.64e-18
genre_Sport                 -0.0339      0.021     -1.638      0.101      -0.074       0.007
genre_Thriller              -0.0740      0.011     -6.941      0.000      -0.095      -0.053
genre_War                    0.0066      0.029      0.225      0.822      -0.051       0.064
genre_Western               -0.0458      0.052     -0.889      0.374      -0.147       0.055
==============================================================================
Omnibus:                     1669.294   Durbin-Watson:                   2.007
Prob(Omnibus):                  0.000   Jarque-Bera (JB):            13837.027
Skew:                           1.770   Prob(JB):                         0.00
Kurtosis:                      11.381   Cond. No.                     1.02e+16
==============================================================================

Notes:
[1] Standard Errors assume that the covariance matrix of the errors is correctly specified.
[2] The smallest eigenvalue is 6.35e-27. This might indicate that there are
strong multicollinearity problems or that the design matrix is singular.