                            OLS Regression Results                            
==============================================================================
Dep. Variable:              sd_pooled   R-squared:                       0.562
Model:                            OLS   Adj. R-squared:                  0.554
Method:                 Least Squares   F-statistic:                     78.99
Date:                Tue, 31 Mar 2026   Prob (F-statistic):               0.00
Time:                        23:47:47   Log-Likelihood:                 531.45
No. Observations:                4012   AIC:                            -932.9
Df Residuals:                    3947   BIC:                            -523.6
Df Model:                          64                                         
Covariance Type:            nonrobust                                         
============================================================================================
                               coef    std err          t      P>|t|      [0.025      0.975]
--------------------------------------------------------------------------------------------
const                        3.3913      0.048     70.157      0.000       3.296       3.486
FLead                        0.0470      0.008      5.843      0.000       0.031       0.063
mean_pooled                 -0.2333      0.004    -51.893      0.000      -0.242      -0.224
kim_violence_gore            0.0122      0.003      4.772      0.000       0.007       0.017
kim_sex_nudity               0.0115      0.002      5.639      0.000       0.007       0.015
kim_language                -0.0149      0.002     -7.958      0.000      -0.019      -0.011
major                       -0.0378      0.008     -4.661      0.000      -0.054      -0.022
log_bom_opening_theaters     0.0037      0.002      2.417      0.016       0.001       0.007
genres_count                -0.0093      0.007     -1.368      0.172      -0.023       0.004
yr_1993                     -0.0073      0.034     -0.213      0.831      -0.075       0.060
yr_1994                     -0.0045      0.035     -0.129      0.898      -0.074       0.064
yr_1995                      0.0422      0.035      1.217      0.224      -0.026       0.110
yr_1996                      0.0080      0.034      0.234      0.815      -0.059       0.075
yr_1997                      0.0113      0.035      0.325      0.745      -0.057       0.079
yr_1998                      0.0590      0.033      1.762      0.078      -0.007       0.125
yr_1999                      0.0598      0.033      1.834      0.067      -0.004       0.124
yr_2000                     -0.0092      0.034     -0.275      0.783      -0.075       0.057
yr_2001                      0.0554      0.033      1.680      0.093      -0.009       0.120
yr_2002                      0.0151      0.032      0.466      0.641      -0.048       0.079
yr_2003                     -0.0010      0.033     -0.031      0.975      -0.065       0.063
yr_2004                      0.0608      0.032      1.873      0.061      -0.003       0.124
yr_2005                      0.0474      0.032      1.471      0.141      -0.016       0.110
yr_2006                      0.0963      0.032      3.012      0.003       0.034       0.159
yr_2007                      0.1104      0.032      3.466      0.001       0.048       0.173
yr_2008                      0.0517      0.032      1.612      0.107      -0.011       0.115
yr_2009                      0.0321      0.032      0.988      0.323      -0.032       0.096
yr_2010                      0.0259      0.032      0.801      0.423      -0.038       0.089
yr_2011                      0.0288      0.032      0.905      0.365      -0.034       0.091
yr_2012                      0.0134      0.032      0.423      0.672      -0.049       0.075
yr_2013                      0.0056      0.032      0.176      0.861      -0.057       0.068
yr_2014                      0.0388      0.032      1.203      0.229      -0.024       0.102
yr_2015                     -0.0326      0.032     -1.020      0.308      -0.095       0.030
yr_2016                     -0.0346      0.032     -1.074      0.283      -0.098       0.029
yr_2017                      0.0219      0.033      0.672      0.502      -0.042       0.086
yr_2018                      0.0154      0.033      0.471      0.638      -0.049       0.079
mo_2                         0.0099      0.019      0.510      0.610      -0.028       0.048
mo_3                        -0.0041      0.019     -0.222      0.824      -0.040       0.032
mo_4                         0.0013      0.019      0.069      0.945      -0.035       0.038
mo_5                        -0.0132      0.020     -0.667      0.505      -0.052       0.026
mo_6                        -0.0250      0.019     -1.285      0.199      -0.063       0.013
mo_7                        -0.0237      0.019     -1.253      0.210      -0.061       0.013
mo_8                        -0.0247      0.018     -1.354      0.176      -0.060       0.011
mo_9                        -0.0268      0.019     -1.441      0.150      -0.063       0.010
mo_10                       -0.0072      0.018     -0.395      0.693      -0.043       0.029
mo_11                       -0.0245      0.019     -1.306      0.192      -0.061       0.012
mo_12                       -0.0292      0.018     -1.614      0.107      -0.065       0.006
genre_Action                -0.0544      0.011     -5.127      0.000      -0.075      -0.034
genre_Adventure             -0.0053      0.011     -0.472      0.637      -0.027       0.017
genre_Animation             -0.0278      0.018     -1.547      0.122      -0.063       0.007
genre_Biography             -0.0944      0.014     -6.650      0.000      -0.122      -0.067
genre_Comedy                -0.0028      0.010     -0.297      0.766      -0.022       0.016
genre_Crime                 -0.0890      0.010     -8.680      0.000      -0.109      -0.069
genre_Drama                  0.0107      0.009      1.138      0.255      -0.008       0.029
genre_Family                 0.0723      0.015      4.967      0.000       0.044       0.101
genre_Fantasy                0.0044      0.013      0.352      0.725      -0.020       0.029
genre_History                0.0177      0.020      0.865      0.387      -0.022       0.058
genre_Horror                -0.0332      0.015     -2.274      0.023      -0.062      -0.005
genre_Music                  0.1116      0.019      5.835      0.000       0.074       0.149
genre_Musical                0.3208      0.043      7.426      0.000       0.236       0.406
genre_Mystery               -0.0586      0.013     -4.658      0.000      -0.083      -0.034
genre_News                5.481e-18   4.05e-18      1.353      0.176   -2.46e-18    1.34e-17
genre_Romance               -0.0185      0.010     -1.798      0.072      -0.039       0.002
genre_Sci_Fi                -0.0129      0.014     -0.954      0.340      -0.040       0.014
genre_Short               5.081e-18   3.59e-18      1.414      0.157   -1.96e-18    1.21e-17
genre_Sport                 -0.0352      0.021     -1.699      0.089      -0.076       0.005
genre_Thriller              -0.0734      0.011     -6.887      0.000      -0.094      -0.052
genre_War                    0.0065      0.029      0.224      0.823      -0.051       0.064
genre_Western               -0.0479      0.051     -0.931      0.352      -0.149       0.053
==============================================================================
Omnibus:                     1661.830   Durbin-Watson:                   2.006
Prob(Omnibus):                  0.000   Jarque-Bera (JB):            13719.697
Skew:                           1.761   Prob(JB):                         0.00
Kurtosis:                      11.347   Cond. No.                     1.02e+16
==============================================================================

Notes:
[1] Standard Errors assume that the covariance matrix of the errors is correctly specified.
[2] The smallest eigenvalue is 6.1e-27. This might indicate that there are
strong multicollinearity problems or that the design matrix is singular.