                            OLS Regression Results                            
==============================================================================
Dep. Variable:              sd_pooled   R-squared:                       0.562
Model:                            OLS   Adj. R-squared:                  0.555
Method:                 Least Squares   F-statistic:                     79.03
Date:                Tue, 31 Mar 2026   Prob (F-statistic):               0.00
Time:                        12:28:14   Log-Likelihood:                 531.98
No. Observations:                4012   AIC:                            -934.0
Df Residuals:                    3947   BIC:                            -524.7
Df Model:                          64                                         
Covariance Type:            nonrobust                                         
============================================================================================
                               coef    std err          t      P>|t|      [0.025      0.975]
--------------------------------------------------------------------------------------------
const                        3.3786      0.048     69.712      0.000       3.284       3.474
FLead                        0.0473      0.008      5.888      0.000       0.032       0.063
mean_pooled                 -0.2336      0.004    -52.996      0.000      -0.242      -0.225
kim_violence_gore            0.0127      0.003      5.004      0.000       0.008       0.018
kim_sex_nudity               0.0108      0.002      5.401      0.000       0.007       0.015
kim_language                -0.0148      0.002     -7.897      0.000      -0.019      -0.011
major                       -0.0393      0.008     -4.889      0.000      -0.055      -0.024
log_bom_opening_theaters     0.0055      0.002      3.134      0.002       0.002       0.009
genres_count                -0.0098      0.007     -1.452      0.147      -0.023       0.003
yr_1993                     -0.0062      0.034     -0.180      0.857      -0.074       0.061
yr_1994                     -0.0025      0.035     -0.071      0.944      -0.071       0.067
yr_1995                      0.0433      0.035      1.248      0.212      -0.025       0.111
yr_1996                      0.0076      0.034      0.224      0.823      -0.059       0.074
yr_1997                      0.0127      0.035      0.367      0.713      -0.055       0.081
yr_1998                      0.0585      0.033      1.750      0.080      -0.007       0.124
yr_1999                      0.0608      0.033      1.865      0.062      -0.003       0.125
yr_2000                     -0.0083      0.034     -0.248      0.804      -0.074       0.058
yr_2001                      0.0562      0.033      1.703      0.089      -0.009       0.121
yr_2002                      0.0169      0.032      0.521      0.603      -0.047       0.081
yr_2003                      0.0009      0.033      0.026      0.979      -0.063       0.065
yr_2004                      0.0618      0.032      1.905      0.057      -0.002       0.125
yr_2005                      0.0482      0.032      1.497      0.134      -0.015       0.111
yr_2006                      0.0976      0.032      3.053      0.002       0.035       0.160
yr_2007                      0.1121      0.032      3.522      0.000       0.050       0.175
yr_2008                      0.0538      0.032      1.676      0.094      -0.009       0.117
yr_2009                      0.0331      0.032      1.018      0.309      -0.031       0.097
yr_2010                      0.0266      0.032      0.823      0.411      -0.037       0.090
yr_2011                      0.0317      0.032      0.996      0.319      -0.031       0.094
yr_2012                      0.0164      0.032      0.519      0.604      -0.046       0.079
yr_2013                      0.0083      0.032      0.261      0.794      -0.054       0.071
yr_2014                      0.0408      0.032      1.267      0.205      -0.022       0.104
yr_2015                     -0.0312      0.032     -0.974      0.330      -0.094       0.032
yr_2016                     -0.0340      0.032     -1.054      0.292      -0.097       0.029
yr_2017                      0.0222      0.033      0.683      0.495      -0.042       0.086
yr_2018                      0.0152      0.033      0.464      0.643      -0.049       0.079
mo_2                         0.0078      0.019      0.400      0.689      -0.030       0.046
mo_3                        -0.0035      0.019     -0.189      0.850      -0.040       0.033
mo_4                         0.0008      0.019      0.041      0.967      -0.036       0.037
mo_5                        -0.0121      0.020     -0.614      0.539      -0.051       0.027
mo_6                        -0.0254      0.019     -1.305      0.192      -0.064       0.013
mo_7                        -0.0226      0.019     -1.198      0.231      -0.060       0.014
mo_8                        -0.0246      0.018     -1.351      0.177      -0.060       0.011
mo_9                        -0.0271      0.019     -1.459      0.145      -0.063       0.009
mo_10                       -0.0064      0.018     -0.352      0.725      -0.042       0.029
mo_11                       -0.0232      0.019     -1.239      0.215      -0.060       0.014
mo_12                       -0.0259      0.018     -1.426      0.154      -0.061       0.010
genre_Action                -0.0560      0.011     -5.283      0.000      -0.077      -0.035
genre_Adventure             -0.0066      0.011     -0.588      0.557      -0.029       0.015
genre_Animation             -0.0288      0.018     -1.603      0.109      -0.064       0.006
genre_Biography             -0.0920      0.014     -6.464      0.000      -0.120      -0.064
genre_Comedy                -0.0019      0.010     -0.196      0.844      -0.020       0.017
genre_Crime                 -0.0889      0.010     -8.679      0.000      -0.109      -0.069
genre_Drama                  0.0139      0.010      1.466      0.143      -0.005       0.033
genre_Family                 0.0701      0.015      4.814      0.000       0.042       0.099
genre_Fantasy                0.0050      0.013      0.392      0.695      -0.020       0.030
genre_History                0.0175      0.020      0.859      0.391      -0.022       0.058
genre_Horror                -0.0361      0.015     -2.476      0.013      -0.065      -0.008
genre_Music                  0.1131      0.019      5.916      0.000       0.076       0.151
genre_Musical                0.3198      0.043      7.403      0.000       0.235       0.404
genre_Mystery               -0.0582      0.013     -4.629      0.000      -0.083      -0.034
genre_News                1.624e-17   6.31e-18      2.572      0.010    3.86e-18    2.86e-17
genre_Romance               -0.0173      0.010     -1.681      0.093      -0.037       0.003
genre_Sci_Fi                -0.0129      0.014     -0.949      0.343      -0.039       0.014
genre_Short               2.408e-18   7.17e-18      0.336      0.737   -1.17e-17    1.65e-17
genre_Sport                 -0.0370      0.021     -1.785      0.074      -0.078       0.004
genre_Thriller              -0.0743      0.011     -6.977      0.000      -0.095      -0.053
genre_War                    0.0095      0.029      0.324      0.746      -0.048       0.067
genre_Western               -0.0486      0.051     -0.945      0.345      -0.150       0.052
==============================================================================
Omnibus:                     1648.343   Durbin-Watson:                   2.007
Prob(Omnibus):                  0.000   Jarque-Bera (JB):            13339.291
Skew:                           1.751   Prob(JB):                         0.00
Kurtosis:                      11.218   Cond. No.                     1.02e+16
==============================================================================

Notes:
[1] Standard Errors assume that the covariance matrix of the errors is correctly specified.
[2] The smallest eigenvalue is 6.38e-27. This might indicate that there are
strong multicollinearity problems or that the design matrix is singular.