                            OLS Regression Results                            
==============================================================================
Dep. Variable:              sd_pooled   R-squared:                       0.561
Model:                            OLS   Adj. R-squared:                  0.554
Method:                 Least Squares   F-statistic:                     78.84
Date:                Tue, 31 Mar 2026   Prob (F-statistic):               0.00
Time:                        18:39:45   Log-Likelihood:                 529.27
No. Observations:                4012   AIC:                            -928.5
Df Residuals:                    3947   BIC:                            -519.2
Df Model:                          64                                         
Covariance Type:            nonrobust                                         
============================================================================================
                               coef    std err          t      P>|t|      [0.025      0.975]
--------------------------------------------------------------------------------------------
const                        3.3822      0.048     69.839      0.000       3.287       3.477
FLead                        0.0460      0.008      5.724      0.000       0.030       0.062
mean_pooled                 -0.2329      0.004    -52.874      0.000      -0.242      -0.224
kim_violence_gore            0.0092      0.002      3.794      0.000       0.004       0.014
kim_sex_nudity               0.0121      0.002      5.957      0.000       0.008       0.016
kim_language                -0.0145      0.002     -7.754      0.000      -0.018      -0.011
major                       -0.0399      0.008     -4.959      0.000      -0.056      -0.024
log_bom_opening_theaters     0.0057      0.002      3.193      0.001       0.002       0.009
genres_count                -0.0083      0.007     -1.221      0.222      -0.022       0.005
yr_1993                     -0.0044      0.034     -0.129      0.898      -0.072       0.063
yr_1994                     -0.0022      0.035     -0.062      0.951      -0.071       0.067
yr_1995                      0.0455      0.035      1.311      0.190      -0.023       0.114
yr_1996                      0.0095      0.034      0.278      0.781      -0.057       0.076
yr_1997                      0.0154      0.035      0.444      0.657      -0.053       0.083
yr_1998                      0.0597      0.033      1.782      0.075      -0.006       0.125
yr_1999                      0.0621      0.033      1.905      0.057      -0.002       0.126
yr_2000                     -0.0079      0.034     -0.236      0.813      -0.074       0.058
yr_2001                      0.0595      0.033      1.803      0.072      -0.005       0.124
yr_2002                      0.0190      0.032      0.585      0.559      -0.045       0.083
yr_2003                      0.0007      0.033      0.022      0.983      -0.063       0.065
yr_2004                      0.0633      0.032      1.948      0.051      -0.000       0.127
yr_2005                      0.0508      0.032      1.578      0.115      -0.012       0.114
yr_2006                      0.1013      0.032      3.171      0.002       0.039       0.164
yr_2007                      0.1133      0.032      3.556      0.000       0.051       0.176
yr_2008                      0.0542      0.032      1.687      0.092      -0.009       0.117
yr_2009                      0.0346      0.032      1.065      0.287      -0.029       0.098
yr_2010                      0.0289      0.032      0.892      0.373      -0.035       0.092
yr_2011                      0.0316      0.032      0.991      0.322      -0.031       0.094
yr_2012                      0.0171      0.032      0.540      0.590      -0.045       0.079
yr_2013                      0.0096      0.032      0.301      0.764      -0.053       0.072
yr_2014                      0.0408      0.032      1.264      0.206      -0.022       0.104
yr_2015                     -0.0299      0.032     -0.935      0.350      -0.093       0.033
yr_2016                     -0.0332      0.032     -1.031      0.303      -0.096       0.030
yr_2017                      0.0222      0.033      0.680      0.496      -0.042       0.086
yr_2018                      0.0170      0.033      0.520      0.603      -0.047       0.081
mo_2                         0.0086      0.019      0.442      0.659      -0.030       0.047
mo_3                        -0.0038      0.019     -0.206      0.837      -0.040       0.033
mo_4                         0.0015      0.019      0.083      0.934      -0.035       0.038
mo_5                        -0.0122      0.020     -0.619      0.536      -0.051       0.026
mo_6                        -0.0252      0.019     -1.292      0.196      -0.063       0.013
mo_7                        -0.0227      0.019     -1.200      0.230      -0.060       0.014
mo_8                        -0.0250      0.018     -1.371      0.170      -0.061       0.011
mo_9                        -0.0283      0.019     -1.526      0.127      -0.065       0.008
mo_10                       -0.0062      0.018     -0.338      0.736      -0.042       0.030
mo_11                       -0.0241      0.019     -1.282      0.200      -0.061       0.013
mo_12                       -0.0249      0.018     -1.375      0.169      -0.061       0.011
genre_Action                -0.0517      0.011     -4.905      0.000      -0.072      -0.031
genre_Adventure             -0.0061      0.011     -0.546      0.585      -0.028       0.016
genre_Animation             -0.0296      0.018     -1.644      0.100      -0.065       0.006
genre_Biography             -0.0935      0.014     -6.571      0.000      -0.121      -0.066
genre_Comedy                -0.0078      0.009     -0.828      0.408      -0.026       0.011
genre_Crime                 -0.0875      0.010     -8.542      0.000      -0.108      -0.067
genre_Drama                  0.0117      0.009      1.231      0.218      -0.007       0.030
genre_Family                 0.0684      0.015      4.704      0.000       0.040       0.097
genre_Fantasy                0.0050      0.013      0.393      0.695      -0.020       0.030
genre_History                0.0198      0.020      0.972      0.331      -0.020       0.060
genre_Horror                -0.0274      0.014     -1.892      0.059      -0.056       0.001
genre_Music                  0.1085      0.019      5.673      0.000       0.071       0.146
genre_Musical                0.3165      0.043      7.322      0.000       0.232       0.401
genre_Mystery               -0.0591      0.013     -4.695      0.000      -0.084      -0.034
genre_News                2.016e-19   3.23e-18      0.062      0.950   -6.13e-18    6.54e-18
genre_Romance               -0.0227      0.010     -2.220      0.026      -0.043      -0.003
genre_Sci_Fi                -0.0127      0.014     -0.937      0.349      -0.039       0.014
genre_Short              -9.475e-18   4.52e-18     -2.097      0.036   -1.83e-17   -6.16e-19
genre_Sport                 -0.0385      0.021     -1.854      0.064      -0.079       0.002
genre_Thriller              -0.0737      0.011     -6.911      0.000      -0.095      -0.053
genre_War                    0.0146      0.029      0.501      0.616      -0.043       0.072
genre_Western               -0.0425      0.051     -0.825      0.409      -0.143       0.058
==============================================================================
Omnibus:                     1650.069   Durbin-Watson:                   2.006
Prob(Omnibus):                  0.000   Jarque-Bera (JB):            13405.387
Skew:                           1.752   Prob(JB):                         0.00
Kurtosis:                      11.241   Cond. No.                     1.02e+16
==============================================================================

Notes:
[1] Standard Errors assume that the covariance matrix of the errors is correctly specified.
[2] The smallest eigenvalue is 6.39e-27. This might indicate that there are
strong multicollinearity problems or that the design matrix is singular.