                            OLS Regression Results                            
==============================================================================
Dep. Variable:              sd_pooled   R-squared:                       0.549
Model:                            OLS   Adj. R-squared:                  0.536
Method:                 Least Squares   F-statistic:                     44.49
Date:                Sun, 29 Mar 2026   Prob (F-statistic):               0.00
Time:                        15:44:27   Log-Likelihood:                 301.21
No. Observations:                2408   AIC:                            -472.4
Df Residuals:                    2343   BIC:                            -96.28
Df Model:                          64                                         
Covariance Type:            nonrobust                                         
============================================================================================
                               coef    std err          t      P>|t|      [0.025      0.975]
--------------------------------------------------------------------------------------------
const                        3.3165      0.063     52.737      0.000       3.193       3.440
FLead                        0.0540      0.011      5.120      0.000       0.033       0.075
mean_pooled                 -0.2261      0.006    -38.951      0.000      -0.237      -0.215
kim_violence_gore            0.0161      0.003      4.907      0.000       0.010       0.023
kim_sex_nudity               0.0111      0.003      4.168      0.000       0.006       0.016
kim_language                -0.0163      0.002     -6.637      0.000      -0.021      -0.011
major                       -0.0449      0.010     -4.287      0.000      -0.065      -0.024
log_bom_opening_theaters     0.0067      0.002      2.950      0.003       0.002       0.011
genres_count                -0.0038      0.009     -0.437      0.662      -0.021       0.013
yr_1993                     -0.0150      0.044     -0.340      0.734      -0.101       0.071
yr_1994                      0.0041      0.046      0.089      0.929      -0.086       0.094
yr_1995                      0.0469      0.045      1.042      0.298      -0.041       0.135
yr_1996                     -0.0065      0.044     -0.147      0.883      -0.093       0.080
yr_1997                      0.0494      0.048      1.024      0.306      -0.045       0.144
yr_1998                      0.0423      0.043      0.985      0.325      -0.042       0.127
yr_1999                      0.0499      0.042      1.192      0.233      -0.032       0.132
yr_2000                     -0.0074      0.044     -0.167      0.867      -0.094       0.079
yr_2001                      0.0580      0.043      1.339      0.181      -0.027       0.143
yr_2002                      0.0167      0.043      0.390      0.697      -0.067       0.100
yr_2003                     -0.0147      0.042     -0.346      0.729      -0.098       0.069
yr_2004                      0.0283      0.043      0.659      0.510      -0.056       0.112
yr_2005                      0.0423      0.042      1.009      0.313      -0.040       0.124
yr_2006                      0.0924      0.042      2.215      0.027       0.011       0.174
yr_2007                      0.0748      0.042      1.762      0.078      -0.008       0.158
yr_2008                      0.0465      0.042      1.115      0.265      -0.035       0.128
yr_2009                      0.0104      0.043      0.245      0.807      -0.073       0.094
yr_2010                     -0.0049      0.042     -0.115      0.909      -0.088       0.078
yr_2011                     -0.0078      0.042     -0.188      0.851      -0.089       0.074
yr_2012                     -0.0065      0.041     -0.159      0.874      -0.087       0.074
yr_2013                      0.0096      0.041      0.235      0.814      -0.071       0.090
yr_2014                      0.0216      0.042      0.512      0.609      -0.061       0.104
yr_2015                     -0.0447      0.042     -1.063      0.288      -0.127       0.038
yr_2016                     -0.0288      0.042     -0.681      0.496      -0.112       0.054
yr_2017                      0.0086      0.042      0.202      0.840      -0.074       0.092
yr_2018                      0.0175      0.042      0.412      0.680      -0.066       0.101
mo_2                         0.0297      0.025      1.167      0.243      -0.020       0.080
mo_3                         0.0150      0.024      0.634      0.526      -0.031       0.061
mo_4                         0.0243      0.025      0.992      0.321      -0.024       0.072
mo_5                         0.0070      0.026      0.272      0.785      -0.043       0.057
mo_6                        -0.0019      0.025     -0.073      0.942      -0.051       0.048
mo_7                         0.0045      0.025      0.184      0.854      -0.044       0.053
mo_8                        -0.0047      0.024     -0.201      0.840      -0.051       0.041
mo_9                        -0.0136      0.024     -0.560      0.575      -0.061       0.034
mo_10                        0.0144      0.024      0.608      0.543      -0.032       0.061
mo_11                       -0.0054      0.025     -0.217      0.828      -0.054       0.043
mo_12                       -0.0120      0.023     -0.511      0.610      -0.058       0.034
genre_Action                -0.0674      0.014     -4.663      0.000      -0.096      -0.039
genre_Adventure             -0.0088      0.016     -0.563      0.574      -0.040       0.022
genre_Animation             -0.0273      0.024     -1.117      0.264      -0.075       0.021
genre_Biography             -0.0850      0.019     -4.412      0.000      -0.123      -0.047
genre_Comedy                -0.0181      0.012     -1.454      0.146      -0.042       0.006
genre_Crime                 -0.0959      0.014     -7.067      0.000      -0.122      -0.069
genre_Drama                 -0.0042      0.013     -0.326      0.744      -0.029       0.021
genre_Family                 0.0613      0.020      3.116      0.002       0.023       0.100
genre_Fantasy                0.0002      0.018      0.011      0.991      -0.035       0.035
genre_History                0.0613      0.028      2.195      0.028       0.007       0.116
genre_Horror                -0.0511      0.020     -2.585      0.010      -0.090      -0.012
genre_Music                  0.0944      0.026      3.573      0.000       0.043       0.146
genre_Musical                0.3688      0.070      5.254      0.000       0.231       0.507
genre_Mystery               -0.0592      0.018     -3.282      0.001      -0.095      -0.024
genre_News               -3.826e-17   4.95e-17     -0.772      0.440   -1.35e-16    5.89e-17
genre_Romance               -0.0134      0.013     -0.996      0.319      -0.040       0.013
genre_Sci_Fi                -0.0164      0.018     -0.888      0.375      -0.053       0.020
genre_Short              -2.323e-18   4.87e-18     -0.477      0.633   -1.19e-17    7.23e-18
genre_Sport                 -0.0225      0.026     -0.858      0.391      -0.074       0.029
genre_Thriller              -0.0992      0.014     -6.921      0.000      -0.127      -0.071
genre_War                    0.0209      0.040      0.523      0.601      -0.057       0.099
genre_Western               -0.0423      0.063     -0.671      0.502      -0.166       0.081
==============================================================================
Omnibus:                     1092.748   Durbin-Watson:                   2.008
Prob(Omnibus):                  0.000   Jarque-Bera (JB):            10725.879
Skew:                           1.891   Prob(JB):                         0.00
Kurtosis:                      12.623   Cond. No.                     1.02e+16
==============================================================================

Notes:
[1] Standard Errors assume that the covariance matrix of the errors is correctly specified.
[2] The smallest eigenvalue is 3.81e-27. This might indicate that there are
strong multicollinearity problems or that the design matrix is singular.