                            OLS Regression Results                            
==============================================================================
Dep. Variable:              sd_pooled   R-squared:                       0.562
Model:                            OLS   Adj. R-squared:                  0.555
Method:                 Least Squares   F-statistic:                     79.02
Date:                Tue, 31 Mar 2026   Prob (F-statistic):               0.00
Time:                        12:52:31   Log-Likelihood:                 531.86
No. Observations:                4012   AIC:                            -933.7
Df Residuals:                    3947   BIC:                            -524.4
Df Model:                          64                                         
Covariance Type:            nonrobust                                         
============================================================================================
                               coef    std err          t      P>|t|      [0.025      0.975]
--------------------------------------------------------------------------------------------
const                        3.3897      0.048     70.309      0.000       3.295       3.484
FLead                        0.0467      0.008      5.812      0.000       0.031       0.062
mean_pooled                 -0.2340      0.004    -53.096      0.000      -0.243      -0.225
kim_violence_gore            0.0123      0.003      4.816      0.000       0.007       0.017
kim_sex_nudity               0.0114      0.002      5.614      0.000       0.007       0.015
kim_language                -0.0150      0.002     -7.991      0.000      -0.019      -0.011
major                       -0.0377      0.008     -4.702      0.000      -0.053      -0.022
log_bom_opening_theaters     0.0045      0.002      2.579      0.010       0.001       0.008
genres_count                -0.0095      0.007     -1.394      0.163      -0.023       0.004
yr_1993                     -0.0066      0.034     -0.192      0.848      -0.074       0.061
yr_1994                     -0.0044      0.035     -0.124      0.901      -0.073       0.065
yr_1995                      0.0428      0.035      1.232      0.218      -0.025       0.111
yr_1996                      0.0078      0.034      0.228      0.819      -0.059       0.075
yr_1997                      0.0124      0.035      0.358      0.720      -0.056       0.080
yr_1998                      0.0583      0.033      1.741      0.082      -0.007       0.124
yr_1999                      0.0593      0.033      1.821      0.069      -0.005       0.123
yr_2000                     -0.0102      0.034     -0.303      0.762      -0.076       0.056
yr_2001                      0.0547      0.033      1.659      0.097      -0.010       0.119
yr_2002                      0.0153      0.032      0.473      0.637      -0.048       0.079
yr_2003                     -0.0012      0.033     -0.037      0.970      -0.065       0.063
yr_2004                      0.0601      0.032      1.852      0.064      -0.004       0.124
yr_2005                      0.0470      0.032      1.461      0.144      -0.016       0.110
yr_2006                      0.0954      0.032      2.985      0.003       0.033       0.158
yr_2007                      0.1098      0.032      3.447      0.001       0.047       0.172
yr_2008                      0.0515      0.032      1.604      0.109      -0.011       0.114
yr_2009                      0.0308      0.032      0.949      0.343      -0.033       0.095
yr_2010                      0.0258      0.032      0.795      0.426      -0.038       0.089
yr_2011                      0.0286      0.032      0.899      0.369      -0.034       0.091
yr_2012                      0.0135      0.032      0.426      0.670      -0.049       0.076
yr_2013                      0.0057      0.032      0.180      0.857      -0.057       0.068
yr_2014                      0.0384      0.032      1.191      0.234      -0.025       0.102
yr_2015                     -0.0321      0.032     -1.005      0.315      -0.095       0.031
yr_2016                     -0.0363      0.032     -1.125      0.261      -0.099       0.027
yr_2017                      0.0205      0.033      0.629      0.530      -0.043       0.084
yr_2018                      0.0138      0.033      0.421      0.674      -0.050       0.078
mo_2                         0.0080      0.019      0.409      0.683      -0.030       0.046
mo_3                        -0.0046      0.019     -0.248      0.804      -0.041       0.032
mo_4                         0.0003      0.019      0.015      0.988      -0.036       0.037
mo_5                        -0.0135      0.020     -0.683      0.495      -0.052       0.025
mo_6                        -0.0260      0.019     -1.338      0.181      -0.064       0.012
mo_7                        -0.0245      0.019     -1.297      0.195      -0.062       0.013
mo_8                        -0.0254      0.018     -1.395      0.163      -0.061       0.010
mo_9                        -0.0281      0.019     -1.516      0.129      -0.065       0.008
mo_10                       -0.0077      0.018     -0.421      0.674      -0.043       0.028
mo_11                       -0.0247      0.019     -1.316      0.188      -0.061       0.012
mo_12                       -0.0280      0.018     -1.548      0.122      -0.064       0.007
genre_Action                -0.0549      0.011     -5.173      0.000      -0.076      -0.034
genre_Adventure             -0.0056      0.011     -0.495      0.620      -0.028       0.016
genre_Animation             -0.0278      0.018     -1.547      0.122      -0.063       0.007
genre_Biography             -0.0929      0.014     -6.527      0.000      -0.121      -0.065
genre_Comedy                -0.0029      0.010     -0.306      0.760      -0.022       0.016
genre_Crime                 -0.0886      0.010     -8.649      0.000      -0.109      -0.069
genre_Drama                  0.0127      0.010      1.334      0.182      -0.006       0.031
genre_Family                 0.0714      0.015      4.901      0.000       0.043       0.100
genre_Fantasy                0.0042      0.013      0.332      0.740      -0.021       0.029
genre_History                0.0180      0.020      0.880      0.379      -0.022       0.058
genre_Horror                -0.0337      0.015     -2.311      0.021      -0.062      -0.005
genre_Music                  0.1117      0.019      5.839      0.000       0.074       0.149
genre_Musical                0.3173      0.043      7.344      0.000       0.233       0.402
genre_Mystery               -0.0587      0.013     -4.666      0.000      -0.083      -0.034
genre_News                4.301e-18   7.45e-18      0.577      0.564   -1.03e-17    1.89e-17
genre_Romance               -0.0183      0.010     -1.779      0.075      -0.039       0.002
genre_Sci_Fi                -0.0127      0.014     -0.935      0.350      -0.039       0.014
genre_Short               1.252e-19      5e-18      0.025      0.980   -9.67e-18    9.92e-18
genre_Sport                 -0.0361      0.021     -1.742      0.082      -0.077       0.005
genre_Thriller              -0.0738      0.011     -6.933      0.000      -0.095      -0.053
genre_War                    0.0084      0.029      0.289      0.773      -0.049       0.066
genre_Western               -0.0470      0.051     -0.914      0.361      -0.148       0.054
==============================================================================
Omnibus:                     1656.620   Durbin-Watson:                   2.007
Prob(Omnibus):                  0.000   Jarque-Bera (JB):            13547.468
Skew:                           1.758   Prob(JB):                         0.00
Kurtosis:                      11.288   Cond. No.                     1.02e+16
==============================================================================

Notes:
[1] Standard Errors assume that the covariance matrix of the errors is correctly specified.
[2] The smallest eigenvalue is 6.39e-27. This might indicate that there are
strong multicollinearity problems or that the design matrix is singular.