                            OLS Regression Results                            
==============================================================================
Dep. Variable:              sd_pooled   R-squared:                       0.561
Model:                            OLS   Adj. R-squared:                  0.554
Method:                 Least Squares   F-statistic:                     78.94
Date:                Sun, 29 Mar 2026   Prob (F-statistic):               0.00
Time:                        16:05:53   Log-Likelihood:                 530.72
No. Observations:                4012   AIC:                            -931.4
Df Residuals:                    3947   BIC:                            -522.1
Df Model:                          64                                         
Covariance Type:            nonrobust                                         
============================================================================================
                               coef    std err          t      P>|t|      [0.025      0.975]
--------------------------------------------------------------------------------------------
const                        3.3982      0.048     70.708      0.000       3.304       3.492
FLead                        0.0463      0.008      5.760      0.000       0.031       0.062
mean_pooled                 -0.2341      0.004    -52.747      0.000      -0.243      -0.225
kim_violence_gore            0.0124      0.003      4.872      0.000       0.007       0.017
kim_sex_nudity               0.0112      0.002      5.533      0.000       0.007       0.015
kim_language                -0.0150      0.002     -7.979      0.000      -0.019      -0.011
major                       -0.0368      0.008     -4.532      0.000      -0.053      -0.021
log_bom_opening_theaters     0.0033      0.002      2.095      0.036       0.000       0.006
genres_count                -0.0087      0.007     -1.290      0.197      -0.022       0.005
yr_1993                     -0.0071      0.034     -0.205      0.837      -0.075       0.060
yr_1994                     -0.0033      0.035     -0.094      0.925      -0.072       0.066
yr_1995                      0.0422      0.035      1.216      0.224      -0.026       0.110
yr_1996                      0.0079      0.034      0.231      0.817      -0.059       0.075
yr_1997                      0.0125      0.035      0.361      0.718      -0.056       0.081
yr_1998                      0.0592      0.033      1.768      0.077      -0.006       0.125
yr_1999                      0.0585      0.033      1.796      0.073      -0.005       0.122
yr_2000                     -0.0090      0.034     -0.269      0.788      -0.075       0.057
yr_2001                      0.0550      0.033      1.666      0.096      -0.010       0.120
yr_2002                      0.0157      0.032      0.483      0.629      -0.048       0.079
yr_2003                     -0.0004      0.033     -0.013      0.989      -0.065       0.064
yr_2004                      0.0616      0.032      1.899      0.058      -0.002       0.125
yr_2005                      0.0473      0.032      1.469      0.142      -0.016       0.110
yr_2006                      0.0959      0.032      2.997      0.003       0.033       0.159
yr_2007                      0.1105      0.032      3.468      0.001       0.048       0.173
yr_2008                      0.0526      0.032      1.638      0.101      -0.010       0.115
yr_2009                      0.0315      0.032      0.969      0.333      -0.032       0.095
yr_2010                      0.0269      0.032      0.831      0.406      -0.037       0.090
yr_2011                      0.0288      0.032      0.904      0.366      -0.034       0.091
yr_2012                      0.0128      0.032      0.404      0.687      -0.049       0.075
yr_2013                      0.0053      0.032      0.165      0.869      -0.057       0.068
yr_2014                      0.0394      0.032      1.224      0.221      -0.024       0.103
yr_2015                     -0.0324      0.032     -1.014      0.311      -0.095       0.030
yr_2016                     -0.0353      0.032     -1.095      0.274      -0.099       0.028
yr_2017                      0.0216      0.033      0.662      0.508      -0.042       0.085
yr_2018                      0.0149      0.033      0.455      0.649      -0.049       0.079
mo_2                         0.0085      0.019      0.438      0.661      -0.030       0.047
mo_3                        -0.0049      0.019     -0.264      0.792      -0.041       0.031
mo_4                         0.0007      0.019      0.037      0.971      -0.036       0.037
mo_5                        -0.0133      0.020     -0.675      0.500      -0.052       0.025
mo_6                        -0.0259      0.019     -1.332      0.183      -0.064       0.012
mo_7                        -0.0246      0.019     -1.301      0.194      -0.062       0.012
mo_8                        -0.0250      0.018     -1.372      0.170      -0.061       0.011
mo_9                        -0.0279      0.019     -1.501      0.133      -0.064       0.009
mo_10                       -0.0078      0.018     -0.427      0.670      -0.044       0.028
mo_11                       -0.0249      0.019     -1.324      0.185      -0.062       0.012
mo_12                       -0.0294      0.018     -1.626      0.104      -0.065       0.006
genre_Action                -0.0544      0.011     -5.132      0.000      -0.075      -0.034
genre_Adventure             -0.0055      0.011     -0.488      0.626      -0.028       0.017
genre_Animation             -0.0270      0.018     -1.504      0.133      -0.062       0.008
genre_Biography             -0.0945      0.014     -6.651      0.000      -0.122      -0.067
genre_Comedy                -0.0032      0.010     -0.333      0.739      -0.022       0.016
genre_Crime                 -0.0888      0.010     -8.665      0.000      -0.109      -0.069
genre_Drama                  0.0108      0.009      1.145      0.252      -0.008       0.029
genre_Family                 0.0709      0.015      4.864      0.000       0.042       0.100
genre_Fantasy                0.0048      0.013      0.378      0.706      -0.020       0.030
genre_History                0.0174      0.020      0.854      0.393      -0.023       0.057
genre_Horror                -0.0340      0.015     -2.326      0.020      -0.063      -0.005
genre_Music                  0.1121      0.019      5.862      0.000       0.075       0.150
genre_Musical                0.3207      0.043      7.421      0.000       0.236       0.405
genre_Mystery               -0.0589      0.013     -4.677      0.000      -0.084      -0.034
genre_News               -1.729e-17   3.72e-17     -0.465      0.642   -9.01e-17    5.56e-17
genre_Romance               -0.0187      0.010     -1.817      0.069      -0.039       0.001
genre_Sci_Fi                -0.0131      0.014     -0.962      0.336      -0.040       0.014
genre_Short               1.582e-17   1.94e-17      0.815      0.415   -2.22e-17    5.39e-17
genre_Sport                 -0.0360      0.021     -1.737      0.082      -0.077       0.005
genre_Thriller              -0.0743      0.011     -6.970      0.000      -0.095      -0.053
genre_War                    0.0081      0.029      0.279      0.780      -0.049       0.065
genre_Western               -0.0453      0.051     -0.879      0.379      -0.146       0.056
==============================================================================
Omnibus:                     1663.548   Durbin-Watson:                   2.006
Prob(Omnibus):                  0.000   Jarque-Bera (JB):            13680.999
Skew:                           1.765   Prob(JB):                         0.00
Kurtosis:                      11.330   Cond. No.                     1.02e+16
==============================================================================

Notes:
[1] Standard Errors assume that the covariance matrix of the errors is correctly specified.
[2] The smallest eigenvalue is 6.21e-27. This might indicate that there are
strong multicollinearity problems or that the design matrix is singular.