                            OLS Regression Results                            
==============================================================================
Dep. Variable:              sd_pooled   R-squared:                       0.562
Model:                            OLS   Adj. R-squared:                  0.555
Method:                 Least Squares   F-statistic:                     79.01
Date:                Tue, 31 Mar 2026   Prob (F-statistic):               0.00
Time:                        23:10:41   Log-Likelihood:                 531.72
No. Observations:                4012   AIC:                            -933.4
Df Residuals:                    3947   BIC:                            -524.1
Df Model:                          64                                         
Covariance Type:            nonrobust                                         
============================================================================================
                               coef    std err          t      P>|t|      [0.025      0.975]
--------------------------------------------------------------------------------------------
const                        3.3899      0.048     70.175      0.000       3.295       3.485
FLead                        0.0465      0.008      5.780      0.000       0.031       0.062
mean_pooled                 -0.2338      0.004    -52.793      0.000      -0.242      -0.225
kim_violence_gore            0.0123      0.003      4.820      0.000       0.007       0.017
kim_sex_nudity               0.0113      0.002      5.589      0.000       0.007       0.015
kim_language                -0.0148      0.002     -7.924      0.000      -0.019      -0.011
major                       -0.0383      0.008     -4.706      0.000      -0.054      -0.022
log_bom_opening_theaters     0.0040      0.002      2.522      0.012       0.001       0.007
genres_count                -0.0090      0.007     -1.329      0.184      -0.022       0.004
yr_1993                     -0.0056      0.034     -0.162      0.871      -0.073       0.062
yr_1994                     -0.0029      0.035     -0.083      0.934      -0.072       0.066
yr_1995                      0.0444      0.035      1.278      0.201      -0.024       0.112
yr_1996                      0.0087      0.034      0.256      0.798      -0.058       0.075
yr_1997                      0.0139      0.035      0.399      0.690      -0.054       0.082
yr_1998                      0.0610      0.033      1.823      0.068      -0.005       0.127
yr_1999                      0.0608      0.033      1.865      0.062      -0.003       0.125
yr_2000                     -0.0074      0.034     -0.221      0.825      -0.073       0.058
yr_2001                      0.0565      0.033      1.711      0.087      -0.008       0.121
yr_2002                      0.0169      0.032      0.519      0.604      -0.047       0.081
yr_2003                    9.71e-05      0.033      0.003      0.998      -0.064       0.064
yr_2004                      0.0618      0.032      1.905      0.057      -0.002       0.125
yr_2005                      0.0484      0.032      1.503      0.133      -0.015       0.112
yr_2006                      0.0975      0.032      3.049      0.002       0.035       0.160
yr_2007                      0.1116      0.032      3.502      0.000       0.049       0.174
yr_2008                      0.0540      0.032      1.682      0.093      -0.009       0.117
yr_2009                      0.0327      0.032      1.008      0.314      -0.031       0.096
yr_2010                      0.0275      0.032      0.850      0.396      -0.036       0.091
yr_2011                      0.0304      0.032      0.954      0.340      -0.032       0.093
yr_2012                      0.0155      0.032      0.488      0.626      -0.047       0.078
yr_2013                      0.0077      0.032      0.242      0.809      -0.055       0.070
yr_2014                      0.0401      0.032      1.244      0.213      -0.023       0.103
yr_2015                     -0.0308      0.032     -0.964      0.335      -0.094       0.032
yr_2016                     -0.0334      0.032     -1.036      0.300      -0.097       0.030
yr_2017                      0.0214      0.033      0.658      0.511      -0.042       0.085
yr_2018                      0.0171      0.033      0.522      0.602      -0.047       0.081
mo_2                         0.0093      0.019      0.476      0.634      -0.029       0.047
mo_3                        -0.0041      0.019     -0.224      0.823      -0.040       0.032
mo_4                         0.0014      0.019      0.076      0.939      -0.035       0.038
mo_5                        -0.0128      0.020     -0.647      0.518      -0.051       0.026
mo_6                        -0.0251      0.019     -1.288      0.198      -0.063       0.013
mo_7                        -0.0232      0.019     -1.228      0.220      -0.060       0.014
mo_8                        -0.0246      0.018     -1.350      0.177      -0.060       0.011
mo_9                        -0.0271      0.019     -1.458      0.145      -0.063       0.009
mo_10                       -0.0065      0.018     -0.358      0.720      -0.042       0.029
mo_11                       -0.0243      0.019     -1.296      0.195      -0.061       0.012
mo_12                       -0.0279      0.018     -1.539      0.124      -0.063       0.008
genre_Action                -0.0551      0.011     -5.191      0.000      -0.076      -0.034
genre_Adventure             -0.0052      0.011     -0.459      0.646      -0.027       0.017
genre_Animation             -0.0274      0.018     -1.527      0.127      -0.063       0.008
genre_Biography             -0.0937      0.014     -6.594      0.000      -0.122      -0.066
genre_Comedy                -0.0033      0.010     -0.344      0.731      -0.022       0.015
genre_Crime                 -0.0887      0.010     -8.658      0.000      -0.109      -0.069
genre_Drama                  0.0114      0.009      1.206      0.228      -0.007       0.030
genre_Family                 0.0717      0.015      4.920      0.000       0.043       0.100
genre_Fantasy                0.0047      0.013      0.372      0.710      -0.020       0.029
genre_History                0.0176      0.020      0.862      0.389      -0.022       0.058
genre_Horror                -0.0335      0.015     -2.295      0.022      -0.062      -0.005
genre_Music                  0.1112      0.019      5.814      0.000       0.074       0.149
genre_Musical                0.3216      0.043      7.444      0.000       0.237       0.406
genre_Mystery               -0.0587      0.013     -4.664      0.000      -0.083      -0.034
genre_News                1.748e-17   7.69e-18      2.272      0.023     2.4e-18    3.26e-17
genre_Romance               -0.0186      0.010     -1.799      0.072      -0.039       0.002
genre_Sci_Fi                -0.0123      0.014     -0.910      0.363      -0.039       0.014
genre_Short               1.285e-18   3.88e-18      0.331      0.741   -6.32e-18    8.89e-18
genre_Sport                 -0.0353      0.021     -1.705      0.088      -0.076       0.005
genre_Thriller              -0.0743      0.011     -6.976      0.000      -0.095      -0.053
genre_War                    0.0079      0.029      0.270      0.787      -0.049       0.065
genre_Western               -0.0490      0.051     -0.951      0.342      -0.150       0.052
==============================================================================
Omnibus:                     1657.619   Durbin-Watson:                   2.007
Prob(Omnibus):                  0.000   Jarque-Bera (JB):            13555.163
Skew:                           1.759   Prob(JB):                         0.00
Kurtosis:                      11.289   Cond. No.                     1.02e+16
==============================================================================

Notes:
[1] Standard Errors assume that the covariance matrix of the errors is correctly specified.
[2] The smallest eigenvalue is 6.22e-27. This might indicate that there are
strong multicollinearity problems or that the design matrix is singular.