                            OLS Regression Results                            
==============================================================================
Dep. Variable:              sd_pooled   R-squared:                       0.558
Model:                            OLS   Adj. R-squared:                  0.550
Method:                 Least Squares   F-statistic:                     77.74
Date:                Tue, 31 Mar 2026   Prob (F-statistic):               0.00
Time:                        16:23:47   Log-Likelihood:                 513.53
No. Observations:                4012   AIC:                            -897.1
Df Residuals:                    3947   BIC:                            -487.8
Df Model:                          64                                         
Covariance Type:            nonrobust                                         
============================================================================================
                               coef    std err          t      P>|t|      [0.025      0.975]
--------------------------------------------------------------------------------------------
const                        3.3951      0.049     69.566      0.000       3.299       3.491
FLead                        0.0515      0.008      6.403      0.000       0.036       0.067
mean_pooled                 -0.2355      0.004    -53.337      0.000      -0.244      -0.227
kim_violence_gore            0.0091      0.003      3.618      0.000       0.004       0.014
kim_sex_nudity               0.0082      0.002      4.163      0.000       0.004       0.012
kim_language                -0.0101      0.002     -4.897      0.000      -0.014      -0.006
major                       -0.0386      0.008     -4.782      0.000      -0.054      -0.023
log_bom_opening_theaters     0.0056      0.002      3.166      0.002       0.002       0.009
genres_count                -0.0052      0.007     -0.774      0.439      -0.019       0.008
yr_1993                     -0.0059      0.035     -0.169      0.866      -0.074       0.062
yr_1994                     -0.0030      0.035     -0.086      0.932      -0.072       0.066
yr_1995                      0.0358      0.035      1.029      0.304      -0.032       0.104
yr_1996                      0.0013      0.034      0.037      0.971      -0.066       0.068
yr_1997                      0.0050      0.035      0.144      0.885      -0.063       0.073
yr_1998                      0.0514      0.034      1.529      0.126      -0.014       0.117
yr_1999                      0.0524      0.033      1.602      0.109      -0.012       0.117
yr_2000                     -0.0145      0.034     -0.429      0.668      -0.081       0.052
yr_2001                      0.0518      0.033      1.564      0.118      -0.013       0.117
yr_2002                      0.0110      0.033      0.339      0.735      -0.053       0.075
yr_2003                     -0.0027      0.033     -0.084      0.933      -0.067       0.062
yr_2004                      0.0645      0.033      1.980      0.048       0.001       0.128
yr_2005                      0.0502      0.032      1.552      0.121      -0.013       0.114
yr_2006                      0.0964      0.032      3.002      0.003       0.033       0.159
yr_2007                      0.1114      0.032      3.481      0.001       0.049       0.174
yr_2008                      0.0510      0.032      1.583      0.114      -0.012       0.114
yr_2009                      0.0314      0.033      0.962      0.336      -0.033       0.095
yr_2010                      0.0235      0.033      0.722      0.470      -0.040       0.087
yr_2011                      0.0278      0.032      0.869      0.385      -0.035       0.090
yr_2012                      0.0092      0.032      0.291      0.771      -0.053       0.072
yr_2013                      0.0013      0.032      0.040      0.968      -0.061       0.064
yr_2014                      0.0328      0.032      1.013      0.311      -0.031       0.096
yr_2015                     -0.0417      0.032     -1.301      0.193      -0.105       0.021
yr_2016                     -0.0414      0.032     -1.279      0.201      -0.105       0.022
yr_2017                      0.0113      0.033      0.347      0.728      -0.053       0.075
yr_2018                      0.0059      0.033      0.181      0.856      -0.058       0.070
mo_2                         0.0100      0.020      0.510      0.610      -0.028       0.048
mo_3                        -0.0048      0.019     -0.257      0.798      -0.041       0.032
mo_4                         0.0013      0.019      0.071      0.943      -0.036       0.038
mo_5                        -0.0101      0.020     -0.508      0.612      -0.049       0.029
mo_6                        -0.0251      0.020     -1.285      0.199      -0.063       0.013
mo_7                        -0.0238      0.019     -1.255      0.210      -0.061       0.013
mo_8                        -0.0248      0.018     -1.351      0.177      -0.061       0.011
mo_9                        -0.0291      0.019     -1.560      0.119      -0.066       0.007
mo_10                       -0.0086      0.018     -0.471      0.638      -0.045       0.027
mo_11                       -0.0227      0.019     -1.203      0.229      -0.060       0.014
mo_12                       -0.0260      0.018     -1.428      0.153      -0.062       0.010
genre_Action                -0.0564      0.011     -5.291      0.000      -0.077      -0.035
genre_Adventure             -0.0025      0.011     -0.224      0.823      -0.025       0.020
genre_Animation             -0.0152      0.018     -0.845      0.398      -0.050       0.020
genre_Biography             -0.0935      0.014     -6.539      0.000      -0.122      -0.065
genre_Comedy                -0.0126      0.009     -1.331      0.183      -0.031       0.006
genre_Crime                 -0.0981      0.010     -9.624      0.000      -0.118      -0.078
genre_Drama                  0.0088      0.010      0.928      0.353      -0.010       0.028
genre_Family                 0.0804      0.015      5.518      0.000       0.052       0.109
genre_Fantasy                0.0090      0.013      0.710      0.478      -0.016       0.034
genre_History                0.0287      0.020      1.403      0.161      -0.011       0.069
genre_Horror                -0.0385      0.015     -2.626      0.009      -0.067      -0.010
genre_Music                  0.1050      0.019      5.471      0.000       0.067       0.143
genre_Musical                0.3270      0.043      7.539      0.000       0.242       0.412
genre_Mystery               -0.0587      0.013     -4.644      0.000      -0.083      -0.034
genre_News               -1.667e-18   1.79e-17     -0.093      0.926   -3.67e-17    3.34e-17
genre_Romance               -0.0183      0.010     -1.771      0.077      -0.039       0.002
genre_Sci_Fi                -0.0142      0.014     -1.039      0.299      -0.041       0.013
genre_Short               -5.62e-18   2.54e-17     -0.221      0.825   -5.55e-17    4.42e-17
genre_Sport                 -0.0408      0.021     -1.962      0.050      -0.082   -2.85e-05
genre_Thriller              -0.0801      0.011     -7.518      0.000      -0.101      -0.059
genre_War                    0.0079      0.029      0.271      0.786      -0.049       0.065
genre_Western               -0.0431      0.052     -0.834      0.404      -0.145       0.058
==============================================================================
Omnibus:                     1693.154   Durbin-Watson:                   2.006
Prob(Omnibus):                  0.000   Jarque-Bera (JB):            14243.110
Skew:                           1.796   Prob(JB):                         0.00
Kurtosis:                      11.503   Cond. No.                     1.02e+16
==============================================================================

Notes:
[1] Standard Errors assume that the covariance matrix of the errors is correctly specified.
[2] The smallest eigenvalue is 6.39e-27. This might indicate that there are
strong multicollinearity problems or that the design matrix is singular.