                            OLS Regression Results                            
==============================================================================
Dep. Variable:              sd_pooled   R-squared:                       0.558
Model:                            OLS   Adj. R-squared:                  0.551
Method:                 Least Squares   F-statistic:                     77.76
Date:                Tue, 31 Mar 2026   Prob (F-statistic):               0.00
Time:                        16:30:55   Log-Likelihood:                 513.87
No. Observations:                4012   AIC:                            -897.7
Df Residuals:                    3947   BIC:                            -488.4
Df Model:                          64                                         
Covariance Type:            nonrobust                                         
============================================================================================
                               coef    std err          t      P>|t|      [0.025      0.975]
--------------------------------------------------------------------------------------------
const                        3.3974      0.049     69.565      0.000       3.302       3.493
FLead                        0.0506      0.008      6.290      0.000       0.035       0.066
mean_pooled                 -0.2354      0.004    -53.265      0.000      -0.244      -0.227
kim_violence_gore            0.0092      0.003      3.662      0.000       0.004       0.014
kim_sex_nudity               0.0082      0.002      4.169      0.000       0.004       0.012
kim_language                -0.0103      0.002     -4.964      0.000      -0.014      -0.006
major                       -0.0383      0.008     -4.738      0.000      -0.054      -0.022
log_bom_opening_theaters     0.0057      0.002      3.238      0.001       0.002       0.009
genres_count                -0.0060      0.007     -0.885      0.376      -0.019       0.007
yr_1993                     -0.0072      0.035     -0.207      0.836      -0.075       0.061
yr_1994                     -0.0048      0.035     -0.136      0.892      -0.074       0.065
yr_1995                      0.0359      0.035      1.030      0.303      -0.032       0.104
yr_1996                     -0.0011      0.034     -0.032      0.975      -0.068       0.066
yr_1997                      0.0015      0.035      0.042      0.966      -0.067       0.070
yr_1998                      0.0497      0.034      1.481      0.139      -0.016       0.116
yr_1999                      0.0510      0.033      1.560      0.119      -0.013       0.115
yr_2000                     -0.0182      0.034     -0.540      0.589      -0.084       0.048
yr_2001                      0.0493      0.033      1.488      0.137      -0.016       0.114
yr_2002                      0.0074      0.033      0.228      0.819      -0.056       0.071
yr_2003                     -0.0076      0.033     -0.232      0.817      -0.072       0.057
yr_2004                      0.0609      0.033      1.869      0.062      -0.003       0.125
yr_2005                      0.0449      0.032      1.388      0.165      -0.019       0.108
yr_2006                      0.0944      0.032      2.938      0.003       0.031       0.157
yr_2007                      0.1071      0.032      3.348      0.001       0.044       0.170
yr_2008                      0.0479      0.032      1.486      0.137      -0.015       0.111
yr_2009                      0.0281      0.033      0.860      0.390      -0.036       0.092
yr_2010                      0.0204      0.033      0.627      0.531      -0.043       0.084
yr_2011                      0.0244      0.032      0.763      0.446      -0.038       0.087
yr_2012                      0.0074      0.032      0.233      0.816      -0.055       0.070
yr_2013                      0.0004      0.032      0.013      0.990      -0.062       0.063
yr_2014                      0.0279      0.032      0.865      0.387      -0.035       0.091
yr_2015                     -0.0408      0.032     -1.272      0.204      -0.104       0.022
yr_2016                     -0.0463      0.032     -1.432      0.152      -0.110       0.017
yr_2017                      0.0131      0.033      0.402      0.687      -0.051       0.077
yr_2018                      0.0058      0.033      0.178      0.859      -0.058       0.070
mo_2                         0.0090      0.020      0.461      0.645      -0.029       0.047
mo_3                        -0.0060      0.019     -0.323      0.747      -0.042       0.030
mo_4                         0.0006      0.019      0.034      0.973      -0.036       0.038
mo_5                        -0.0117      0.020     -0.588      0.556      -0.051       0.027
mo_6                        -0.0265      0.020     -1.353      0.176      -0.065       0.012
mo_7                        -0.0244      0.019     -1.285      0.199      -0.062       0.013
mo_8                        -0.0263      0.018     -1.438      0.151      -0.062       0.010
mo_9                        -0.0302      0.019     -1.621      0.105      -0.067       0.006
mo_10                       -0.0099      0.018     -0.538      0.590      -0.046       0.026
mo_11                       -0.0223      0.019     -1.184      0.237      -0.059       0.015
mo_12                       -0.0262      0.018     -1.436      0.151      -0.062       0.010
genre_Action                -0.0555      0.011     -5.201      0.000      -0.076      -0.035
genre_Adventure             -0.0024      0.011     -0.209      0.835      -0.024       0.020
genre_Animation             -0.0174      0.018     -0.971      0.331      -0.053       0.018
genre_Biography             -0.0942      0.014     -6.589      0.000      -0.122      -0.066
genre_Comedy                -0.0114      0.009     -1.204      0.228      -0.030       0.007
genre_Crime                 -0.0983      0.010     -9.648      0.000      -0.118      -0.078
genre_Drama                  0.0093      0.010      0.979      0.327      -0.009       0.028
genre_Family                 0.0793      0.015      5.441      0.000       0.051       0.108
genre_Fantasy                0.0088      0.013      0.697      0.486      -0.016       0.034
genre_History                0.0280      0.020      1.368      0.171      -0.012       0.068
genre_Horror                -0.0369      0.015     -2.518      0.012      -0.066      -0.008
genre_Music                  0.1051      0.019      5.480      0.000       0.068       0.143
genre_Musical                0.3293      0.043      7.594      0.000       0.244       0.414
genre_Mystery               -0.0581      0.013     -4.594      0.000      -0.083      -0.033
genre_News                8.962e-19   9.46e-18      0.095      0.925   -1.77e-17    1.94e-17
genre_Romance               -0.0181      0.010     -1.750      0.080      -0.038       0.002
genre_Sci_Fi                -0.0147      0.014     -1.083      0.279      -0.041       0.012
genre_Short              -1.702e-17   4.24e-17     -0.402      0.688      -1e-16    6.61e-17
genre_Sport                 -0.0406      0.021     -1.951      0.051      -0.081       0.000
genre_Thriller              -0.0803      0.011     -7.539      0.000      -0.101      -0.059
genre_War                    0.0076      0.029      0.261      0.794      -0.050       0.065
genre_Western               -0.0456      0.052     -0.882      0.378      -0.147       0.056
==============================================================================
Omnibus:                     1706.820   Durbin-Watson:                   2.003
Prob(Omnibus):                  0.000   Jarque-Bera (JB):            14682.093
Skew:                           1.806   Prob(JB):                         0.00
Kurtosis:                      11.648   Cond. No.                     1.02e+16
==============================================================================

Notes:
[1] Standard Errors assume that the covariance matrix of the errors is correctly specified.
[2] The smallest eigenvalue is 6.37e-27. This might indicate that there are
strong multicollinearity problems or that the design matrix is singular.