                            OLS Regression Results                            
==============================================================================
Dep. Variable:              sd_pooled   R-squared:                       0.561
Model:                            OLS   Adj. R-squared:                  0.554
Method:                 Least Squares   F-statistic:                     78.91
Date:                Sun, 29 Mar 2026   Prob (F-statistic):               0.00
Time:                        15:19:33   Log-Likelihood:                 530.30
No. Observations:                4012   AIC:                            -930.6
Df Residuals:                    3947   BIC:                            -521.3
Df Model:                          64                                         
Covariance Type:            nonrobust                                         
============================================================================================
                               coef    std err          t      P>|t|      [0.025      0.975]
--------------------------------------------------------------------------------------------
const                        3.3996      0.048     70.338      0.000       3.305       3.494
FLead                        0.0464      0.008      5.775      0.000       0.031       0.062
mean_pooled                 -0.2350      0.004    -53.694      0.000      -0.244      -0.226
kim_violence_gore            0.0125      0.003      4.918      0.000       0.008       0.018
kim_sex_nudity               0.0112      0.002      5.528      0.000       0.007       0.015
kim_language                -0.0150      0.002     -8.011      0.000      -0.019      -0.011
major                       -0.0345      0.008     -4.414      0.000      -0.050      -0.019
log_bom_opening_theaters     0.0037      0.002      1.887      0.059      -0.000       0.007
genres_count                -0.0088      0.007     -1.297      0.195      -0.022       0.004
yr_1993                     -0.0069      0.034     -0.200      0.842      -0.074       0.061
yr_1994                     -0.0042      0.035     -0.119      0.906      -0.073       0.065
yr_1995                      0.0423      0.035      1.218      0.223      -0.026       0.110
yr_1996                      0.0077      0.034      0.226      0.821      -0.059       0.074
yr_1997                      0.0123      0.035      0.356      0.722      -0.056       0.080
yr_1998                      0.0574      0.033      1.715      0.086      -0.008       0.123
yr_1999                      0.0587      0.033      1.800      0.072      -0.005       0.123
yr_2000                     -0.0093      0.034     -0.277      0.782      -0.075       0.057
yr_2001                      0.0546      0.033      1.653      0.098      -0.010       0.119
yr_2002                      0.0152      0.032      0.469      0.639      -0.048       0.079
yr_2003                     -0.0011      0.033     -0.033      0.974      -0.065       0.063
yr_2004                      0.0607      0.032      1.871      0.061      -0.003       0.124
yr_2005                      0.0472      0.032      1.466      0.143      -0.016       0.110
yr_2006                      0.0957      0.032      2.991      0.003       0.033       0.158
yr_2007                      0.1101      0.032      3.455      0.001       0.048       0.173
yr_2008                      0.0520      0.032      1.621      0.105      -0.011       0.115
yr_2009                      0.0316      0.032      0.973      0.331      -0.032       0.095
yr_2010                      0.0252      0.032      0.777      0.437      -0.038       0.089
yr_2011                      0.0277      0.032      0.871      0.384      -0.035       0.090
yr_2012                      0.0129      0.032      0.407      0.684      -0.049       0.075
yr_2013                      0.0051      0.032      0.160      0.873      -0.057       0.068
yr_2014                      0.0386      0.032      1.199      0.231      -0.025       0.102
yr_2015                     -0.0329      0.032     -1.028      0.304      -0.096       0.030
yr_2016                     -0.0361      0.032     -1.120      0.263      -0.099       0.027
yr_2017                      0.0211      0.033      0.649      0.516      -0.043       0.085
yr_2018                      0.0142      0.033      0.434      0.664      -0.050       0.078
mo_2                         0.0078      0.019      0.402      0.688      -0.030       0.046
mo_3                        -0.0050      0.019     -0.270      0.787      -0.041       0.031
mo_4                        -0.0002      0.019     -0.013      0.990      -0.037       0.036
mo_5                        -0.0147      0.020     -0.743      0.457      -0.053       0.024
mo_6                        -0.0272      0.019     -1.398      0.162      -0.065       0.011
mo_7                        -0.0251      0.019     -1.327      0.185      -0.062       0.012
mo_8                        -0.0259      0.018     -1.420      0.156      -0.062       0.010
mo_9                        -0.0290      0.019     -1.561      0.119      -0.065       0.007
mo_10                       -0.0085      0.018     -0.465      0.642      -0.044       0.027
mo_11                       -0.0259      0.019     -1.379      0.168      -0.063       0.011
mo_12                       -0.0305      0.018     -1.690      0.091      -0.066       0.005
genre_Action                -0.0543      0.011     -5.117      0.000      -0.075      -0.033
genre_Adventure             -0.0056      0.011     -0.497      0.620      -0.028       0.016
genre_Animation             -0.0275      0.018     -1.529      0.126      -0.063       0.008
genre_Biography             -0.0947      0.014     -6.666      0.000      -0.123      -0.067
genre_Comedy                -0.0028      0.010     -0.291      0.771      -0.021       0.016
genre_Crime                 -0.0888      0.010     -8.666      0.000      -0.109      -0.069
genre_Drama                  0.0108      0.009      1.145      0.252      -0.008       0.029
genre_Family                 0.0717      0.015      4.918      0.000       0.043       0.100
genre_Fantasy                0.0043      0.013      0.343      0.732      -0.020       0.029
genre_History                0.0172      0.020      0.844      0.399      -0.023       0.057
genre_Horror                -0.0335      0.015     -2.292      0.022      -0.062      -0.005
genre_Music                  0.1116      0.019      5.831      0.000       0.074       0.149
genre_Musical                0.3195      0.043      7.394      0.000       0.235       0.404
genre_Mystery               -0.0587      0.013     -4.661      0.000      -0.083      -0.034
genre_News               -3.386e-18   3.25e-18     -1.042      0.298   -9.76e-18    2.99e-18
genre_Romance               -0.0182      0.010     -1.762      0.078      -0.038       0.002
genre_Sci_Fi                -0.0125      0.014     -0.920      0.357      -0.039       0.014
genre_Short               4.682e-18   3.47e-18      1.350      0.177   -2.12e-18    1.15e-17
genre_Sport                 -0.0349      0.021     -1.686      0.092      -0.076       0.006
genre_Thriller              -0.0740      0.011     -6.941      0.000      -0.095      -0.053
genre_War                    0.0076      0.029      0.260      0.795      -0.050       0.065
genre_Western               -0.0462      0.051     -0.898      0.369      -0.147       0.055
==============================================================================
Omnibus:                     1664.443   Durbin-Watson:                   2.008
Prob(Omnibus):                  0.000   Jarque-Bera (JB):            13725.986
Skew:                           1.765   Prob(JB):                         0.00
Kurtosis:                      11.346   Cond. No.                     1.02e+16
==============================================================================

Notes:
[1] Standard Errors assume that the covariance matrix of the errors is correctly specified.
[2] The smallest eigenvalue is 6.4e-27. This might indicate that there are
strong multicollinearity problems or that the design matrix is singular.