                            OLS Regression Results                            
==============================================================================
Dep. Variable:              sd_pooled   R-squared:                       0.561
Model:                            OLS   Adj. R-squared:                  0.554
Method:                 Least Squares   F-statistic:                     78.95
Date:                Sun, 29 Mar 2026   Prob (F-statistic):               0.00
Time:                        15:30:50   Log-Likelihood:                 530.82
No. Observations:                4012   AIC:                            -931.6
Df Residuals:                    3947   BIC:                            -522.3
Df Model:                          64                                         
Covariance Type:            nonrobust                                         
============================================================================================
                               coef    std err          t      P>|t|      [0.025      0.975]
--------------------------------------------------------------------------------------------
const                        3.3825      0.048     69.897      0.000       3.288       3.477
FLead                        0.0462      0.008      5.746      0.000       0.030       0.062
mean_pooled                 -0.2333      0.004    -52.926      0.000      -0.242      -0.225
kim_violence_gore            0.0101      0.002      4.178      0.000       0.005       0.015
kim_sex_nudity               0.0118      0.002      5.846      0.000       0.008       0.016
kim_language                -0.0146      0.002     -7.799      0.000      -0.018      -0.011
major                       -0.0398      0.008     -4.951      0.000      -0.056      -0.024
log_bom_opening_theaters     0.0056      0.002      3.191      0.001       0.002       0.009
genres_count                -0.0082      0.007     -1.217      0.224      -0.021       0.005
yr_1993                     -0.0044      0.034     -0.127      0.899      -0.072       0.063
yr_1994                     -0.0015      0.035     -0.042      0.966      -0.070       0.068
yr_1995                      0.0455      0.035      1.311      0.190      -0.023       0.114
yr_1996                      0.0088      0.034      0.257      0.797      -0.058       0.076
yr_1997                      0.0141      0.035      0.407      0.684      -0.054       0.082
yr_1998                      0.0593      0.033      1.772      0.076      -0.006       0.125
yr_1999                      0.0609      0.033      1.869      0.062      -0.003       0.125
yr_2000                     -0.0082      0.034     -0.243      0.808      -0.074       0.058
yr_2001                      0.0573      0.033      1.735      0.083      -0.007       0.122
yr_2002                      0.0172      0.032      0.530      0.596      -0.046       0.081
yr_2003                      0.0010      0.033      0.032      0.975      -0.063       0.065
yr_2004                      0.0614      0.032      1.890      0.059      -0.002       0.125
yr_2005                      0.0496      0.032      1.540      0.124      -0.014       0.113
yr_2006                      0.0988      0.032      3.089      0.002       0.036       0.161
yr_2007                      0.1121      0.032      3.519      0.000       0.050       0.175
yr_2008                      0.0541      0.032      1.686      0.092      -0.009       0.117
yr_2009                      0.0331      0.032      1.019      0.308      -0.031       0.097
yr_2010                      0.0283      0.032      0.873      0.383      -0.035       0.092
yr_2011                      0.0308      0.032      0.967      0.334      -0.032       0.093
yr_2012                      0.0163      0.032      0.516      0.606      -0.046       0.078
yr_2013                      0.0091      0.032      0.285      0.775      -0.053       0.072
yr_2014                      0.0399      0.032      1.239      0.215      -0.023       0.103
yr_2015                     -0.0308      0.032     -0.962      0.336      -0.094       0.032
yr_2016                     -0.0355      0.032     -1.099      0.272      -0.099       0.028
yr_2017                      0.0219      0.033      0.673      0.501      -0.042       0.086
yr_2018                      0.0153      0.033      0.468      0.640      -0.049       0.079
mo_2                         0.0079      0.019      0.408      0.683      -0.030       0.046
mo_3                        -0.0041      0.019     -0.220      0.826      -0.040       0.032
mo_4                         0.0016      0.019      0.085      0.932      -0.035       0.038
mo_5                        -0.0121      0.020     -0.613      0.540      -0.051       0.027
mo_6                        -0.0250      0.019     -1.283      0.200      -0.063       0.013
mo_7                        -0.0230      0.019     -1.218      0.223      -0.060       0.014
mo_8                        -0.0253      0.018     -1.385      0.166      -0.061       0.010
mo_9                        -0.0277      0.019     -1.492      0.136      -0.064       0.009
mo_10                       -0.0066      0.018     -0.361      0.718      -0.042       0.029
mo_11                       -0.0236      0.019     -1.260      0.208      -0.060       0.013
mo_12                       -0.0254      0.018     -1.402      0.161      -0.061       0.010
genre_Action                -0.0533      0.011     -5.037      0.000      -0.074      -0.033
genre_Adventure             -0.0067      0.011     -0.600      0.549      -0.029       0.015
genre_Animation             -0.0293      0.018     -1.629      0.103      -0.065       0.006
genre_Biography             -0.0939      0.014     -6.600      0.000      -0.122      -0.066
genre_Comedy                -0.0070      0.009     -0.744      0.457      -0.025       0.011
genre_Crime                 -0.0885      0.010     -8.629      0.000      -0.109      -0.068
genre_Drama                  0.0116      0.009      1.225      0.221      -0.007       0.030
genre_Family                 0.0690      0.015      4.747      0.000       0.041       0.098
genre_Fantasy                0.0044      0.013      0.350      0.726      -0.020       0.029
genre_History                0.0197      0.020      0.965      0.334      -0.020       0.060
genre_Horror                -0.0296      0.014     -2.044      0.041      -0.058      -0.001
genre_Music                  0.1084      0.019      5.680      0.000       0.071       0.146
genre_Musical                0.3159      0.043      7.314      0.000       0.231       0.401
genre_Mystery               -0.0588      0.013     -4.675      0.000      -0.084      -0.034
genre_News                4.851e-18   3.95e-18      1.229      0.219   -2.89e-18    1.26e-17
genre_Romance               -0.0217      0.010     -2.122      0.034      -0.042      -0.002
genre_Sci_Fi                -0.0116      0.014     -0.854      0.393      -0.038       0.015
genre_Short              -8.356e-20   2.94e-18     -0.028      0.977   -5.85e-18    5.68e-18
genre_Sport                 -0.0382      0.021     -1.840      0.066      -0.079       0.002
genre_Thriller              -0.0740      0.011     -6.944      0.000      -0.095      -0.053
genre_War                    0.0156      0.029      0.538      0.591      -0.041       0.073
genre_Western               -0.0404      0.051     -0.785      0.432      -0.141       0.060
==============================================================================
Omnibus:                     1648.105   Durbin-Watson:                   2.007
Prob(Omnibus):                  0.000   Jarque-Bera (JB):            13377.161
Skew:                           1.749   Prob(JB):                         0.00
Kurtosis:                      11.233   Cond. No.                     1.02e+16
==============================================================================

Notes:
[1] Standard Errors assume that the covariance matrix of the errors is correctly specified.
[2] The smallest eigenvalue is 6.38e-27. This might indicate that there are
strong multicollinearity problems or that the design matrix is singular.