                            OLS Regression Results                            
==============================================================================
Dep. Variable:              sd_pooled   R-squared:                       0.562
Model:                            OLS   Adj. R-squared:                  0.555
Method:                 Least Squares   F-statistic:                     78.44
Date:                Sun, 29 Mar 2026   Prob (F-statistic):               0.00
Time:                        10:24:50   Log-Likelihood:                 523.57
No. Observations:                3972   AIC:                            -917.1
Df Residuals:                    3907   BIC:                            -508.5
Df Model:                          64                                         
Covariance Type:            nonrobust                                         
============================================================================================
                               coef    std err          t      P>|t|      [0.025      0.975]
--------------------------------------------------------------------------------------------
const                        3.3802      0.049     69.433      0.000       3.285       3.476
FLead                        0.0478      0.008      5.902      0.000       0.032       0.064
mean_pooled                 -0.2338      0.004    -52.788      0.000      -0.242      -0.225
kim_violence_gore            0.0125      0.003      4.869      0.000       0.007       0.017
kim_sex_nudity               0.0113      0.002      5.528      0.000       0.007       0.015
kim_language                -0.0150      0.002     -7.944      0.000      -0.019      -0.011
major                       -0.0406      0.008     -5.013      0.000      -0.056      -0.025
log_bom_opening_theaters     0.0059      0.002      3.298      0.001       0.002       0.009
genres_count                -0.0092      0.007     -1.352      0.176      -0.023       0.004
yr_1993                     -0.0113      0.035     -0.326      0.744      -0.079       0.057
yr_1994                     -0.0082      0.035     -0.232      0.817      -0.078       0.061
yr_1995                      0.0372      0.035      1.064      0.287      -0.031       0.106
yr_1996                      0.0029      0.034      0.086      0.932      -0.064       0.070
yr_1997                      0.0076      0.035      0.217      0.828      -0.061       0.076
yr_1998                      0.0542      0.034      1.610      0.107      -0.012       0.120
yr_1999                      0.0539      0.033      1.641      0.101      -0.010       0.118
yr_2000                     -0.0169      0.034     -0.497      0.619      -0.083       0.050
yr_2001                      0.0526      0.033      1.578      0.115      -0.013       0.118
yr_2002                      0.0123      0.033      0.377      0.706      -0.052       0.077
yr_2003                     -0.0041      0.033     -0.124      0.901      -0.069       0.060
yr_2004                      0.0532      0.033      1.627      0.104      -0.011       0.117
yr_2005                      0.0427      0.032      1.318      0.188      -0.021       0.106
yr_2006                      0.0915      0.032      2.838      0.005       0.028       0.155
yr_2007                      0.1052      0.032      3.277      0.001       0.042       0.168
yr_2008                      0.0481      0.032      1.488      0.137      -0.015       0.112
yr_2009                      0.0262      0.033      0.798      0.425      -0.038       0.090
yr_2010                      0.0213      0.033      0.655      0.513      -0.043       0.085
yr_2011                      0.0242      0.032      0.752      0.452      -0.039       0.087
yr_2012                      0.0113      0.032      0.352      0.725      -0.051       0.074
yr_2013                      0.0029      0.032      0.092      0.927      -0.060       0.066
yr_2014                      0.0375      0.032      1.154      0.249      -0.026       0.101
yr_2015                     -0.0368      0.032     -1.141      0.254      -0.100       0.026
yr_2016                     -0.0397      0.033     -1.219      0.223      -0.103       0.024
yr_2017                      0.0158      0.033      0.482      0.630      -0.048       0.080
yr_2018                      0.0083      0.033      0.252      0.801      -0.056       0.073
mo_2                         0.0071      0.020      0.362      0.718      -0.031       0.045
mo_3                        -0.0052      0.019     -0.277      0.782      -0.042       0.031
mo_4                         0.0001      0.019      0.008      0.994      -0.037       0.037
mo_5                        -0.0131      0.020     -0.660      0.509      -0.052       0.026
mo_6                        -0.0275      0.020     -1.408      0.159      -0.066       0.011
mo_7                        -0.0224      0.019     -1.183      0.237      -0.060       0.015
mo_8                        -0.0251      0.018     -1.369      0.171      -0.061       0.011
mo_9                        -0.0277      0.019     -1.490      0.136      -0.064       0.009
mo_10                       -0.0070      0.018     -0.383      0.701      -0.043       0.029
mo_11                       -0.0241      0.019     -1.281      0.200      -0.061       0.013
mo_12                       -0.0272      0.018     -1.489      0.137      -0.063       0.009
genre_Action                -0.0555      0.011     -5.193      0.000      -0.076      -0.035
genre_Adventure             -0.0047      0.011     -0.416      0.677      -0.027       0.017
genre_Animation             -0.0274      0.018     -1.510      0.131      -0.063       0.008
genre_Biography             -0.0895      0.014     -6.249      0.000      -0.118      -0.061
genre_Comedy                -0.0007      0.010     -0.068      0.946      -0.019       0.018
genre_Crime                 -0.0885      0.010     -8.601      0.000      -0.109      -0.068
genre_Drama                  0.0151      0.010      1.575      0.115      -0.004       0.034
genre_Family                 0.0727      0.015      4.961      0.000       0.044       0.101
genre_Fantasy                0.0044      0.013      0.347      0.729      -0.021       0.029
genre_History                0.0179      0.021      0.872      0.384      -0.022       0.058
genre_Horror                -0.0347      0.015     -2.369      0.018      -0.063      -0.006
genre_Music                  0.1125      0.019      5.869      0.000       0.075       0.150
genre_Musical                0.3190      0.043      7.377      0.000       0.234       0.404
genre_Mystery               -0.0579      0.013     -4.563      0.000      -0.083      -0.033
genre_News                 2.16e-17   8.35e-18      2.588      0.010    5.24e-18     3.8e-17
genre_Romance               -0.0170      0.010     -1.633      0.102      -0.037       0.003
genre_Sci_Fi                -0.0108      0.014     -0.792      0.429      -0.038       0.016
genre_Short               -2.28e-18   9.56e-19     -2.385      0.017   -4.15e-18   -4.06e-19
genre_Sport                 -0.0372      0.021     -1.790      0.074      -0.078       0.004
genre_Thriller              -0.0717      0.011     -6.679      0.000      -0.093      -0.051
genre_War                    0.0068      0.029      0.232      0.816      -0.051       0.065
genre_Western               -0.0623      0.053     -1.169      0.243      -0.167       0.042
==============================================================================
Omnibus:                     1634.213   Durbin-Watson:                   1.994
Prob(Omnibus):                  0.000   Jarque-Bera (JB):            13287.045
Skew:                           1.752   Prob(JB):                         0.00
Kurtosis:                      11.247   Cond. No.                     1.02e+16
==============================================================================

Notes:
[1] Standard Errors assume that the covariance matrix of the errors is correctly specified.
[2] The smallest eigenvalue is 6.33e-27. This might indicate that there are
strong multicollinearity problems or that the design matrix is singular.