                            OLS Regression Results                            
==============================================================================
Dep. Variable:              sd_pooled   R-squared:                       0.559
Model:                            OLS   Adj. R-squared:                  0.552
Method:                 Least Squares   F-statistic:                     78.16
Date:                Tue, 31 Mar 2026   Prob (F-statistic):               0.00
Time:                        22:26:07   Log-Likelihood:                 519.58
No. Observations:                4012   AIC:                            -909.2
Df Residuals:                    3947   BIC:                            -499.8
Df Model:                          64                                         
Covariance Type:            nonrobust                                         
============================================================================================
                               coef    std err          t      P>|t|      [0.025      0.975]
--------------------------------------------------------------------------------------------
const                        3.3893      0.049     69.726      0.000       3.294       3.485
FLead                        0.0510      0.008      6.353      0.000       0.035       0.067
mean_pooled                 -0.2350      0.004    -53.260      0.000      -0.244      -0.226
kim_violence_gore            0.0101      0.003      4.011      0.000       0.005       0.015
kim_sex_nudity               0.0100      0.002      4.935      0.000       0.006       0.014
kim_language                -0.0129      0.002     -5.997      0.000      -0.017      -0.009
major                       -0.0384      0.008     -4.762      0.000      -0.054      -0.023
log_bom_opening_theaters     0.0054      0.002      3.040      0.002       0.002       0.009
genres_count                -0.0075      0.007     -1.106      0.269      -0.021       0.006
yr_1993                     -0.0049      0.035     -0.143      0.887      -0.073       0.063
yr_1994                     -0.0022      0.035     -0.061      0.951      -0.071       0.067
yr_1995                      0.0381      0.035      1.094      0.274      -0.030       0.106
yr_1996                      0.0040      0.034      0.117      0.907      -0.063       0.071
yr_1997                      0.0098      0.035      0.281      0.779      -0.058       0.078
yr_1998                      0.0563      0.034      1.678      0.093      -0.009       0.122
yr_1999                      0.0522      0.033      1.598      0.110      -0.012       0.116
yr_2000                     -0.0154      0.034     -0.457      0.648      -0.081       0.051
yr_2001                      0.0537      0.033      1.623      0.105      -0.011       0.119
yr_2002                      0.0130      0.033      0.400      0.689      -0.051       0.077
yr_2003                     -0.0011      0.033     -0.032      0.974      -0.065       0.063
yr_2004                      0.0636      0.033      1.953      0.051      -0.000       0.127
yr_2005                      0.0473      0.032      1.465      0.143      -0.016       0.111
yr_2006                      0.0994      0.032      3.098      0.002       0.037       0.162
yr_2007                      0.1111      0.032      3.477      0.001       0.048       0.174
yr_2008                      0.0527      0.032      1.638      0.101      -0.010       0.116
yr_2009                      0.0319      0.033      0.977      0.328      -0.032       0.096
yr_2010                      0.0227      0.032      0.699      0.484      -0.041       0.086
yr_2011                      0.0286      0.032      0.895      0.371      -0.034       0.091
yr_2012                      0.0099      0.032      0.310      0.756      -0.052       0.072
yr_2013                      0.0023      0.032      0.071      0.944      -0.060       0.065
yr_2014                      0.0325      0.032      1.005      0.315      -0.031       0.096
yr_2015                     -0.0424      0.032     -1.322      0.186      -0.105       0.020
yr_2016                     -0.0434      0.032     -1.344      0.179      -0.107       0.020
yr_2017                      0.0114      0.033      0.349      0.727      -0.053       0.075
yr_2018                      0.0046      0.033      0.139      0.889      -0.060       0.069
mo_2                         0.0103      0.020      0.526      0.599      -0.028       0.049
mo_3                        -0.0053      0.019     -0.286      0.775      -0.042       0.031
mo_4                         0.0042      0.019      0.222      0.824      -0.033       0.041
mo_5                        -0.0101      0.020     -0.508      0.611      -0.049       0.029
mo_6                        -0.0249      0.020     -1.277      0.202      -0.063       0.013
mo_7                        -0.0230      0.019     -1.212      0.226      -0.060       0.014
mo_8                        -0.0247      0.018     -1.351      0.177      -0.061       0.011
mo_9                        -0.0268      0.019     -1.440      0.150      -0.063       0.010
mo_10                       -0.0074      0.018     -0.402      0.687      -0.043       0.029
mo_11                       -0.0209      0.019     -1.113      0.266      -0.058       0.016
mo_12                       -0.0253      0.018     -1.391      0.164      -0.061       0.010
genre_Action                -0.0550      0.011     -5.165      0.000      -0.076      -0.034
genre_Adventure             -0.0031      0.011     -0.274      0.784      -0.025       0.019
genre_Animation             -0.0237      0.018     -1.316      0.188      -0.059       0.012
genre_Biography             -0.0943      0.014     -6.609      0.000      -0.122      -0.066
genre_Comedy                -0.0105      0.009     -1.110      0.267      -0.029       0.008
genre_Crime                 -0.0975      0.010     -9.603      0.000      -0.117      -0.078
genre_Drama                  0.0112      0.010      1.174      0.241      -0.007       0.030
genre_Family                 0.0730      0.015      4.989      0.000       0.044       0.102
genre_Fantasy                0.0083      0.013      0.654      0.513      -0.017       0.033
genre_History                0.0243      0.020      1.186      0.236      -0.016       0.064
genre_Horror                -0.0332      0.015     -2.266      0.024      -0.062      -0.004
genre_Music                  0.1074      0.019      5.601      0.000       0.070       0.145
genre_Musical                0.3238      0.043      7.474      0.000       0.239       0.409
genre_Mystery               -0.0577      0.013     -4.574      0.000      -0.082      -0.033
genre_News               -1.294e-17   9.11e-18     -1.421      0.155   -3.08e-17    4.91e-18
genre_Romance               -0.0176      0.010     -1.699      0.089      -0.038       0.003
genre_Sci_Fi                -0.0121      0.014     -0.887      0.375      -0.039       0.015
genre_Short              -3.767e-18   3.12e-17     -0.121      0.904    -6.5e-17    5.75e-17
genre_Sport                 -0.0376      0.021     -1.807      0.071      -0.078       0.003
genre_Thriller              -0.0775      0.011     -7.270      0.000      -0.098      -0.057
genre_War                    0.0075      0.029      0.255      0.799      -0.050       0.065
genre_Western               -0.0429      0.052     -0.831      0.406      -0.144       0.058
==============================================================================
Omnibus:                     1673.741   Durbin-Watson:                   2.001
Prob(Omnibus):                  0.000   Jarque-Bera (JB):            13865.267
Skew:                           1.776   Prob(JB):                         0.00
Kurtosis:                      11.386   Cond. No.                     1.02e+16
==============================================================================

Notes:
[1] Standard Errors assume that the covariance matrix of the errors is correctly specified.
[2] The smallest eigenvalue is 6.19e-27. This might indicate that there are
strong multicollinearity problems or that the design matrix is singular.