                            OLS Regression Results                            
==============================================================================
Dep. Variable:              sd_pooled   R-squared:                       0.561
Model:                            OLS   Adj. R-squared:                  0.553
Method:                 Least Squares   F-statistic:                     78.66
Date:                Tue, 31 Mar 2026   Prob (F-statistic):               0.00
Time:                        23:39:43   Log-Likelihood:                 526.68
No. Observations:                4012   AIC:                            -923.4
Df Residuals:                    3947   BIC:                            -514.1
Df Model:                          64                                         
Covariance Type:            nonrobust                                         
============================================================================================
                               coef    std err          t      P>|t|      [0.025      0.975]
--------------------------------------------------------------------------------------------
const                        3.4398      0.049     69.720      0.000       3.343       3.537
FLead                        0.0531      0.008      6.642      0.000       0.037       0.069
mean_pooled                 -0.2374      0.004    -54.087      0.000      -0.246      -0.229
kim_violence_gore            0.0082      0.002      3.312      0.001       0.003       0.013
kim_sex_nudity               0.0073      0.002      3.829      0.000       0.004       0.011
kim_language                -0.0211      0.003     -7.078      0.000      -0.027      -0.015
major                       -0.0367      0.008     -4.562      0.000      -0.052      -0.021
log_bom_opening_theaters     0.0053      0.002      3.020      0.003       0.002       0.009
genres_count                -0.0074      0.007     -1.095      0.273      -0.021       0.006
yr_1993                      0.0007      0.035      0.020      0.984      -0.067       0.068
yr_1994                      0.0015      0.035      0.043      0.965      -0.068       0.071
yr_1995                      0.0394      0.035      1.135      0.256      -0.029       0.108
yr_1996                      0.0065      0.034      0.190      0.850      -0.060       0.073
yr_1997                      0.0103      0.035      0.296      0.767      -0.058       0.078
yr_1998                      0.0575      0.034      1.715      0.086      -0.008       0.123
yr_1999                      0.0593      0.033      1.818      0.069      -0.005       0.123
yr_2000                     -0.0078      0.034     -0.233      0.816      -0.074       0.058
yr_2001                      0.0633      0.033      1.913      0.056      -0.002       0.128
yr_2002                      0.0202      0.033      0.621      0.535      -0.044       0.084
yr_2003                      0.0072      0.033      0.221      0.825      -0.057       0.071
yr_2004                      0.0715      0.033      2.199      0.028       0.008       0.135
yr_2005                      0.0593      0.032      1.838      0.066      -0.004       0.123
yr_2006                      0.1058      0.032      3.301      0.001       0.043       0.169
yr_2007                      0.1213      0.032      3.797      0.000       0.059       0.184
yr_2008                      0.0597      0.032      1.855      0.064      -0.003       0.123
yr_2009                      0.0395      0.033      1.213      0.225      -0.024       0.103
yr_2010                      0.0324      0.032      0.997      0.319      -0.031       0.096
yr_2011                      0.0377      0.032      1.183      0.237      -0.025       0.100
yr_2012                      0.0181      0.032      0.570      0.569      -0.044       0.080
yr_2013                      0.0122      0.032      0.383      0.702      -0.050       0.075
yr_2014                      0.0359      0.032      1.112      0.266      -0.027       0.099
yr_2015                     -0.0373      0.032     -1.165      0.244      -0.100       0.025
yr_2016                     -0.0396      0.032     -1.226      0.220      -0.103       0.024
yr_2017                      0.0183      0.033      0.562      0.574      -0.046       0.082
yr_2018                      0.0103      0.033      0.314      0.753      -0.054       0.074
mo_2                         0.0099      0.019      0.506      0.613      -0.028       0.048
mo_3                        -0.0063      0.019     -0.338      0.735      -0.043       0.030
mo_4                         0.0034      0.019      0.182      0.855      -0.033       0.040
mo_5                        -0.0103      0.020     -0.524      0.600      -0.049       0.028
mo_6                        -0.0243      0.019     -1.247      0.212      -0.062       0.014
mo_7                        -0.0249      0.019     -1.317      0.188      -0.062       0.012
mo_8                        -0.0266      0.018     -1.457      0.145      -0.062       0.009
mo_9                        -0.0282      0.019     -1.518      0.129      -0.065       0.008
mo_10                       -0.0097      0.018     -0.533      0.594      -0.046       0.026
mo_11                       -0.0214      0.019     -1.137      0.256      -0.058       0.015
mo_12                       -0.0254      0.018     -1.400      0.162      -0.061       0.010
genre_Action                -0.0544      0.011     -5.118      0.000      -0.075      -0.034
genre_Adventure             -0.0032      0.011     -0.289      0.773      -0.025       0.019
genre_Animation             -0.0364      0.018     -1.994      0.046      -0.072      -0.001
genre_Biography             -0.0968      0.014     -6.792      0.000      -0.125      -0.069
genre_Comedy                -0.0128      0.009     -1.359      0.174      -0.031       0.006
genre_Crime                 -0.0997      0.010     -9.873      0.000      -0.119      -0.080
genre_Drama                  0.0111      0.010      1.172      0.241      -0.007       0.030
genre_Family                 0.0600      0.015      4.027      0.000       0.031       0.089
genre_Fantasy                0.0091      0.013      0.723      0.470      -0.016       0.034
genre_History                0.0301      0.020      1.479      0.139      -0.010       0.070
genre_Horror                -0.0356      0.015     -2.437      0.015      -0.064      -0.007
genre_Music                  0.1092      0.019      5.704      0.000       0.072       0.147
genre_Musical                0.3264      0.043      7.552      0.000       0.242       0.411
genre_Mystery               -0.0541      0.013     -4.288      0.000      -0.079      -0.029
genre_News                5.034e-18    5.4e-18      0.932      0.351   -5.55e-18    1.56e-17
genre_Romance               -0.0160      0.010     -1.548      0.122      -0.036       0.004
genre_Sci_Fi                -0.0109      0.014     -0.803      0.422      -0.038       0.016
genre_Short               1.262e-17   6.35e-18      1.988      0.047    1.74e-19    2.51e-17
genre_Sport                 -0.0338      0.021     -1.628      0.104      -0.075       0.007
genre_Thriller              -0.0760      0.011     -7.134      0.000      -0.097      -0.055
genre_War                    0.0050      0.029      0.172      0.863      -0.052       0.062
genre_Western               -0.0287      0.052     -0.557      0.578      -0.130       0.072
==============================================================================
Omnibus:                     1679.073   Durbin-Watson:                   2.008
Prob(Omnibus):                  0.000   Jarque-Bera (JB):            13915.497
Skew:                           1.782   Prob(JB):                         0.00
Kurtosis:                      11.398   Cond. No.                     1.02e+16
==============================================================================

Notes:
[1] Standard Errors assume that the covariance matrix of the errors is correctly specified.
[2] The smallest eigenvalue is 5.91e-27. This might indicate that there are
strong multicollinearity problems or that the design matrix is singular.