                            OLS Regression Results                            
==============================================================================
Dep. Variable:              sd_pooled   R-squared:                       0.546
Model:                            OLS   Adj. R-squared:                  0.533
Method:                 Least Squares   F-statistic:                     43.99
Date:                Tue, 31 Mar 2026   Prob (F-statistic):               0.00
Time:                        20:05:46   Log-Likelihood:                 229.58
No. Observations:                2408   AIC:                            -329.2
Df Residuals:                    2343   BIC:                             46.98
Df Model:                          64                                         
Covariance Type:            nonrobust                                         
============================================================================================
                               coef    std err          t      P>|t|      [0.025      0.975]
--------------------------------------------------------------------------------------------
const                        3.3875      0.065     51.956      0.000       3.260       3.515
FLead                        0.0460      0.011      4.262      0.000       0.025       0.067
mean_pooled                 -0.2366      0.006    -38.393      0.000      -0.249      -0.224
kim_violence_gore            0.0160      0.003      4.698      0.000       0.009       0.023
kim_sex_nudity               0.0113      0.003      4.104      0.000       0.006       0.017
kim_language                -0.0150      0.003     -5.915      0.000      -0.020      -0.010
major                       -0.0489      0.011     -4.490      0.000      -0.070      -0.028
log_bom_opening_theaters     0.0078      0.002      3.311      0.001       0.003       0.012
genres_count                -0.0128      0.009     -1.456      0.145      -0.030       0.004
yr_1993                     -0.0091      0.046     -0.196      0.844      -0.100       0.082
yr_1994                     -0.0150      0.047     -0.320      0.749      -0.107       0.077
yr_1995                      0.0120      0.046      0.260      0.795      -0.079       0.103
yr_1996                      0.0111      0.046      0.242      0.809      -0.079       0.101
yr_1997                      0.0270      0.047      0.574      0.566      -0.065       0.119
yr_1998                      0.0383      0.045      0.848      0.397      -0.050       0.127
yr_1999                      0.0434      0.044      0.982      0.326      -0.043       0.130
yr_2000                     -0.0110      0.046     -0.242      0.809      -0.100       0.078
yr_2001                      0.0473      0.045      1.057      0.291      -0.041       0.135
yr_2002                      0.0029      0.044      0.066      0.947      -0.083       0.089
yr_2003                     -0.0277      0.044     -0.630      0.529      -0.114       0.059
yr_2004                      0.0312      0.045      0.697      0.486      -0.056       0.119
yr_2005                      0.0591      0.043      1.373      0.170      -0.025       0.144
yr_2006                      0.0959      0.043      2.207      0.027       0.011       0.181
yr_2007                      0.0983      0.044      2.241      0.025       0.012       0.184
yr_2008                      0.0310      0.043      0.718      0.473      -0.054       0.116
yr_2009                     -0.0021      0.044     -0.047      0.962      -0.089       0.085
yr_2010                      0.0054      0.045      0.121      0.904      -0.082       0.093
yr_2011                      0.0167      0.042      0.392      0.695      -0.067       0.100
yr_2012                     -0.0056      0.043     -0.131      0.896      -0.089       0.078
yr_2013                     -0.0132      0.043     -0.308      0.758      -0.098       0.071
yr_2014                      0.0279      0.044      0.640      0.522      -0.058       0.114
yr_2015                     -0.0392      0.043     -0.909      0.364      -0.124       0.045
yr_2016                     -0.0400      0.043     -0.926      0.355      -0.125       0.045
yr_2017                     -0.0084      0.044     -0.189      0.850      -0.095       0.079
yr_2018                     -0.0124      0.045     -0.275      0.784      -0.101       0.076
mo_2                         0.0366      0.026      1.381      0.167      -0.015       0.088
mo_3                         0.0016      0.025      0.064      0.949      -0.048       0.051
mo_4                         0.0242      0.025      0.976      0.329      -0.024       0.073
mo_5                        -0.0122      0.026     -0.462      0.644      -0.064       0.039
mo_6                        -0.0272      0.026     -1.032      0.302      -0.079       0.024
mo_7                        -0.0167      0.025     -0.656      0.512      -0.067       0.033
mo_8                        -0.0237      0.024     -0.978      0.328      -0.071       0.024
mo_9                        -0.0171      0.025     -0.694      0.488      -0.066       0.031
mo_10                       -0.0118      0.024     -0.484      0.628      -0.060       0.036
mo_11                       -0.0155      0.025     -0.614      0.539      -0.065       0.034
mo_12                       -0.0246      0.024     -1.019      0.308      -0.072       0.023
genre_Action                -0.0563      0.015     -3.768      0.000      -0.086      -0.027
genre_Adventure             -0.0120      0.016     -0.751      0.453      -0.043       0.019
genre_Animation              0.0018      0.025      0.069      0.945      -0.048       0.052
genre_Biography             -0.0890      0.020     -4.564      0.000      -0.127      -0.051
genre_Comedy                -0.0049      0.013     -0.378      0.705      -0.030       0.021
genre_Crime                 -0.1030      0.014     -7.109      0.000      -0.131      -0.075
genre_Drama                  0.0269      0.013      2.066      0.039       0.001       0.053
genre_Family                 0.0841      0.021      4.059      0.000       0.043       0.125
genre_Fantasy                0.0060      0.018      0.331      0.740      -0.029       0.041
genre_History                0.0337      0.028      1.187      0.235      -0.022       0.089
genre_Horror                -0.0532      0.021     -2.546      0.011      -0.094      -0.012
genre_Music                  0.1020      0.027      3.805      0.000       0.049       0.155
genre_Musical                0.3394      0.060      5.635      0.000       0.221       0.458
genre_Mystery               -0.0511      0.019     -2.672      0.008      -0.089      -0.014
genre_News                4.841e-18   3.23e-18      1.498      0.134    -1.5e-18    1.12e-17
genre_Romance               -0.0147      0.014     -1.053      0.293      -0.042       0.013
genre_Sci_Fi                -0.0150      0.019     -0.784      0.433      -0.052       0.022
genre_Short               2.518e-18   5.12e-18      0.491      0.623   -7.53e-18    1.26e-17
genre_Sport                 -0.0172      0.027     -0.639      0.523      -0.070       0.036
genre_Thriller              -0.0949      0.015     -6.340      0.000      -0.124      -0.066
genre_War                   -0.0212      0.041     -0.515      0.607      -0.102       0.059
genre_Western               -0.0743      0.072     -1.032      0.302      -0.215       0.067
==============================================================================
Omnibus:                     1095.619   Durbin-Watson:                   1.983
Prob(Omnibus):                  0.000   Jarque-Bera (JB):            10094.493
Skew:                           1.920   Prob(JB):                         0.00
Kurtosis:                      12.267   Cond. No.                     1.02e+16
==============================================================================

Notes:
[1] Standard Errors assume that the covariance matrix of the errors is correctly specified.
[2] The smallest eigenvalue is 3.78e-27. This might indicate that there are
strong multicollinearity problems or that the design matrix is singular.