                            OLS Regression Results                            
==============================================================================
Dep. Variable:              sd_pooled   R-squared:                       0.558
Model:                            OLS   Adj. R-squared:                  0.551
Method:                 Least Squares   F-statistic:                     77.80
Date:                Tue, 31 Mar 2026   Prob (F-statistic):               0.00
Time:                        19:49:20   Log-Likelihood:                 514.33
No. Observations:                4012   AIC:                            -898.7
Df Residuals:                    3947   BIC:                            -489.4
Df Model:                          64                                         
Covariance Type:            nonrobust                                         
============================================================================================
                               coef    std err          t      P>|t|      [0.025      0.975]
--------------------------------------------------------------------------------------------
const                        3.3775      0.049     69.479      0.000       3.282       3.473
FLead                        0.0497      0.008      6.157      0.000       0.034       0.066
mean_pooled                 -0.2349      0.004    -53.080      0.000      -0.244      -0.226
kim_violence_gore            0.0104      0.003      4.067      0.000       0.005       0.015
kim_sex_nudity               0.0097      0.002      4.702      0.000       0.006       0.014
kim_language                -0.0090      0.002     -5.056      0.000      -0.012      -0.005
major                       -0.0385      0.008     -4.764      0.000      -0.054      -0.023
log_bom_opening_theaters     0.0055      0.002      3.093      0.002       0.002       0.009
genres_count                -0.0064      0.007     -0.936      0.349      -0.020       0.007
yr_1993                     -0.0081      0.035     -0.235      0.814      -0.076       0.060
yr_1994                     -0.0021      0.035     -0.059      0.953      -0.071       0.067
yr_1995                      0.0374      0.035      1.073      0.283      -0.031       0.106
yr_1996                      0.0007      0.034      0.021      0.983      -0.066       0.068
yr_1997                      0.0048      0.035      0.138      0.890      -0.063       0.073
yr_1998                      0.0511      0.034      1.521      0.128      -0.015       0.117
yr_1999                      0.0515      0.033      1.575      0.115      -0.013       0.116
yr_2000                     -0.0184      0.034     -0.546      0.585      -0.084       0.048
yr_2001                      0.0483      0.033      1.458      0.145      -0.017       0.113
yr_2002                      0.0095      0.033      0.291      0.771      -0.054       0.073
yr_2003                     -0.0058      0.033     -0.176      0.861      -0.070       0.059
yr_2004                      0.0618      0.033      1.895      0.058      -0.002       0.126
yr_2005                      0.0473      0.032      1.464      0.143      -0.016       0.111
yr_2006                      0.0946      0.032      2.943      0.003       0.032       0.158
yr_2007                      0.1086      0.032      3.396      0.001       0.046       0.171
yr_2008                      0.0502      0.032      1.558      0.119      -0.013       0.113
yr_2009                      0.0271      0.033      0.831      0.406      -0.037       0.091
yr_2010                      0.0212      0.033      0.651      0.515      -0.043       0.085
yr_2011                      0.0256      0.032      0.802      0.422      -0.037       0.088
yr_2012                      0.0081      0.032      0.254      0.799      -0.054       0.070
yr_2013                     -0.0005      0.032     -0.016      0.987      -0.063       0.062
yr_2014                      0.0298      0.032      0.922      0.357      -0.034       0.093
yr_2015                     -0.0417      0.032     -1.299      0.194      -0.105       0.021
yr_2016                     -0.0443      0.032     -1.370      0.171      -0.108       0.019
yr_2017                      0.0120      0.033      0.367      0.714      -0.052       0.076
yr_2018                      0.0030      0.033      0.091      0.927      -0.061       0.067
mo_2                         0.0107      0.020      0.546      0.585      -0.028       0.049
mo_3                        -0.0036      0.019     -0.193      0.847      -0.040       0.033
mo_4                         0.0024      0.019      0.126      0.900      -0.034       0.039
mo_5                        -0.0091      0.020     -0.462      0.644      -0.048       0.030
mo_6                        -0.0250      0.020     -1.282      0.200      -0.063       0.013
mo_7                        -0.0238      0.019     -1.252      0.211      -0.061       0.013
mo_8                        -0.0245      0.018     -1.338      0.181      -0.060       0.011
mo_9                        -0.0270      0.019     -1.450      0.147      -0.064       0.010
mo_10                       -0.0077      0.018     -0.419      0.676      -0.044       0.028
mo_11                       -0.0205      0.019     -1.090      0.276      -0.057       0.016
mo_12                       -0.0240      0.018     -1.318      0.188      -0.060       0.012
genre_Action                -0.0571      0.011     -5.359      0.000      -0.078      -0.036
genre_Adventure             -0.0014      0.011     -0.128      0.898      -0.024       0.021
genre_Animation             -0.0185      0.018     -1.028      0.304      -0.054       0.017
genre_Biography             -0.0939      0.014     -6.572      0.000      -0.122      -0.066
genre_Comedy                -0.0120      0.009     -1.269      0.204      -0.031       0.007
genre_Crime                 -0.0989      0.010     -9.724      0.000      -0.119      -0.079
genre_Drama                  0.0095      0.010      0.993      0.321      -0.009       0.028
genre_Family                 0.0780      0.015      5.345      0.000       0.049       0.107
genre_Fantasy                0.0093      0.013      0.737      0.461      -0.016       0.034
genre_History                0.0262      0.020      1.278      0.201      -0.014       0.066
genre_Horror                -0.0390      0.015     -2.659      0.008      -0.068      -0.010
genre_Music                  0.1044      0.019      5.447      0.000       0.067       0.142
genre_Musical                0.3326      0.043      7.673      0.000       0.248       0.418
genre_Mystery               -0.0586      0.013     -4.638      0.000      -0.083      -0.034
genre_News               -1.968e-17   4.52e-17     -0.435      0.664   -1.08e-16     6.9e-17
genre_Romance               -0.0175      0.010     -1.692      0.091      -0.038       0.003
genre_Sci_Fi                -0.0146      0.014     -1.074      0.283      -0.041       0.012
genre_Short              -1.039e-17   2.18e-17     -0.476      0.634   -5.32e-17    3.24e-17
genre_Sport                 -0.0407      0.021     -1.955      0.051      -0.081       0.000
genre_Thriller              -0.0803      0.011     -7.535      0.000      -0.101      -0.059
genre_War                    0.0109      0.029      0.371      0.711      -0.047       0.068
genre_Western               -0.0447      0.052     -0.865      0.387      -0.146       0.057
==============================================================================
Omnibus:                     1688.634   Durbin-Watson:                   2.004
Prob(Omnibus):                  0.000   Jarque-Bera (JB):            14208.384
Skew:                           1.790   Prob(JB):                         0.00
Kurtosis:                      11.496   Cond. No.                     1.02e+16
==============================================================================

Notes:
[1] Standard Errors assume that the covariance matrix of the errors is correctly specified.
[2] The smallest eigenvalue is 6.4e-27. This might indicate that there are
strong multicollinearity problems or that the design matrix is singular.