                            OLS Regression Results                            
==============================================================================
Dep. Variable:              sd_pooled   R-squared:                       0.559
Model:                            OLS   Adj. R-squared:                  0.552
Method:                 Least Squares   F-statistic:                     78.08
Date:                Tue, 31 Mar 2026   Prob (F-statistic):               0.00
Time:                        19:49:31   Log-Likelihood:                 518.34
No. Observations:                4012   AIC:                            -906.7
Df Residuals:                    3947   BIC:                            -497.4
Df Model:                          64                                         
Covariance Type:            nonrobust                                         
============================================================================================
                               coef    std err          t      P>|t|      [0.025      0.975]
--------------------------------------------------------------------------------------------
const                        3.3824      0.049     69.626      0.000       3.287       3.478
FLead                        0.0483      0.008      5.983      0.000       0.032       0.064
mean_pooled                 -0.2350      0.004    -53.235      0.000      -0.244      -0.226
kim_violence_gore            0.0105      0.003      4.134      0.000       0.006       0.015
kim_sex_nudity               0.0097      0.002      4.800      0.000       0.006       0.014
kim_language                -0.0103      0.002     -5.788      0.000      -0.014      -0.007
major                       -0.0392      0.008     -4.856      0.000      -0.055      -0.023
log_bom_opening_theaters     0.0056      0.002      3.129      0.002       0.002       0.009
genres_count                -0.0077      0.007     -1.134      0.257      -0.021       0.006
yr_1993                     -0.0054      0.035     -0.155      0.876      -0.073       0.062
yr_1994                     -0.0032      0.035     -0.091      0.927      -0.072       0.066
yr_1995                      0.0394      0.035      1.131      0.258      -0.029       0.108
yr_1996                      0.0025      0.034      0.073      0.942      -0.064       0.069
yr_1997                      0.0076      0.035      0.217      0.828      -0.061       0.076
yr_1998                      0.0538      0.034      1.604      0.109      -0.012       0.120
yr_1999                      0.0559      0.033      1.711      0.087      -0.008       0.120
yr_2000                     -0.0145      0.034     -0.431      0.666      -0.081       0.051
yr_2001                      0.0526      0.033      1.588      0.112      -0.012       0.118
yr_2002                      0.0118      0.033      0.364      0.716      -0.052       0.076
yr_2003                     -0.0025      0.033     -0.077      0.939      -0.067       0.062
yr_2004                      0.0633      0.033      1.944      0.052      -0.001       0.127
yr_2005                      0.0494      0.032      1.530      0.126      -0.014       0.113
yr_2006                      0.0997      0.032      3.107      0.002       0.037       0.163
yr_2007                      0.1130      0.032      3.536      0.000       0.050       0.176
yr_2008                      0.0520      0.032      1.615      0.106      -0.011       0.115
yr_2009                      0.0318      0.033      0.977      0.329      -0.032       0.096
yr_2010                      0.0245      0.032      0.754      0.451      -0.039       0.088
yr_2011                      0.0288      0.032      0.903      0.367      -0.034       0.091
yr_2012                      0.0105      0.032      0.332      0.740      -0.052       0.073
yr_2013                      0.0046      0.032      0.143      0.887      -0.058       0.067
yr_2014                      0.0352      0.032      1.090      0.276      -0.028       0.099
yr_2015                     -0.0372      0.032     -1.159      0.247      -0.100       0.026
yr_2016                     -0.0410      0.032     -1.267      0.205      -0.104       0.022
yr_2017                      0.0158      0.033      0.485      0.628      -0.048       0.080
yr_2018                      0.0073      0.033      0.221      0.825      -0.057       0.071
mo_2                         0.0105      0.020      0.540      0.589      -0.028       0.049
mo_3                        -0.0033      0.019     -0.177      0.859      -0.040       0.033
mo_4                         0.0009      0.019      0.051      0.960      -0.036       0.038
mo_5                        -0.0090      0.020     -0.455      0.649      -0.048       0.030
mo_6                        -0.0261      0.020     -1.335      0.182      -0.064       0.012
mo_7                        -0.0236      0.019     -1.242      0.214      -0.061       0.014
mo_8                        -0.0254      0.018     -1.389      0.165      -0.061       0.010
mo_9                        -0.0284      0.019     -1.526      0.127      -0.065       0.008
mo_10                       -0.0086      0.018     -0.469      0.639      -0.044       0.027
mo_11                       -0.0214      0.019     -1.134      0.257      -0.058       0.016
mo_12                       -0.0252      0.018     -1.385      0.166      -0.061       0.010
genre_Action                -0.0573      0.011     -5.384      0.000      -0.078      -0.036
genre_Adventure             -0.0019      0.011     -0.168      0.866      -0.024       0.020
genre_Animation             -0.0206      0.018     -1.147      0.252      -0.056       0.015
genre_Biography             -0.0936      0.014     -6.552      0.000      -0.122      -0.066
genre_Comedy                -0.0094      0.009     -0.990      0.322      -0.028       0.009
genre_Crime                 -0.0954      0.010     -9.342      0.000      -0.115      -0.075
genre_Drama                  0.0099      0.010      1.045      0.296      -0.009       0.029
genre_Family                 0.0762      0.015      5.222      0.000       0.048       0.105
genre_Fantasy                0.0094      0.013      0.740      0.459      -0.015       0.034
genre_History                0.0291      0.020      1.426      0.154      -0.011       0.069
genre_Horror                -0.0365      0.015     -2.492      0.013      -0.065      -0.008
genre_Music                  0.1072      0.019      5.590      0.000       0.070       0.145
genre_Musical                0.3273      0.043      7.556      0.000       0.242       0.412
genre_Mystery               -0.0588      0.013     -4.657      0.000      -0.084      -0.034
genre_News                2.143e-18    1.1e-17      0.195      0.846   -1.94e-17    2.37e-17
genre_Romance               -0.0169      0.010     -1.636      0.102      -0.037       0.003
genre_Sci_Fi                -0.0139      0.014     -1.020      0.308      -0.041       0.013
genre_Short              -7.414e-18   1.72e-17     -0.430      0.667   -4.12e-17    2.64e-17
genre_Sport                 -0.0406      0.021     -1.955      0.051      -0.081       0.000
genre_Thriller              -0.0782      0.011     -7.332      0.000      -0.099      -0.057
genre_War                    0.0017      0.029      0.059      0.953      -0.056       0.059
genre_Western               -0.0454      0.052     -0.878      0.380      -0.147       0.056
==============================================================================
Omnibus:                     1676.041   Durbin-Watson:                   2.004
Prob(Omnibus):                  0.000   Jarque-Bera (JB):            13960.664
Skew:                           1.777   Prob(JB):                         0.00
Kurtosis:                      11.419   Cond. No.                     1.02e+16
==============================================================================

Notes:
[1] Standard Errors assume that the covariance matrix of the errors is correctly specified.
[2] The smallest eigenvalue is 6.38e-27. This might indicate that there are
strong multicollinearity problems or that the design matrix is singular.