                            OLS Regression Results                            
==============================================================================
Dep. Variable:              sd_pooled   R-squared:                       0.562
Model:                            OLS   Adj. R-squared:                  0.555
Method:                 Least Squares   F-statistic:                     79.13
Date:                Tue, 31 Mar 2026   Prob (F-statistic):               0.00
Time:                        12:59:03   Log-Likelihood:                 533.42
No. Observations:                4012   AIC:                            -936.8
Df Residuals:                    3947   BIC:                            -527.5
Df Model:                          64                                         
Covariance Type:            nonrobust                                         
============================================================================================
                               coef    std err          t      P>|t|      [0.025      0.975]
--------------------------------------------------------------------------------------------
const                        3.3798      0.048     69.868      0.000       3.285       3.475
FLead                        0.0467      0.008      5.806      0.000       0.031       0.062
mean_pooled                 -0.2335      0.004    -52.979      0.000      -0.242      -0.225
kim_violence_gore            0.0122      0.003      4.773      0.000       0.007       0.017
kim_sex_nudity               0.0115      0.002      5.675      0.000       0.008       0.015
kim_language                -0.0149      0.002     -7.968      0.000      -0.019      -0.011
major                       -0.0393      0.008     -4.905      0.000      -0.055      -0.024
log_bom_opening_theaters     0.0055      0.002      3.119      0.002       0.002       0.009
genres_count                -0.0095      0.007     -1.400      0.162      -0.023       0.004
yr_1993                     -0.0059      0.034     -0.172      0.864      -0.073       0.062
yr_1994                     -0.0026      0.035     -0.074      0.941      -0.072       0.066
yr_1995                      0.0440      0.035      1.268      0.205      -0.024       0.112
yr_1996                      0.0090      0.034      0.265      0.791      -0.058       0.076
yr_1997                      0.0124      0.035      0.356      0.722      -0.056       0.080
yr_1998                      0.0593      0.033      1.773      0.076      -0.006       0.125
yr_1999                      0.0602      0.033      1.848      0.065      -0.004       0.124
yr_2000                     -0.0090      0.034     -0.268      0.789      -0.075       0.057
yr_2001                      0.0557      0.033      1.688      0.091      -0.009       0.120
yr_2002                      0.0165      0.032      0.510      0.610      -0.047       0.080
yr_2003                  -8.596e-05      0.033     -0.003      0.998      -0.064       0.064
yr_2004                      0.0606      0.032      1.870      0.062      -0.003       0.124
yr_2005                      0.0482      0.032      1.497      0.134      -0.015       0.111
yr_2006                      0.0970      0.032      3.034      0.002       0.034       0.160
yr_2007                      0.1105      0.032      3.469      0.001       0.048       0.173
yr_2008                      0.0523      0.032      1.630      0.103      -0.011       0.115
yr_2009                      0.0317      0.032      0.975      0.330      -0.032       0.095
yr_2010                      0.0265      0.032      0.817      0.414      -0.037       0.090
yr_2011                      0.0298      0.032      0.937      0.349      -0.033       0.092
yr_2012                      0.0148      0.032      0.466      0.641      -0.047       0.077
yr_2013                      0.0070      0.032      0.220      0.826      -0.055       0.069
yr_2014                      0.0402      0.032      1.249      0.212      -0.023       0.103
yr_2015                     -0.0313      0.032     -0.978      0.328      -0.094       0.031
yr_2016                     -0.0353      0.032     -1.094      0.274      -0.098       0.028
yr_2017                      0.0217      0.033      0.666      0.506      -0.042       0.085
yr_2018                      0.0153      0.033      0.468      0.640      -0.049       0.079
mo_2                         0.0074      0.019      0.378      0.705      -0.031       0.045
mo_3                        -0.0046      0.019     -0.250      0.803      -0.041       0.032
mo_4                         0.0002      0.019      0.010      0.992      -0.036       0.037
mo_5                        -0.0132      0.020     -0.671      0.502      -0.052       0.025
mo_6                        -0.0258      0.019     -1.326      0.185      -0.064       0.012
mo_7                        -0.0236      0.019     -1.251      0.211      -0.061       0.013
mo_8                        -0.0256      0.018     -1.403      0.161      -0.061       0.010
mo_9                        -0.0280      0.019     -1.507      0.132      -0.064       0.008
mo_10                       -0.0072      0.018     -0.396      0.692      -0.043       0.029
mo_11                       -0.0250      0.019     -1.332      0.183      -0.062       0.012
mo_12                       -0.0271      0.018     -1.498      0.134      -0.063       0.008
genre_Action                -0.0554      0.011     -5.225      0.000      -0.076      -0.035
genre_Adventure             -0.0054      0.011     -0.482      0.630      -0.027       0.017
genre_Animation             -0.0283      0.018     -1.577      0.115      -0.064       0.007
genre_Biography             -0.0928      0.014     -6.527      0.000      -0.121      -0.065
genre_Comedy                -0.0031      0.010     -0.326      0.744      -0.022       0.016
genre_Crime                 -0.0890      0.010     -8.686      0.000      -0.109      -0.069
genre_Drama                  0.0135      0.010      1.424      0.155      -0.005       0.032
genre_Family                 0.0710      0.015      4.878      0.000       0.042       0.100
genre_Fantasy                0.0041      0.013      0.327      0.743      -0.021       0.029
genre_History                0.0178      0.020      0.873      0.383      -0.022       0.058
genre_Horror                -0.0340      0.015     -2.332      0.020      -0.063      -0.005
genre_Music                  0.1116      0.019      5.837      0.000       0.074       0.149
genre_Musical                0.3197      0.043      7.403      0.000       0.235       0.404
genre_Mystery               -0.0588      0.013     -4.677      0.000      -0.083      -0.034
genre_News               -4.383e-18   4.83e-18     -0.908      0.364   -1.38e-17    5.08e-18
genre_Romance               -0.0185      0.010     -1.794      0.073      -0.039       0.002
genre_Sci_Fi                -0.0129      0.014     -0.952      0.341      -0.039       0.014
genre_Short              -4.273e-18   1.03e-18     -4.134      0.000    -6.3e-18   -2.25e-18
genre_Sport                 -0.0371      0.021     -1.793      0.073      -0.078       0.003
genre_Thriller              -0.0738      0.011     -6.930      0.000      -0.095      -0.053
genre_War                    0.0098      0.029      0.335      0.737      -0.047       0.067
genre_Western               -0.0478      0.051     -0.929      0.353      -0.149       0.053
==============================================================================
Omnibus:                     1649.200   Durbin-Watson:                   2.006
Prob(Omnibus):                  0.000   Jarque-Bera (JB):            13378.921
Skew:                           1.751   Prob(JB):                         0.00
Kurtosis:                      11.232   Cond. No.                     1.02e+16
==============================================================================

Notes:
[1] Standard Errors assume that the covariance matrix of the errors is correctly specified.
[2] The smallest eigenvalue is 6.39e-27. This might indicate that there are
strong multicollinearity problems or that the design matrix is singular.