                            OLS Regression Results                            
==============================================================================
Dep. Variable:              sd_pooled   R-squared:                       0.561
Model:                            OLS   Adj. R-squared:                  0.554
Method:                 Least Squares   F-statistic:                     78.89
Date:                Sun, 29 Mar 2026   Prob (F-statistic):               0.00
Time:                        15:10:43   Log-Likelihood:                 529.97
No. Observations:                4012   AIC:                            -929.9
Df Residuals:                    3947   BIC:                            -520.6
Df Model:                          64                                         
Covariance Type:            nonrobust                                         
============================================================================================
                               coef    std err          t      P>|t|      [0.025      0.975]
--------------------------------------------------------------------------------------------
const                        3.3814      0.048     69.736      0.000       3.286       3.476
FLead                        0.0473      0.008      5.886      0.000       0.032       0.063
mean_pooled                 -0.2339      0.004    -53.075      0.000      -0.243      -0.225
kim_violence_gore            0.0129      0.003      5.090      0.000       0.008       0.018
kim_sex_nudity               0.0100      0.002      5.019      0.000       0.006       0.014
kim_language                -0.0144      0.002     -7.718      0.000      -0.018      -0.011
major                       -0.0392      0.008     -4.873      0.000      -0.055      -0.023
log_bom_opening_theaters     0.0056      0.002      3.158      0.002       0.002       0.009
genres_count                -0.0101      0.007     -1.494      0.135      -0.023       0.003
yr_1993                     -0.0061      0.034     -0.177      0.859      -0.074       0.061
yr_1994                     -0.0018      0.035     -0.052      0.959      -0.071       0.067
yr_1995                      0.0424      0.035      1.221      0.222      -0.026       0.110
yr_1996                      0.0085      0.034      0.248      0.804      -0.058       0.075
yr_1997                      0.0110      0.035      0.316      0.752      -0.057       0.079
yr_1998                      0.0587      0.033      1.754      0.079      -0.007       0.124
yr_1999                      0.0621      0.033      1.905      0.057      -0.002       0.126
yr_2000                     -0.0089      0.034     -0.264      0.792      -0.075       0.057
yr_2001                      0.0580      0.033      1.756      0.079      -0.007       0.123
yr_2002                      0.0168      0.032      0.517      0.605      -0.047       0.080
yr_2003                      0.0029      0.033      0.088      0.930      -0.061       0.067
yr_2004                      0.0642      0.032      1.979      0.048       0.001       0.128
yr_2005                      0.0499      0.032      1.549      0.121      -0.013       0.113
yr_2006                      0.0998      0.032      3.122      0.002       0.037       0.162
yr_2007                      0.1140      0.032      3.579      0.000       0.052       0.176
yr_2008                      0.0543      0.032      1.691      0.091      -0.009       0.117
yr_2009                      0.0355      0.032      1.093      0.274      -0.028       0.099
yr_2010                      0.0298      0.032      0.920      0.358      -0.034       0.093
yr_2011                      0.0328      0.032      1.033      0.302      -0.030       0.095
yr_2012                      0.0167      0.032      0.527      0.598      -0.045       0.079
yr_2013                      0.0082      0.032      0.256      0.798      -0.054       0.071
yr_2014                      0.0421      0.032      1.306      0.192      -0.021       0.105
yr_2015                     -0.0292      0.032     -0.914      0.361      -0.092       0.033
yr_2016                     -0.0345      0.032     -1.069      0.285      -0.098       0.029
yr_2017                      0.0226      0.033      0.695      0.487      -0.041       0.086
yr_2018                      0.0158      0.033      0.482      0.630      -0.048       0.080
mo_2                         0.0078      0.019      0.399      0.690      -0.030       0.046
mo_3                        -0.0047      0.019     -0.252      0.801      -0.041       0.032
mo_4                         0.0001      0.019      0.008      0.994      -0.037       0.037
mo_5                        -0.0129      0.020     -0.655      0.512      -0.052       0.026
mo_6                        -0.0258      0.019     -1.326      0.185      -0.064       0.012
mo_7                        -0.0230      0.019     -1.216      0.224      -0.060       0.014
mo_8                        -0.0255      0.018     -1.396      0.163      -0.061       0.010
mo_9                        -0.0280      0.019     -1.509      0.131      -0.064       0.008
mo_10                       -0.0083      0.018     -0.453      0.650      -0.044       0.028
mo_11                       -0.0239      0.019     -1.275      0.202      -0.061       0.013
mo_12                       -0.0270      0.018     -1.487      0.137      -0.063       0.009
genre_Action                -0.0570      0.011     -5.376      0.000      -0.078      -0.036
genre_Adventure             -0.0064      0.011     -0.573      0.567      -0.028       0.016
genre_Animation             -0.0294      0.018     -1.635      0.102      -0.065       0.006
genre_Biography             -0.0910      0.014     -6.395      0.000      -0.119      -0.063
genre_Comedy                -0.0020      0.010     -0.214      0.830      -0.021       0.017
genre_Crime                 -0.0889      0.010     -8.672      0.000      -0.109      -0.069
genre_Drama                  0.0136      0.010      1.423      0.155      -0.005       0.032
genre_Family                 0.0696      0.015      4.778      0.000       0.041       0.098
genre_Fantasy                0.0044      0.013      0.350      0.726      -0.020       0.029
genre_History                0.0192      0.020      0.939      0.348      -0.021       0.059
genre_Horror                -0.0363      0.015     -2.492      0.013      -0.065      -0.008
genre_Music                  0.1125      0.019      5.882      0.000       0.075       0.150
genre_Musical                0.3206      0.043      7.419      0.000       0.236       0.405
genre_Mystery               -0.0588      0.013     -4.673      0.000      -0.084      -0.034
genre_News               -2.104e-17   7.27e-18     -2.895      0.004   -3.53e-17   -6.79e-18
genre_Romance               -0.0158      0.010     -1.542      0.123      -0.036       0.004
genre_Sci_Fi                -0.0133      0.014     -0.979      0.328      -0.040       0.013
genre_Short               -8.48e-18   2.79e-18     -3.042      0.002   -1.39e-17   -3.02e-18
genre_Sport                 -0.0358      0.021     -1.727      0.084      -0.076       0.005
genre_Thriller              -0.0747      0.011     -7.011      0.000      -0.096      -0.054
genre_War                    0.0080      0.029      0.274      0.784      -0.049       0.065
genre_Western               -0.0484      0.052     -0.940      0.347      -0.149       0.053
==============================================================================
Omnibus:                     1645.242   Durbin-Watson:                   2.003
Prob(Omnibus):                  0.000   Jarque-Bera (JB):            13242.410
Skew:                           1.748   Prob(JB):                         0.00
Kurtosis:                      11.185   Cond. No.                     1.02e+16
==============================================================================

Notes:
[1] Standard Errors assume that the covariance matrix of the errors is correctly specified.
[2] The smallest eigenvalue is 6.38e-27. This might indicate that there are
strong multicollinearity problems or that the design matrix is singular.