                            OLS Regression Results                            
==============================================================================
Dep. Variable:              sd_pooled   R-squared:                       0.560
Model:                            OLS   Adj. R-squared:                  0.552
Method:                 Least Squares   F-statistic:                     78.33
Date:                Tue, 31 Mar 2026   Prob (F-statistic):               0.00
Time:                        23:58:12   Log-Likelihood:                 522.04
No. Observations:                4012   AIC:                            -914.1
Df Residuals:                    3947   BIC:                            -504.8
Df Model:                          64                                         
Covariance Type:            nonrobust                                         
============================================================================================
                               coef    std err          t      P>|t|      [0.025      0.975]
--------------------------------------------------------------------------------------------
const                        3.3908      0.049     69.608      0.000       3.295       3.486
FLead                        0.0442      0.008      5.476      0.000       0.028       0.060
mean_pooled                 -0.2319      0.004    -52.635      0.000      -0.241      -0.223
kim_violence_gore            0.0010      0.003      0.381      0.703      -0.004       0.006
kim_sex_nudity               0.0136      0.002      6.831      0.000       0.010       0.017
kim_language                -0.0130      0.002     -7.059      0.000      -0.017      -0.009
major                       -0.0412      0.008     -5.112      0.000      -0.057      -0.025
log_bom_opening_theaters     0.0062      0.002      3.529      0.000       0.003       0.010
genres_count                -0.0046      0.007     -0.680      0.496      -0.018       0.009
yr_1993                      0.0017      0.035      0.050      0.960      -0.066       0.069
yr_1994                      0.0020      0.035      0.056      0.956      -0.067       0.071
yr_1995                      0.0504      0.035      1.450      0.147      -0.018       0.119
yr_1996                      0.0150      0.034      0.438      0.661      -0.052       0.082
yr_1997                      0.0205      0.035      0.590      0.555      -0.048       0.089
yr_1998                      0.0625      0.034      1.864      0.062      -0.003       0.128
yr_1999                      0.0682      0.033      2.088      0.037       0.004       0.132
yr_2000                     -0.0030      0.034     -0.090      0.929      -0.069       0.063
yr_2001                      0.0672      0.033      2.032      0.042       0.002       0.132
yr_2002                      0.0231      0.033      0.708      0.479      -0.041       0.087
yr_2003                      0.0071      0.033      0.218      0.828      -0.057       0.071
yr_2004                      0.0706      0.033      2.170      0.030       0.007       0.134
yr_2005                      0.0585      0.032      1.814      0.070      -0.005       0.122
yr_2006                      0.1095      0.032      3.416      0.001       0.047       0.172
yr_2007                      0.1230      0.032      3.857      0.000       0.060       0.185
yr_2008                      0.0629      0.032      1.957      0.050      -0.000       0.126
yr_2009                      0.0425      0.033      1.306      0.192      -0.021       0.106
yr_2010                      0.0383      0.032      1.184      0.237      -0.025       0.102
yr_2011                      0.0400      0.032      1.253      0.210      -0.023       0.102
yr_2012                      0.0246      0.032      0.776      0.438      -0.038       0.087
yr_2013                      0.0168      0.032      0.526      0.599      -0.046       0.079
yr_2014                      0.0457      0.032      1.414      0.157      -0.018       0.109
yr_2015                     -0.0274      0.032     -0.854      0.393      -0.090       0.036
yr_2016                     -0.0286      0.032     -0.882      0.378      -0.092       0.035
yr_2017                      0.0261      0.033      0.800      0.424      -0.038       0.090
yr_2018                      0.0218      0.033      0.664      0.507      -0.043       0.086
mo_2                         0.0075      0.020      0.385      0.700      -0.031       0.046
mo_3                        -0.0044      0.019     -0.238      0.812      -0.041       0.032
mo_4                         0.0021      0.019      0.111      0.911      -0.035       0.039
mo_5                        -0.0128      0.020     -0.645      0.519      -0.052       0.026
mo_6                        -0.0263      0.020     -1.347      0.178      -0.065       0.012
mo_7                        -0.0245      0.019     -1.291      0.197      -0.062       0.013
mo_8                        -0.0265      0.018     -1.448      0.148      -0.062       0.009
mo_9                        -0.0293      0.019     -1.575      0.115      -0.066       0.007
mo_10                       -0.0056      0.018     -0.309      0.758      -0.041       0.030
mo_11                       -0.0242      0.019     -1.287      0.198      -0.061       0.013
mo_12                       -0.0250      0.018     -1.373      0.170      -0.061       0.011
genre_Action                -0.0448      0.010     -4.294      0.000      -0.065      -0.024
genre_Adventure             -0.0047      0.011     -0.416      0.677      -0.027       0.017
genre_Animation             -0.0360      0.018     -2.009      0.045      -0.071      -0.001
genre_Biography             -0.0966      0.014     -6.784      0.000      -0.125      -0.069
genre_Comedy                -0.0192      0.009     -2.149      0.032      -0.037      -0.002
genre_Crime                 -0.0832      0.010     -8.147      0.000      -0.103      -0.063
genre_Drama                  0.0079      0.009      0.839      0.402      -0.011       0.027
genre_Family                 0.0640      0.015      4.393      0.000       0.035       0.093
genre_Fantasy                0.0060      0.013      0.475      0.635      -0.019       0.031
genre_History                0.0241      0.020      1.181      0.238      -0.016       0.064
genre_Horror                -0.0097      0.014     -0.708      0.479      -0.037       0.017
genre_Music                  0.0977      0.019      5.155      0.000       0.061       0.135
genre_Musical                0.3106      0.043      7.177      0.000       0.226       0.395
genre_Mystery               -0.0600      0.013     -4.754      0.000      -0.085      -0.035
genre_News                4.268e-19    1.4e-17      0.030      0.976   -2.71e-17    2.79e-17
genre_Romance               -0.0320      0.010     -3.208      0.001      -0.052      -0.012
genre_Sci_Fi                -0.0117      0.014     -0.857      0.392      -0.038       0.015
genre_Short               1.185e-17   1.71e-17      0.691      0.490   -2.18e-17    4.55e-17
genre_Sport                 -0.0435      0.021     -2.095      0.036      -0.084      -0.003
genre_Thriller              -0.0724      0.011     -6.779      0.000      -0.093      -0.051
genre_War                    0.0295      0.029      1.018      0.309      -0.027       0.086
genre_Western               -0.0305      0.051     -0.593      0.553      -0.131       0.070
==============================================================================
Omnibus:                     1662.607   Durbin-Watson:                   2.005
Prob(Omnibus):                  0.000   Jarque-Bera (JB):            13736.726
Skew:                           1.762   Prob(JB):                         0.00
Kurtosis:                      11.352   Cond. No.                     1.02e+16
==============================================================================

Notes:
[1] Standard Errors assume that the covariance matrix of the errors is correctly specified.
[2] The smallest eigenvalue is 5.96e-27. This might indicate that there are
strong multicollinearity problems or that the design matrix is singular.