                            OLS Regression Results                            
==============================================================================
Dep. Variable:              sd_pooled   R-squared:                       0.558
Model:                            OLS   Adj. R-squared:                  0.550
Method:                 Least Squares   F-statistic:                     70.04
Date:                Sun, 29 Mar 2026   Prob (F-statistic):               0.00
Time:                        15:09:55   Log-Likelihood:                 458.71
No. Observations:                3611   AIC:                            -787.4
Df Residuals:                    3546   BIC:                            -385.0
Df Model:                          64                                         
Covariance Type:            nonrobust                                         
============================================================================================
                               coef    std err          t      P>|t|      [0.025      0.975]
--------------------------------------------------------------------------------------------
const                        3.3498      0.051     65.086      0.000       3.249       3.451
FLead                        0.0465      0.009      5.443      0.000       0.030       0.063
mean_pooled                 -0.2321      0.005    -49.925      0.000      -0.241      -0.223
kim_violence_gore            0.0125      0.003      4.618      0.000       0.007       0.018
kim_sex_nudity               0.0125      0.002      5.794      0.000       0.008       0.017
kim_language                -0.0154      0.002     -7.761      0.000      -0.019      -0.011
major                       -0.0395      0.009     -4.624      0.000      -0.056      -0.023
log_bom_opening_theaters     0.0070      0.002      3.758      0.000       0.003       0.011
genres_count                -0.0085      0.007     -1.157      0.248      -0.023       0.006
yr_1993                      0.0018      0.037      0.049      0.961      -0.071       0.075
yr_1994                     -0.0002      0.038     -0.006      0.995      -0.074       0.074
yr_1995                      0.0514      0.037      1.375      0.169      -0.022       0.125
yr_1996                      0.0177      0.037      0.485      0.628      -0.054       0.089
yr_1997                      0.0081      0.037      0.216      0.829      -0.065       0.081
yr_1998                      0.0666      0.036      1.872      0.061      -0.003       0.136
yr_1999                      0.0717      0.035      2.061      0.039       0.003       0.140
yr_2000                      0.0023      0.036      0.064      0.949      -0.068       0.073
yr_2001                      0.0524      0.036      1.471      0.141      -0.017       0.122
yr_2002                      0.0243      0.035      0.699      0.484      -0.044       0.093
yr_2003                      0.0063      0.035      0.180      0.857      -0.062       0.074
yr_2004                      0.0629      0.035      1.799      0.072      -0.006       0.131
yr_2005                      0.0622      0.035      1.796      0.073      -0.006       0.130
yr_2006                      0.1002      0.034      2.920      0.004       0.033       0.167
yr_2007                      0.1118      0.034      3.260      0.001       0.045       0.179
yr_2008                      0.0531      0.035      1.532      0.126      -0.015       0.121
yr_2009                      0.0416      0.035      1.188      0.235      -0.027       0.110
yr_2010                      0.0278      0.035      0.799      0.425      -0.040       0.096
yr_2011                      0.0435      0.034      1.270      0.204      -0.024       0.111
yr_2012                      0.0233      0.034      0.689      0.491      -0.043       0.090
yr_2013                      0.0214      0.034      0.622      0.534      -0.046       0.089
yr_2014                      0.0496      0.035      1.436      0.151      -0.018       0.117
yr_2015                     -0.0252      0.034     -0.738      0.460      -0.092       0.042
yr_2016                     -0.0229      0.035     -0.661      0.508      -0.091       0.045
yr_2017                      0.0351      0.035      1.006      0.315      -0.033       0.104
yr_2018                      0.0244      0.035      0.695      0.487      -0.044       0.093
mo_2                         0.0124      0.021      0.604      0.546      -0.028       0.053
mo_3                        -0.0091      0.020     -0.466      0.641      -0.048       0.029
mo_4                         0.0006      0.020      0.031      0.975      -0.038       0.039
mo_5                        -0.0232      0.021     -1.099      0.272      -0.065       0.018
mo_6                        -0.0282      0.021     -1.367      0.172      -0.069       0.012
mo_7                        -0.0254      0.020     -1.274      0.203      -0.065       0.014
mo_8                        -0.0282      0.019     -1.451      0.147      -0.066       0.010
mo_9                        -0.0294      0.020     -1.497      0.135      -0.068       0.009
mo_10                       -0.0120      0.019     -0.622      0.534      -0.050       0.026
mo_11                       -0.0268      0.020     -1.349      0.177      -0.066       0.012
mo_12                       -0.0245      0.019     -1.278      0.202      -0.062       0.013
genre_Action                -0.0539      0.011     -4.763      0.000      -0.076      -0.032
genre_Adventure             -0.0092      0.012     -0.775      0.439      -0.033       0.014
genre_Animation             -0.0284      0.019     -1.477      0.140      -0.066       0.009
genre_Biography             -0.0908      0.015     -5.998      0.000      -0.120      -0.061
genre_Comedy                -0.0038      0.010     -0.373      0.709      -0.024       0.016
genre_Crime                 -0.0911      0.011     -8.322      0.000      -0.113      -0.070
genre_Drama                  0.0153      0.010      1.505      0.132      -0.005       0.035
genre_Family                 0.0760      0.015      4.954      0.000       0.046       0.106
genre_Fantasy                0.0045      0.014      0.332      0.740      -0.022       0.031
genre_History                0.0267      0.022      1.234      0.217      -0.016       0.069
genre_Horror                -0.0334      0.016     -2.150      0.032      -0.064      -0.003
genre_Music                  0.1156      0.021      5.607      0.000       0.075       0.156
genre_Musical                0.3289      0.046      7.220      0.000       0.240       0.418
genre_Mystery               -0.0641      0.013     -4.782      0.000      -0.090      -0.038
genre_News               -4.123e-18   9.49e-18     -0.434      0.664   -2.27e-17    1.45e-17
genre_Romance               -0.0199      0.011     -1.807      0.071      -0.041       0.002
genre_Sci_Fi                -0.0120      0.014     -0.843      0.399      -0.040       0.016
genre_Short               -2.27e-18   9.33e-18     -0.243      0.808   -2.06e-17     1.6e-17
genre_Sport                 -0.0483      0.022     -2.176      0.030      -0.092      -0.005
genre_Thriller              -0.0771      0.011     -6.771      0.000      -0.099      -0.055
genre_War                    0.0346      0.032      1.080      0.280      -0.028       0.098
genre_Western               -0.0782      0.060     -1.306      0.192      -0.196       0.039
==============================================================================
Omnibus:                     1513.955   Durbin-Watson:                   2.001
Prob(Omnibus):                  0.000   Jarque-Bera (JB):            12565.368
Skew:                           1.783   Prob(JB):                         0.00
Kurtosis:                      11.414   Cond. No.                     1.02e+16
==============================================================================

Notes:
[1] Standard Errors assume that the covariance matrix of the errors is correctly specified.
[2] The smallest eigenvalue is 5.75e-27. This might indicate that there are
strong multicollinearity problems or that the design matrix is singular.