                            OLS Regression Results                            
==============================================================================
Dep. Variable:              sd_pooled   R-squared:                       0.561
Model:                            OLS   Adj. R-squared:                  0.554
Method:                 Least Squares   F-statistic:                     78.85
Date:                Tue, 31 Mar 2026   Prob (F-statistic):               0.00
Time:                        19:00:50   Log-Likelihood:                 529.50
No. Observations:                4012   AIC:                            -929.0
Df Residuals:                    3947   BIC:                            -519.7
Df Model:                          64                                         
Covariance Type:            nonrobust                                         
============================================================================================
                               coef    std err          t      P>|t|      [0.025      0.975]
--------------------------------------------------------------------------------------------
const                        3.3813      0.049     69.695      0.000       3.286       3.476
FLead                        0.0473      0.008      5.884      0.000       0.032       0.063
mean_pooled                 -0.2342      0.004    -53.195      0.000      -0.243      -0.226
kim_violence_gore            0.0129      0.003      5.085      0.000       0.008       0.018
kim_sex_nudity               0.0102      0.002      4.924      0.000       0.006       0.014
kim_language                -0.0143      0.002     -7.665      0.000      -0.018      -0.011
major                       -0.0396      0.008     -4.926      0.000      -0.055      -0.024
log_bom_opening_theaters     0.0053      0.002      3.026      0.002       0.002       0.009
genres_count                -0.0104      0.007     -1.538      0.124      -0.024       0.003
yr_1993                     -0.0050      0.034     -0.145      0.885      -0.073       0.063
yr_1994                     -0.0006      0.035     -0.016      0.987      -0.070       0.068
yr_1995                      0.0446      0.035      1.285      0.199      -0.023       0.113
yr_1996                      0.0090      0.034      0.265      0.791      -0.058       0.076
yr_1997                      0.0120      0.035      0.345      0.730      -0.056       0.080
yr_1998                      0.0600      0.033      1.791      0.073      -0.006       0.126
yr_1999                      0.0623      0.033      1.910      0.056      -0.002       0.126
yr_2000                     -0.0065      0.034     -0.192      0.848      -0.072       0.059
yr_2001                      0.0596      0.033      1.804      0.071      -0.005       0.124
yr_2002                      0.0182      0.032      0.561      0.575      -0.045       0.082
yr_2003                      0.0030      0.033      0.092      0.927      -0.061       0.067
yr_2004                      0.0644      0.032      1.985      0.047       0.001       0.128
yr_2005                      0.0511      0.032      1.587      0.113      -0.012       0.114
yr_2006                      0.1011      0.032      3.164      0.002       0.038       0.164
yr_2007                      0.1135      0.032      3.562      0.000       0.051       0.176
yr_2008                      0.0549      0.032      1.711      0.087      -0.008       0.118
yr_2009                      0.0369      0.032      1.136      0.256      -0.027       0.101
yr_2010                      0.0311      0.032      0.962      0.336      -0.032       0.095
yr_2011                      0.0328      0.032      1.031      0.302      -0.030       0.095
yr_2012                      0.0174      0.032      0.548      0.584      -0.045       0.079
yr_2013                      0.0095      0.032      0.297      0.766      -0.053       0.072
yr_2014                      0.0424      0.032      1.317      0.188      -0.021       0.106
yr_2015                     -0.0294      0.032     -0.919      0.358      -0.092       0.033
yr_2016                     -0.0341      0.032     -1.058      0.290      -0.097       0.029
yr_2017                      0.0231      0.033      0.710      0.478      -0.041       0.087
yr_2018                      0.0157      0.033      0.482      0.630      -0.048       0.080
mo_2                         0.0077      0.019      0.395      0.693      -0.030       0.046
mo_3                        -0.0037      0.019     -0.199      0.842      -0.040       0.033
mo_4                         0.0012      0.019      0.064      0.949      -0.036       0.038
mo_5                        -0.0122      0.020     -0.616      0.538      -0.051       0.027
mo_6                        -0.0260      0.019     -1.335      0.182      -0.064       0.012
mo_7                        -0.0234      0.019     -1.239      0.216      -0.061       0.014
mo_8                        -0.0250      0.018     -1.368      0.171      -0.061       0.011
mo_9                        -0.0273      0.019     -1.470      0.142      -0.064       0.009
mo_10                       -0.0067      0.018     -0.369      0.712      -0.042       0.029
mo_11                       -0.0239      0.019     -1.270      0.204      -0.061       0.013
mo_12                       -0.0260      0.018     -1.436      0.151      -0.062       0.010
genre_Action                -0.0567      0.011     -5.347      0.000      -0.077      -0.036
genre_Adventure             -0.0060      0.011     -0.531      0.595      -0.028       0.016
genre_Animation             -0.0289      0.018     -1.606      0.108      -0.064       0.006
genre_Biography             -0.0902      0.014     -6.340      0.000      -0.118      -0.062
genre_Comedy                -0.0009      0.009     -0.100      0.920      -0.020       0.018
genre_Crime                 -0.0885      0.010     -8.635      0.000      -0.109      -0.068
genre_Drama                  0.0146      0.010      1.539      0.124      -0.004       0.033
genre_Family                 0.0697      0.015      4.781      0.000       0.041       0.098
genre_Fantasy                0.0052      0.013      0.411      0.681      -0.020       0.030
genre_History                0.0166      0.020      0.814      0.416      -0.023       0.057
genre_Horror                -0.0360      0.015     -2.466      0.014      -0.065      -0.007
genre_Music                  0.1132      0.019      5.921      0.000       0.076       0.151
genre_Musical                0.3202      0.043      7.409      0.000       0.235       0.405
genre_Mystery               -0.0584      0.013     -4.638      0.000      -0.083      -0.034
genre_News                3.475e-18   1.02e-17      0.339      0.734   -1.66e-17    2.35e-17
genre_Romance               -0.0157      0.010     -1.529      0.126      -0.036       0.004
genre_Sci_Fi                -0.0127      0.014     -0.933      0.351      -0.039       0.014
genre_Short              -6.249e-19   1.51e-18     -0.413      0.679   -3.59e-18    2.34e-18
genre_Sport                 -0.0395      0.021     -1.907      0.057      -0.080       0.001
genre_Thriller              -0.0730      0.011     -6.844      0.000      -0.094      -0.052
genre_War                    0.0084      0.029      0.289      0.773      -0.049       0.066
genre_Western               -0.0519      0.051     -1.007      0.314      -0.153       0.049
==============================================================================
Omnibus:                     1646.604   Durbin-Watson:                   2.009
Prob(Omnibus):                  0.000   Jarque-Bera (JB):            13297.867
Skew:                           1.749   Prob(JB):                         0.00
Kurtosis:                      11.204   Cond. No.                     1.02e+16
==============================================================================

Notes:
[1] Standard Errors assume that the covariance matrix of the errors is correctly specified.
[2] The smallest eigenvalue is 6.39e-27. This might indicate that there are
strong multicollinearity problems or that the design matrix is singular.