                            OLS Regression Results                            
==============================================================================
Dep. Variable:              sd_pooled   R-squared:                       0.560
Model:                            OLS   Adj. R-squared:                  0.553
Method:                 Least Squares   F-statistic:                     78.43
Date:                Tue, 31 Mar 2026   Prob (F-statistic):               0.00
Time:                        23:54:07   Log-Likelihood:                 523.49
No. Observations:                4012   AIC:                            -917.0
Df Residuals:                    3947   BIC:                            -507.7
Df Model:                          64                                         
Covariance Type:            nonrobust                                         
============================================================================================
                               coef    std err          t      P>|t|      [0.025      0.975]
--------------------------------------------------------------------------------------------
const                        3.4127      0.050     68.570      0.000       3.315       3.510
FLead                        0.0431      0.008      5.351      0.000       0.027       0.059
mean_pooled                 -0.2324      0.004    -52.670      0.000      -0.241      -0.224
kim_violence_gore           -0.0064      0.004     -1.733      0.083      -0.014       0.001
kim_sex_nudity               0.0138      0.002      6.935      0.000       0.010       0.018
kim_language                -0.0128      0.002     -6.979      0.000      -0.016      -0.009
major                       -0.0408      0.008     -5.066      0.000      -0.057      -0.025
log_bom_opening_theaters     0.0063      0.002      3.573      0.000       0.003       0.010
genres_count                -0.0041      0.007     -0.610      0.542      -0.017       0.009
yr_1993                      0.0041      0.035      0.118      0.906      -0.064       0.072
yr_1994                      0.0030      0.035      0.084      0.933      -0.066       0.072
yr_1995                      0.0526      0.035      1.513      0.130      -0.016       0.121
yr_1996                      0.0160      0.034      0.469      0.639      -0.051       0.083
yr_1997                      0.0233      0.035      0.672      0.502      -0.045       0.091
yr_1998                      0.0649      0.034      1.936      0.053      -0.001       0.131
yr_1999                      0.0719      0.033      2.202      0.028       0.008       0.136
yr_2000                      0.0005      0.034      0.014      0.989      -0.066       0.066
yr_2001                      0.0732      0.033      2.212      0.027       0.008       0.138
yr_2002                      0.0286      0.033      0.878      0.380      -0.035       0.093
yr_2003                      0.0121      0.033      0.368      0.713      -0.052       0.076
yr_2004                      0.0762      0.033      2.342      0.019       0.012       0.140
yr_2005                      0.0645      0.032      1.996      0.046       0.001       0.128
yr_2006                      0.1152      0.032      3.599      0.000       0.052       0.178
yr_2007                      0.1284      0.032      4.026      0.000       0.066       0.191
yr_2008                      0.0685      0.032      2.129      0.033       0.005       0.132
yr_2009                      0.0481      0.033      1.478      0.139      -0.016       0.112
yr_2010                      0.0429      0.032      1.324      0.186      -0.021       0.106
yr_2011                      0.0455      0.032      1.425      0.154      -0.017       0.108
yr_2012                      0.0312      0.032      0.979      0.327      -0.031       0.094
yr_2013                      0.0234      0.032      0.732      0.464      -0.039       0.086
yr_2014                      0.0515      0.032      1.592      0.112      -0.012       0.115
yr_2015                     -0.0223      0.032     -0.692      0.489      -0.085       0.041
yr_2016                     -0.0228      0.032     -0.703      0.482      -0.086       0.041
yr_2017                      0.0312      0.033      0.954      0.340      -0.033       0.095
yr_2018                      0.0275      0.033      0.839      0.402      -0.037       0.092
mo_2                         0.0073      0.019      0.372      0.710      -0.031       0.045
mo_3                        -0.0041      0.019     -0.223      0.823      -0.041       0.032
mo_4                         0.0025      0.019      0.135      0.893      -0.034       0.039
mo_5                        -0.0131      0.020     -0.662      0.508      -0.052       0.026
mo_6                        -0.0261      0.019     -1.338      0.181      -0.064       0.012
mo_7                        -0.0245      0.019     -1.294      0.196      -0.062       0.013
mo_8                        -0.0264      0.018     -1.447      0.148      -0.062       0.009
mo_9                        -0.0292      0.019     -1.569      0.117      -0.066       0.007
mo_10                       -0.0054      0.018     -0.298      0.766      -0.041       0.030
mo_11                       -0.0238      0.019     -1.264      0.206      -0.061       0.013
mo_12                       -0.0244      0.018     -1.345      0.179      -0.060       0.011
genre_Action                -0.0436      0.010     -4.190      0.000      -0.064      -0.023
genre_Adventure             -0.0031      0.011     -0.275      0.783      -0.025       0.019
genre_Animation             -0.0373      0.018     -2.082      0.037      -0.072      -0.002
genre_Biography             -0.0972      0.014     -6.828      0.000      -0.125      -0.069
genre_Comedy                -0.0214      0.009     -2.389      0.017      -0.039      -0.004
genre_Crime                 -0.0818      0.010     -8.009      0.000      -0.102      -0.062
genre_Drama                  0.0072      0.009      0.766      0.444      -0.011       0.026
genre_Family                 0.0618      0.015      4.247      0.000       0.033       0.090
genre_Fantasy                0.0068      0.013      0.537      0.591      -0.018       0.032
genre_History                0.0250      0.020      1.222      0.222      -0.015       0.065
genre_Horror                -0.0100      0.014     -0.728      0.466      -0.037       0.017
genre_Music                  0.0955      0.019      5.035      0.000       0.058       0.133
genre_Musical                0.3095      0.043      7.154      0.000       0.225       0.394
genre_Mystery               -0.0590      0.013     -4.676      0.000      -0.084      -0.034
genre_News                1.709e-17   6.64e-18      2.574      0.010    4.07e-18    3.01e-17
genre_Romance               -0.0347      0.010     -3.474      0.001      -0.054      -0.015
genre_Sci_Fi                -0.0106      0.014     -0.780      0.436      -0.037       0.016
genre_Short              -9.201e-18   4.95e-18     -1.860      0.063   -1.89e-17    4.99e-19
genre_Sport                 -0.0428      0.021     -2.064      0.039      -0.083      -0.002
genre_Thriller              -0.0714      0.011     -6.689      0.000      -0.092      -0.050
genre_War                    0.0331      0.029      1.141      0.254      -0.024       0.090
genre_Western               -0.0301      0.051     -0.584      0.559      -0.131       0.071
==============================================================================
Omnibus:                     1666.122   Durbin-Watson:                   2.005
Prob(Omnibus):                  0.000   Jarque-Bera (JB):            13800.053
Skew:                           1.766   Prob(JB):                         0.00
Kurtosis:                      11.371   Cond. No.                     1.02e+16
==============================================================================

Notes:
[1] Standard Errors assume that the covariance matrix of the errors is correctly specified.
[2] The smallest eigenvalue is 5.88e-27. This might indicate that there are
strong multicollinearity problems or that the design matrix is singular.