                            OLS Regression Results                            
==============================================================================
Dep. Variable:              sd_pooled   R-squared:                       0.559
Model:                            OLS   Adj. R-squared:                  0.552
Method:                 Least Squares   F-statistic:                     78.27
Date:                Tue, 31 Mar 2026   Prob (F-statistic):               0.00
Time:                        23:36:27   Log-Likelihood:                 521.09
No. Observations:                4012   AIC:                            -912.2
Df Residuals:                    3947   BIC:                            -502.9
Df Model:                          64                                         
Covariance Type:            nonrobust                                         
============================================================================================
                               coef    std err          t      P>|t|      [0.025      0.975]
--------------------------------------------------------------------------------------------
const                        3.4039      0.049     69.811      0.000       3.308       3.500
FLead                        0.0527      0.008      6.578      0.000       0.037       0.068
mean_pooled                 -0.2367      0.004    -53.844      0.000      -0.245      -0.228
kim_violence_gore            0.0097      0.003      3.848      0.000       0.005       0.015
kim_sex_nudity               0.0098      0.002      4.879      0.000       0.006       0.014
kim_language                -0.0145      0.002     -6.243      0.000      -0.019      -0.010
major                       -0.0374      0.008     -4.646      0.000      -0.053      -0.022
log_bom_opening_theaters     0.0056      0.002      3.146      0.002       0.002       0.009
genres_count                -0.0080      0.007     -1.182      0.237      -0.021       0.005
yr_1993                     -0.0043      0.035     -0.125      0.901      -0.072       0.063
yr_1994                      0.0015      0.035      0.042      0.967      -0.068       0.071
yr_1995                      0.0376      0.035      1.081      0.280      -0.031       0.106
yr_1996                      0.0038      0.034      0.111      0.912      -0.063       0.071
yr_1997                      0.0067      0.035      0.192      0.848      -0.061       0.075
yr_1998                      0.0514      0.034      1.534      0.125      -0.014       0.117
yr_1999                      0.0532      0.033      1.629      0.103      -0.011       0.117
yr_2000                     -0.0145      0.034     -0.430      0.667      -0.080       0.051
yr_2001                      0.0564      0.033      1.703      0.089      -0.009       0.121
yr_2002                      0.0161      0.033      0.496      0.620      -0.048       0.080
yr_2003                      0.0007      0.033      0.023      0.982      -0.063       0.065
yr_2004                      0.0675      0.033      2.073      0.038       0.004       0.131
yr_2005                      0.0507      0.032      1.570      0.117      -0.013       0.114
yr_2006                      0.1025      0.032      3.195      0.001       0.040       0.165
yr_2007                      0.1153      0.032      3.608      0.000       0.053       0.178
yr_2008                      0.0549      0.032      1.708      0.088      -0.008       0.118
yr_2009                      0.0350      0.033      1.074      0.283      -0.029       0.099
yr_2010                      0.0262      0.032      0.808      0.419      -0.037       0.090
yr_2011                      0.0318      0.032      0.996      0.319      -0.031       0.094
yr_2012                      0.0120      0.032      0.378      0.705      -0.050       0.074
yr_2013                      0.0021      0.032      0.065      0.948      -0.061       0.065
yr_2014                      0.0308      0.032      0.954      0.340      -0.032       0.094
yr_2015                     -0.0414      0.032     -1.293      0.196      -0.104       0.021
yr_2016                     -0.0438      0.032     -1.357      0.175      -0.107       0.019
yr_2017                      0.0123      0.033      0.378      0.706      -0.052       0.076
yr_2018                      0.0050      0.033      0.153      0.878      -0.059       0.069
mo_2                         0.0112      0.020      0.573      0.567      -0.027       0.049
mo_3                        -0.0050      0.019     -0.272      0.786      -0.041       0.031
mo_4                         0.0039      0.019      0.209      0.835      -0.033       0.041
mo_5                        -0.0088      0.020     -0.445      0.656      -0.048       0.030
mo_6                        -0.0238      0.020     -1.222      0.222      -0.062       0.014
mo_7                        -0.0226      0.019     -1.193      0.233      -0.060       0.015
mo_8                        -0.0256      0.018     -1.397      0.162      -0.061       0.010
mo_9                        -0.0273      0.019     -1.468      0.142      -0.064       0.009
mo_10                       -0.0074      0.018     -0.404      0.686      -0.043       0.028
mo_11                       -0.0219      0.019     -1.165      0.244      -0.059       0.015
mo_12                       -0.0250      0.018     -1.378      0.168      -0.061       0.011
genre_Action                -0.0558      0.011     -5.241      0.000      -0.077      -0.035
genre_Adventure             -0.0013      0.011     -0.112      0.911      -0.023       0.021
genre_Animation             -0.0234      0.018     -1.302      0.193      -0.059       0.012
genre_Biography             -0.0954      0.014     -6.689      0.000      -0.123      -0.067
genre_Comedy                -0.0127      0.009     -1.351      0.177      -0.031       0.006
genre_Crime                 -0.1013      0.010    -10.029      0.000      -0.121      -0.081
genre_Drama                  0.0105      0.010      1.107      0.269      -0.008       0.029
genre_Family                 0.0720      0.015      4.919      0.000       0.043       0.101
genre_Fantasy                0.0090      0.013      0.714      0.475      -0.016       0.034
genre_History                0.0288      0.020      1.413      0.158      -0.011       0.069
genre_Horror                -0.0362      0.015     -2.473      0.013      -0.065      -0.008
genre_Music                  0.1032      0.019      5.391      0.000       0.066       0.141
genre_Musical                0.3298      0.043      7.621      0.000       0.245       0.415
genre_Mystery               -0.0575      0.013     -4.561      0.000      -0.082      -0.033
genre_News               -1.064e-18   8.91e-18     -0.119      0.905   -1.85e-17    1.64e-17
genre_Romance               -0.0172      0.010     -1.665      0.096      -0.037       0.003
genre_Sci_Fi                -0.0103      0.014     -0.753      0.451      -0.037       0.016
genre_Short               6.482e-19   2.34e-18      0.277      0.782   -3.95e-18    5.24e-18
genre_Sport                 -0.0386      0.021     -1.855      0.064      -0.079       0.002
genre_Thriller              -0.0794      0.011     -7.465      0.000      -0.100      -0.059
genre_War                    0.0080      0.029      0.273      0.785      -0.049       0.065
genre_Western               -0.0404      0.052     -0.782      0.434      -0.142       0.061
==============================================================================
Omnibus:                     1679.807   Durbin-Watson:                   2.013
Prob(Omnibus):                  0.000   Jarque-Bera (JB):            13970.691
Skew:                           1.782   Prob(JB):                         0.00
Kurtosis:                      11.418   Cond. No.                     1.02e+16
==============================================================================

Notes:
[1] Standard Errors assume that the covariance matrix of the errors is correctly specified.
[2] The smallest eigenvalue is 6.02e-27. This might indicate that there are
strong multicollinearity problems or that the design matrix is singular.