                            OLS Regression Results                            
==============================================================================
Dep. Variable:              sd_pooled   R-squared:                       0.557
Model:                            OLS   Adj. R-squared:                  0.550
Method:                 Least Squares   F-statistic:                     77.62
Date:                Tue, 31 Mar 2026   Prob (F-statistic):               0.00
Time:                        23:38:32   Log-Likelihood:                 511.73
No. Observations:                4012   AIC:                            -893.5
Df Residuals:                    3947   BIC:                            -484.2
Df Model:                          64                                         
Covariance Type:            nonrobust                                         
============================================================================================
                               coef    std err          t      P>|t|      [0.025      0.975]
--------------------------------------------------------------------------------------------
const                        3.3935      0.049     69.501      0.000       3.298       3.489
FLead                        0.0529      0.008      6.586      0.000       0.037       0.069
mean_pooled                 -0.2367      0.004    -53.705      0.000      -0.245      -0.228
kim_violence_gore            0.0089      0.003      3.527      0.000       0.004       0.014
kim_sex_nudity               0.0087      0.002      4.319      0.000       0.005       0.013
kim_language                -0.0107      0.002     -4.519      0.000      -0.015      -0.006
major                       -0.0370      0.008     -4.583      0.000      -0.053      -0.021
log_bom_opening_theaters     0.0055      0.002      3.098      0.002       0.002       0.009
genres_count                -0.0068      0.007     -1.005      0.315      -0.020       0.007
yr_1993                     -0.0043      0.035     -0.123      0.902      -0.072       0.064
yr_1994                  -4.009e-05      0.035     -0.001      0.999      -0.069       0.069
yr_1995                      0.0396      0.035      1.136      0.256      -0.029       0.108
yr_1996                      0.0037      0.034      0.108      0.914      -0.063       0.071
yr_1997                      0.0051      0.035      0.145      0.885      -0.063       0.073
yr_1998                      0.0530      0.034      1.577      0.115      -0.013       0.119
yr_1999                      0.0524      0.033      1.601      0.110      -0.012       0.117
yr_2000                     -0.0148      0.034     -0.437      0.662      -0.081       0.051
yr_2001                      0.0572      0.033      1.721      0.085      -0.008       0.122
yr_2002                      0.0168      0.033      0.515      0.607      -0.047       0.081
yr_2003                      0.0010      0.033      0.031      0.975      -0.063       0.065
yr_2004                      0.0670      0.033      2.053      0.040       0.003       0.131
yr_2005                      0.0521      0.032      1.608      0.108      -0.011       0.116
yr_2006                      0.1028      0.032      3.195      0.001       0.040       0.166
yr_2007                      0.1153      0.032      3.597      0.000       0.052       0.178
yr_2008                      0.0522      0.032      1.618      0.106      -0.011       0.115
yr_2009                      0.0347      0.033      1.061      0.289      -0.029       0.099
yr_2010                      0.0259      0.033      0.796      0.426      -0.038       0.090
yr_2011                      0.0327      0.032      1.020      0.308      -0.030       0.095
yr_2012                      0.0129      0.032      0.404      0.686      -0.050       0.075
yr_2013                      0.0048      0.032      0.150      0.881      -0.058       0.068
yr_2014                      0.0310      0.032      0.959      0.338      -0.032       0.094
yr_2015                     -0.0408      0.032     -1.269      0.204      -0.104       0.022
yr_2016                     -0.0428      0.032     -1.323      0.186      -0.106       0.021
yr_2017                      0.0129      0.033      0.393      0.694      -0.051       0.077
yr_2018                      0.0051      0.033      0.157      0.876      -0.059       0.069
mo_2                         0.0111      0.020      0.568      0.570      -0.027       0.049
mo_3                        -0.0043      0.019     -0.231      0.818      -0.041       0.032
mo_4                         0.0024      0.019      0.128      0.898      -0.034       0.039
mo_5                        -0.0085      0.020     -0.430      0.667      -0.047       0.030
mo_6                        -0.0242      0.020     -1.239      0.216      -0.063       0.014
mo_7                        -0.0229      0.019     -1.207      0.228      -0.060       0.014
mo_8                        -0.0244      0.018     -1.332      0.183      -0.060       0.012
mo_9                        -0.0286      0.019     -1.532      0.126      -0.065       0.008
mo_10                       -0.0096      0.018     -0.525      0.599      -0.046       0.026
mo_11                       -0.0210      0.019     -1.112      0.266      -0.058       0.016
mo_12                       -0.0248      0.018     -1.359      0.174      -0.060       0.011
genre_Action                -0.0553      0.011     -5.182      0.000      -0.076      -0.034
genre_Adventure              0.0001      0.011      0.012      0.991      -0.022       0.022
genre_Animation             -0.0206      0.018     -1.142      0.253      -0.056       0.015
genre_Biography             -0.0949      0.014     -6.633      0.000      -0.123      -0.067
genre_Comedy                -0.0135      0.009     -1.435      0.151      -0.032       0.005
genre_Crime                 -0.1012      0.010     -9.978      0.000      -0.121      -0.081
genre_Drama                  0.0101      0.010      1.062      0.288      -0.009       0.029
genre_Family                 0.0761      0.015      5.193      0.000       0.047       0.105
genre_Fantasy                0.0108      0.013      0.851      0.395      -0.014       0.036
genre_History                0.0280      0.020      1.371      0.171      -0.012       0.068
genre_Horror                -0.0378      0.015     -2.574      0.010      -0.067      -0.009
genre_Music                  0.1030      0.019      5.368      0.000       0.065       0.141
genre_Musical                0.3269      0.043      7.533      0.000       0.242       0.412
genre_Mystery               -0.0561      0.013     -4.427      0.000      -0.081      -0.031
genre_News                7.282e-18   2.86e-17      0.255      0.799   -4.88e-17    6.34e-17
genre_Romance               -0.0172      0.010     -1.664      0.096      -0.038       0.003
genre_Sci_Fi                -0.0134      0.014     -0.984      0.325      -0.040       0.013
genre_Short               1.812e-17   3.91e-17      0.463      0.643   -5.86e-17    9.48e-17
genre_Sport                 -0.0392      0.021     -1.881      0.060      -0.080       0.002
genre_Thriller              -0.0803      0.011     -7.528      0.000      -0.101      -0.059
genre_War                    0.0070      0.029      0.238      0.812      -0.050       0.064
genre_Western               -0.0395      0.052     -0.763      0.446      -0.141       0.062
==============================================================================
Omnibus:                     1684.803   Durbin-Watson:                   2.005
Prob(Omnibus):                  0.000   Jarque-Bera (JB):            14188.881
Skew:                           1.784   Prob(JB):                         0.00
Kurtosis:                      11.494   Cond. No.                     1.02e+16
==============================================================================

Notes:
[1] Standard Errors assume that the covariance matrix of the errors is correctly specified.
[2] The smallest eigenvalue is 6.01e-27. This might indicate that there are
strong multicollinearity problems or that the design matrix is singular.