                            OLS Regression Results                            
==============================================================================
Dep. Variable:              sd_pooled   R-squared:                       0.561
Model:                            OLS   Adj. R-squared:                  0.553
Method:                 Least Squares   F-statistic:                     78.66
Date:                Tue, 31 Mar 2026   Prob (F-statistic):               0.00
Time:                        15:05:17   Log-Likelihood:                 526.74
No. Observations:                4012   AIC:                            -923.5
Df Residuals:                    3947   BIC:                            -514.2
Df Model:                          64                                         
Covariance Type:            nonrobust                                         
============================================================================================
                               coef    std err          t      P>|t|      [0.025      0.975]
--------------------------------------------------------------------------------------------
const                        3.3887      0.048     70.019      0.000       3.294       3.484
FLead                        0.0459      0.008      5.699      0.000       0.030       0.062
mean_pooled                 -0.2328      0.004    -52.794      0.000      -0.241      -0.224
kim_violence_gore            0.0062      0.002      3.065      0.002       0.002       0.010
kim_sex_nudity               0.0129      0.002      6.457      0.000       0.009       0.017
kim_language                -0.0144      0.002     -7.622      0.000      -0.018      -0.011
major                       -0.0400      0.008     -4.962      0.000      -0.056      -0.024
log_bom_opening_theaters     0.0056      0.002      3.139      0.002       0.002       0.009
genres_count                -0.0071      0.007     -1.047      0.295      -0.020       0.006
yr_1993                  -8.354e-05      0.034     -0.002      0.998      -0.068       0.067
yr_1994                      0.0008      0.035      0.023      0.981      -0.068       0.070
yr_1995                      0.0499      0.035      1.438      0.150      -0.018       0.118
yr_1996                      0.0139      0.034      0.409      0.683      -0.053       0.081
yr_1997                      0.0190      0.035      0.549      0.583      -0.049       0.087
yr_1998                      0.0615      0.033      1.837      0.066      -0.004       0.127
yr_1999                      0.0660      0.033      2.025      0.043       0.002       0.130
yr_2000                     -0.0041      0.034     -0.122      0.903      -0.070       0.062
yr_2001                      0.0640      0.033      1.941      0.052      -0.001       0.129
yr_2002                      0.0220      0.032      0.676      0.499      -0.042       0.086
yr_2003                      0.0062      0.033      0.188      0.851      -0.058       0.070
yr_2004                      0.0679      0.032      2.094      0.036       0.004       0.132
yr_2005                      0.0556      0.032      1.730      0.084      -0.007       0.119
yr_2006                      0.1054      0.032      3.301      0.001       0.043       0.168
yr_2007                      0.1191      0.032      3.746      0.000       0.057       0.181
yr_2008                      0.0588      0.032      1.835      0.067      -0.004       0.122
yr_2009                      0.0379      0.032      1.168      0.243      -0.026       0.102
yr_2010                      0.0352      0.032      1.090      0.276      -0.028       0.099
yr_2011                      0.0381      0.032      1.198      0.231      -0.024       0.100
yr_2012                      0.0231      0.032      0.731      0.465      -0.039       0.085
yr_2013                      0.0144      0.032      0.451      0.652      -0.048       0.077
yr_2014                      0.0453      0.032      1.405      0.160      -0.018       0.108
yr_2015                     -0.0278      0.032     -0.868      0.386      -0.091       0.035
yr_2016                     -0.0291      0.032     -0.903      0.367      -0.092       0.034
yr_2017                      0.0267      0.033      0.819      0.413      -0.037       0.091
yr_2018                      0.0199      0.033      0.607      0.544      -0.044       0.084
mo_2                         0.0069      0.019      0.352      0.725      -0.031       0.045
mo_3                        -0.0045      0.019     -0.240      0.810      -0.041       0.032
mo_4                         0.0017      0.019      0.089      0.929      -0.035       0.038
mo_5                        -0.0126      0.020     -0.640      0.522      -0.051       0.026
mo_6                        -0.0261      0.019     -1.339      0.181      -0.064       0.012
mo_7                        -0.0243      0.019     -1.285      0.199      -0.061       0.013
mo_8                        -0.0262      0.018     -1.435      0.151      -0.062       0.010
mo_9                        -0.0281      0.019     -1.511      0.131      -0.065       0.008
mo_10                       -0.0057      0.018     -0.312      0.755      -0.041       0.030
mo_11                       -0.0237      0.019     -1.262      0.207      -0.061       0.013
mo_12                       -0.0254      0.018     -1.400      0.162      -0.061       0.010
genre_Action                -0.0486      0.010     -4.643      0.000      -0.069      -0.028
genre_Adventure             -0.0048      0.011     -0.425      0.671      -0.027       0.017
genre_Animation             -0.0333      0.018     -1.856      0.063      -0.068       0.002
genre_Biography             -0.0946      0.014     -6.642      0.000      -0.122      -0.067
genre_Comedy                -0.0137      0.009     -1.503      0.133      -0.032       0.004
genre_Crime                 -0.0849      0.010     -8.318      0.000      -0.105      -0.065
genre_Drama                  0.0092      0.009      0.978      0.328      -0.009       0.028
genre_Family                 0.0660      0.015      4.546      0.000       0.038       0.094
genre_Fantasy                0.0053      0.013      0.422      0.673      -0.019       0.030
genre_History                0.0220      0.020      1.077      0.282      -0.018       0.062
genre_Horror                -0.0184      0.014     -1.316      0.188      -0.046       0.009
genre_Music                  0.1025      0.019      5.396      0.000       0.065       0.140
genre_Musical                0.3131      0.043      7.244      0.000       0.228       0.398
genre_Mystery               -0.0598      0.013     -4.748      0.000      -0.085      -0.035
genre_News                1.943e-18   5.45e-18      0.356      0.722   -8.75e-18    1.26e-17
genre_Romance               -0.0271      0.010     -2.699      0.007      -0.047      -0.007
genre_Sci_Fi                -0.0125      0.014     -0.924      0.356      -0.039       0.014
genre_Short               1.546e-18   1.06e-18      1.453      0.146    -5.4e-19    3.63e-18
genre_Sport                 -0.0418      0.021     -2.019      0.044      -0.082      -0.001
genre_Thriller              -0.0731      0.011     -6.856      0.000      -0.094      -0.052
genre_War                    0.0236      0.029      0.815      0.415      -0.033       0.080
genre_Western               -0.0363      0.051     -0.705      0.481      -0.137       0.065
==============================================================================
Omnibus:                     1656.282   Durbin-Watson:                   2.003
Prob(Omnibus):                  0.000   Jarque-Bera (JB):            13556.461
Skew:                           1.757   Prob(JB):                         0.00
Kurtosis:                      11.291   Cond. No.                     1.02e+16
==============================================================================

Notes:
[1] Standard Errors assume that the covariance matrix of the errors is correctly specified.
[2] The smallest eigenvalue is 6.38e-27. This might indicate that there are
strong multicollinearity problems or that the design matrix is singular.