                            OLS Regression Results                            
==============================================================================
Dep. Variable:              sd_pooled   R-squared:                       0.560
Model:                            OLS   Adj. R-squared:                  0.553
Method:                 Least Squares   F-statistic:                     78.64
Date:                Tue, 31 Mar 2026   Prob (F-statistic):               0.00
Time:                        19:23:45   Log-Likelihood:                 526.45
No. Observations:                4012   AIC:                            -922.9
Df Residuals:                    3947   BIC:                            -513.6
Df Model:                          64                                         
Covariance Type:            nonrobust                                         
============================================================================================
                               coef    std err          t      P>|t|      [0.025      0.975]
--------------------------------------------------------------------------------------------
const                        3.3857      0.049     69.713      0.000       3.290       3.481
FLead                        0.0483      0.008      6.003      0.000       0.033       0.064
mean_pooled                 -0.2346      0.004    -53.268      0.000      -0.243      -0.226
kim_violence_gore            0.0133      0.003      5.232      0.000       0.008       0.018
kim_sex_nudity               0.0089      0.002      4.269      0.000       0.005       0.013
kim_language                -0.0135      0.002     -7.357      0.000      -0.017      -0.010
major                       -0.0394      0.008     -4.893      0.000      -0.055      -0.024
log_bom_opening_theaters     0.0052      0.002      2.940      0.003       0.002       0.009
genres_count                -0.0112      0.007     -1.654      0.098      -0.024       0.002
yr_1993                     -0.0064      0.035     -0.185      0.853      -0.074       0.061
yr_1994                     -0.0013      0.035     -0.036      0.971      -0.070       0.068
yr_1995                      0.0427      0.035      1.228      0.219      -0.025       0.111
yr_1996                      0.0060      0.034      0.175      0.861      -0.061       0.073
yr_1997                      0.0105      0.035      0.303      0.762      -0.058       0.079
yr_1998                      0.0581      0.034      1.735      0.083      -0.008       0.124
yr_1999                      0.0608      0.033      1.864      0.062      -0.003       0.125
yr_2000                     -0.0051      0.034     -0.152      0.879      -0.071       0.061
yr_2001                      0.0580      0.033      1.755      0.079      -0.007       0.123
yr_2002                      0.0177      0.032      0.546      0.585      -0.046       0.081
yr_2003                      0.0032      0.033      0.098      0.922      -0.061       0.067
yr_2004                      0.0658      0.032      2.025      0.043       0.002       0.129
yr_2005                      0.0509      0.032      1.579      0.114      -0.012       0.114
yr_2006                      0.1016      0.032      3.176      0.002       0.039       0.164
yr_2007                      0.1134      0.032      3.555      0.000       0.051       0.176
yr_2008                      0.0555      0.032      1.730      0.084      -0.007       0.118
yr_2009                      0.0367      0.032      1.130      0.258      -0.027       0.100
yr_2010                      0.0310      0.032      0.957      0.339      -0.033       0.095
yr_2011                      0.0334      0.032      1.049      0.294      -0.029       0.096
yr_2012                      0.0169      0.032      0.532      0.595      -0.045       0.079
yr_2013                      0.0093      0.032      0.291      0.771      -0.053       0.072
yr_2014                      0.0403      0.032      1.249      0.212      -0.023       0.104
yr_2015                     -0.0292      0.032     -0.912      0.362      -0.092       0.034
yr_2016                     -0.0343      0.032     -1.063      0.288      -0.098       0.029
yr_2017                      0.0222      0.033      0.682      0.495      -0.042       0.086
yr_2018                      0.0151      0.033      0.460      0.645      -0.049       0.079
mo_2                         0.0094      0.019      0.482      0.630      -0.029       0.048
mo_3                        -0.0026      0.019     -0.140      0.888      -0.039       0.034
mo_4                         0.0014      0.019      0.074      0.941      -0.035       0.038
mo_5                        -0.0118      0.020     -0.596      0.551      -0.051       0.027
mo_6                        -0.0249      0.019     -1.278      0.201      -0.063       0.013
mo_7                        -0.0224      0.019     -1.185      0.236      -0.060       0.015
mo_8                        -0.0251      0.018     -1.373      0.170      -0.061       0.011
mo_9                        -0.0265      0.019     -1.427      0.154      -0.063       0.010
mo_10                       -0.0066      0.018     -0.361      0.718      -0.042       0.029
mo_11                       -0.0216      0.019     -1.153      0.249      -0.058       0.015
mo_12                       -0.0259      0.018     -1.429      0.153      -0.062       0.010
genre_Action                -0.0578      0.011     -5.454      0.000      -0.079      -0.037
genre_Adventure             -0.0074      0.011     -0.656      0.512      -0.029       0.015
genre_Animation             -0.0307      0.018     -1.705      0.088      -0.066       0.005
genre_Biography             -0.0907      0.014     -6.368      0.000      -0.119      -0.063
genre_Comedy                -0.0010      0.010     -0.101      0.919      -0.020       0.018
genre_Crime                 -0.0880      0.010     -8.580      0.000      -0.108      -0.068
genre_Drama                  0.0146      0.010      1.538      0.124      -0.004       0.033
genre_Family                 0.0689      0.015      4.725      0.000       0.040       0.098
genre_Fantasy                0.0052      0.013      0.414      0.679      -0.020       0.030
genre_History                0.0180      0.020      0.880      0.379      -0.022       0.058
genre_Horror                -0.0379      0.015     -2.600      0.009      -0.067      -0.009
genre_Music                  0.1142      0.019      5.966      0.000       0.077       0.152
genre_Musical                0.3218      0.043      7.440      0.000       0.237       0.407
genre_Mystery               -0.0577      0.013     -4.584      0.000      -0.082      -0.033
genre_News                -7.68e-19   5.39e-18     -0.142      0.887   -1.13e-17     9.8e-18
genre_Romance               -0.0136      0.010     -1.324      0.186      -0.034       0.007
genre_Sci_Fi                -0.0125      0.014     -0.917      0.359      -0.039       0.014
genre_Short              -4.513e-18   3.23e-18     -1.398      0.162   -1.08e-17    1.82e-18
genre_Sport                 -0.0385      0.021     -1.854      0.064      -0.079       0.002
genre_Thriller              -0.0741      0.011     -6.947      0.000      -0.095      -0.053
genre_War                    0.0079      0.029      0.270      0.787      -0.049       0.065
genre_Western               -0.0520      0.052     -1.008      0.313      -0.153       0.049
==============================================================================
Omnibus:                     1648.254   Durbin-Watson:                   2.008
Prob(Omnibus):                  0.000   Jarque-Bera (JB):            13285.644
Skew:                           1.752   Prob(JB):                         0.00
Kurtosis:                      11.197   Cond. No.                     1.02e+16
==============================================================================

Notes:
[1] Standard Errors assume that the covariance matrix of the errors is correctly specified.
[2] The smallest eigenvalue is 6.4e-27. This might indicate that there are
strong multicollinearity problems or that the design matrix is singular.