                            OLS Regression Results                            
==============================================================================
Dep. Variable:              sd_pooled   R-squared:                       0.563
Model:                            OLS   Adj. R-squared:                  0.556
Method:                 Least Squares   F-statistic:                     79.34
Date:                Tue, 31 Mar 2026   Prob (F-statistic):               0.00
Time:                        16:44:38   Log-Likelihood:                 536.44
No. Observations:                4012   AIC:                            -942.9
Df Residuals:                    3947   BIC:                            -533.6
Df Model:                          64                                         
Covariance Type:            nonrobust                                         
============================================================================================
                               coef    std err          t      P>|t|      [0.025      0.975]
--------------------------------------------------------------------------------------------
const                        3.3627      0.049     69.080      0.000       3.267       3.458
FLead                        0.0474      0.008      5.903      0.000       0.032       0.063
mean_pooled                 -0.2320      0.004    -52.186      0.000      -0.241      -0.223
kim_violence_gore            0.0117      0.003      4.585      0.000       0.007       0.017
kim_sex_nudity               0.0116      0.002      5.740      0.000       0.008       0.016
kim_language                -0.0147      0.002     -7.873      0.000      -0.018      -0.011
major                       -0.0417      0.008     -5.211      0.000      -0.057      -0.026
log_bom_opening_theaters     0.0069      0.002      3.959      0.000       0.003       0.010
genres_count                -0.0096      0.007     -1.415      0.157      -0.023       0.004
yr_1993                     -0.0070      0.034     -0.203      0.839      -0.074       0.060
yr_1994                     -0.0046      0.035     -0.132      0.895      -0.074       0.064
yr_1995                      0.0465      0.035      1.341      0.180      -0.021       0.114
yr_1996                      0.0071      0.034      0.208      0.835      -0.060       0.074
yr_1997                      0.0137      0.035      0.397      0.692      -0.054       0.082
yr_1998                      0.0583      0.033      1.744      0.081      -0.007       0.124
yr_1999                      0.0600      0.033      1.844      0.065      -0.004       0.124
yr_2000                     -0.0069      0.034     -0.204      0.838      -0.073       0.059
yr_2001                      0.0572      0.033      1.733      0.083      -0.007       0.122
yr_2002                      0.0171      0.032      0.526      0.599      -0.046       0.081
yr_2003                      0.0005      0.033      0.015      0.988      -0.063       0.064
yr_2004                      0.0600      0.032      1.852      0.064      -0.004       0.124
yr_2005                      0.0492      0.032      1.531      0.126      -0.014       0.112
yr_2006                      0.0971      0.032      3.039      0.002       0.034       0.160
yr_2007                      0.1126      0.032      3.540      0.000       0.050       0.175
yr_2008                      0.0522      0.032      1.629      0.103      -0.011       0.115
yr_2009                      0.0330      0.032      1.017      0.309      -0.031       0.097
yr_2010                      0.0274      0.032      0.846      0.398      -0.036       0.091
yr_2011                      0.0295      0.032      0.927      0.354      -0.033       0.092
yr_2012                      0.0153      0.032      0.483      0.629      -0.047       0.077
yr_2013                      0.0068      0.032      0.215      0.830      -0.056       0.069
yr_2014                      0.0402      0.032      1.249      0.212      -0.023       0.103
yr_2015                     -0.0312      0.032     -0.976      0.329      -0.094       0.031
yr_2016                     -0.0350      0.032     -1.086      0.278      -0.098       0.028
yr_2017                      0.0219      0.033      0.673      0.501      -0.042       0.086
yr_2018                      0.0157      0.033      0.482      0.630      -0.048       0.080
mo_2                         0.0091      0.019      0.468      0.640      -0.029       0.047
mo_3                        -0.0056      0.018     -0.302      0.762      -0.042       0.031
mo_4                         0.0015      0.019      0.079      0.937      -0.035       0.038
mo_5                        -0.0124      0.020     -0.629      0.529      -0.051       0.026
mo_6                        -0.0245      0.019     -1.258      0.209      -0.063       0.014
mo_7                        -0.0227      0.019     -1.203      0.229      -0.060       0.014
mo_8                        -0.0252      0.018     -1.382      0.167      -0.061       0.011
mo_9                        -0.0276      0.019     -1.490      0.136      -0.064       0.009
mo_10                       -0.0079      0.018     -0.436      0.663      -0.044       0.028
mo_11                       -0.0236      0.019     -1.258      0.208      -0.060       0.013
mo_12                       -0.0276      0.018     -1.532      0.126      -0.063       0.008
genre_Action                -0.0548      0.011     -5.175      0.000      -0.076      -0.034
genre_Adventure             -0.0053      0.011     -0.468      0.640      -0.027       0.017
genre_Animation             -0.0292      0.018     -1.629      0.103      -0.064       0.006
genre_Biography             -0.0918      0.014     -6.466      0.000      -0.120      -0.064
genre_Comedy                -0.0024      0.010     -0.254      0.799      -0.021       0.016
genre_Crime                 -0.0895      0.010     -8.742      0.000      -0.110      -0.069
genre_Drama                  0.0135      0.009      1.433      0.152      -0.005       0.032
genre_Family                 0.0715      0.015      4.915      0.000       0.043       0.100
genre_Fantasy                0.0044      0.013      0.351      0.726      -0.020       0.029
genre_History                0.0168      0.020      0.822      0.411      -0.023       0.057
genre_Horror                -0.0338      0.015     -2.316      0.021      -0.062      -0.005
genre_Music                  0.1132      0.019      5.926      0.000       0.076       0.151
genre_Musical                0.3206      0.043      7.431      0.000       0.236       0.405
genre_Mystery               -0.0592      0.013     -4.708      0.000      -0.084      -0.035
genre_News                  1.1e-17   1.06e-17      1.039      0.299   -9.75e-18    3.17e-17
genre_Romance               -0.0192      0.010     -1.861      0.063      -0.039       0.001
genre_Sci_Fi                -0.0120      0.014     -0.882      0.378      -0.039       0.015
genre_Short              -1.142e-17   9.96e-18     -1.147      0.251   -3.09e-17     8.1e-18
genre_Sport                 -0.0364      0.021     -1.761      0.078      -0.077       0.004
genre_Thriller              -0.0744      0.011     -6.995      0.000      -0.095      -0.054
genre_War                    0.0085      0.029      0.291      0.771      -0.049       0.065
genre_Western               -0.0502      0.051     -0.976      0.329      -0.151       0.051
==============================================================================
Omnibus:                     1654.251   Durbin-Watson:                   2.004
Prob(Omnibus):                  0.000   Jarque-Bera (JB):            13444.829
Skew:                           1.757   Prob(JB):                         0.00
Kurtosis:                      11.251   Cond. No.                     1.02e+16
==============================================================================

Notes:
[1] Standard Errors assume that the covariance matrix of the errors is correctly specified.
[2] The smallest eigenvalue is 6.34e-27. This might indicate that there are
strong multicollinearity problems or that the design matrix is singular.