                            OLS Regression Results                            
==============================================================================
Dep. Variable:              sd_pooled   R-squared:                       0.560
Model:                            OLS   Adj. R-squared:                  0.553
Method:                 Least Squares   F-statistic:                     78.45
Date:                Sun, 29 Mar 2026   Prob (F-statistic):               0.00
Time:                        15:21:15   Log-Likelihood:                 523.73
No. Observations:                4012   AIC:                            -917.5
Df Residuals:                    3947   BIC:                            -508.2
Df Model:                          64                                         
Covariance Type:            nonrobust                                         
============================================================================================
                               coef    std err          t      P>|t|      [0.025      0.975]
--------------------------------------------------------------------------------------------
const                        3.3880      0.049     69.537      0.000       3.292       3.484
FLead                        0.0481      0.008      5.968      0.000       0.032       0.064
mean_pooled                 -0.2353      0.004    -53.489      0.000      -0.244      -0.227
kim_violence_gore            0.0141      0.003      5.605      0.000       0.009       0.019
kim_sex_nudity               0.0080      0.002      3.585      0.000       0.004       0.012
kim_language                -0.0128      0.002     -7.051      0.000      -0.016      -0.009
major                       -0.0396      0.008     -4.921      0.000      -0.055      -0.024
log_bom_opening_theaters     0.0049      0.002      2.784      0.005       0.001       0.008
genres_count                -0.0128      0.007     -1.894      0.058      -0.026       0.000
yr_1993                     -0.0048      0.035     -0.139      0.890      -0.073       0.063
yr_1994                      0.0001      0.035      0.003      0.997      -0.069       0.069
yr_1995                      0.0443      0.035      1.274      0.203      -0.024       0.112
yr_1996                      0.0074      0.034      0.218      0.827      -0.059       0.074
yr_1997                      0.0117      0.035      0.337      0.736      -0.057       0.080
yr_1998                      0.0601      0.034      1.793      0.073      -0.006       0.126
yr_1999                      0.0637      0.033      1.952      0.051      -0.000       0.128
yr_2000                     -0.0024      0.034     -0.072      0.943      -0.068       0.064
yr_2001                      0.0619      0.033      1.871      0.061      -0.003       0.127
yr_2002                      0.0209      0.033      0.642      0.521      -0.043       0.085
yr_2003                      0.0078      0.033      0.238      0.812      -0.056       0.072
yr_2004                      0.0713      0.032      2.198      0.028       0.008       0.135
yr_2005                      0.0565      0.032      1.755      0.079      -0.007       0.120
yr_2006                      0.1052      0.032      3.289      0.001       0.042       0.168
yr_2007                      0.1175      0.032      3.686      0.000       0.055       0.180
yr_2008                      0.0600      0.032      1.870      0.062      -0.003       0.123
yr_2009                      0.0420      0.032      1.295      0.195      -0.022       0.106
yr_2010                      0.0364      0.032      1.124      0.261      -0.027       0.100
yr_2011                      0.0373      0.032      1.172      0.241      -0.025       0.100
yr_2012                      0.0208      0.032      0.657      0.511      -0.041       0.083
yr_2013                      0.0123      0.032      0.384      0.701      -0.050       0.075
yr_2014                      0.0442      0.032      1.370      0.171      -0.019       0.107
yr_2015                     -0.0257      0.032     -0.803      0.422      -0.089       0.037
yr_2016                     -0.0327      0.032     -1.012      0.312      -0.096       0.031
yr_2017                      0.0257      0.033      0.789      0.430      -0.038       0.090
yr_2018                      0.0167      0.033      0.510      0.610      -0.047       0.081
mo_2                         0.0097      0.019      0.497      0.619      -0.029       0.048
mo_3                        -0.0037      0.019     -0.199      0.842      -0.040       0.033
mo_4                         0.0014      0.019      0.073      0.942      -0.035       0.038
mo_5                        -0.0112      0.020     -0.567      0.571      -0.050       0.028
mo_6                        -0.0236      0.019     -1.212      0.226      -0.062       0.015
mo_7                        -0.0213      0.019     -1.124      0.261      -0.058       0.016
mo_8                        -0.0246      0.018     -1.348      0.178      -0.060       0.011
mo_9                        -0.0270      0.019     -1.450      0.147      -0.063       0.009
mo_10                       -0.0067      0.018     -0.368      0.713      -0.043       0.029
mo_11                       -0.0214      0.019     -1.141      0.254      -0.058       0.015
mo_12                       -0.0262      0.018     -1.441      0.150      -0.062       0.009
genre_Action                -0.0592      0.011     -5.591      0.000      -0.080      -0.038
genre_Adventure             -0.0072      0.011     -0.640      0.522      -0.029       0.015
genre_Animation             -0.0298      0.018     -1.653      0.098      -0.065       0.006
genre_Biography             -0.0904      0.014     -6.340      0.000      -0.118      -0.062
genre_Comedy                 0.0009      0.009      0.098      0.922      -0.018       0.020
genre_Crime                 -0.0883      0.010     -8.602      0.000      -0.108      -0.068
genre_Drama                  0.0146      0.010      1.536      0.125      -0.004       0.033
genre_Family                 0.0659      0.015      4.527      0.000       0.037       0.094
genre_Fantasy                0.0060      0.013      0.473      0.636      -0.019       0.031
genre_History                0.0172      0.020      0.842      0.400      -0.023       0.057
genre_Horror                -0.0404      0.015     -2.777      0.006      -0.069      -0.012
genre_Music                  0.1151      0.019      6.013      0.000       0.078       0.153
genre_Musical                0.3256      0.043      7.527      0.000       0.241       0.410
genre_Mystery               -0.0571      0.013     -4.533      0.000      -0.082      -0.032
genre_News               -2.928e-17   1.99e-17     -1.472      0.141   -6.83e-17    9.73e-18
genre_Romance               -0.0112      0.010     -1.099      0.272      -0.031       0.009
genre_Sci_Fi                -0.0129      0.014     -0.949      0.343      -0.040       0.014
genre_Short              -1.022e-17   1.66e-17     -0.617      0.537   -4.27e-17    2.23e-17
genre_Sport                 -0.0384      0.021     -1.850      0.064      -0.079       0.002
genre_Thriller              -0.0755      0.011     -7.077      0.000      -0.096      -0.055
genre_War                    0.0033      0.029      0.114      0.909      -0.054       0.061
genre_Western               -0.0510      0.052     -0.988      0.323      -0.152       0.050
==============================================================================
Omnibus:                     1638.295   Durbin-Watson:                   2.006
Prob(Omnibus):                  0.000   Jarque-Bera (JB):            13048.570
Skew:                           1.743   Prob(JB):                         0.00
Kurtosis:                      11.118   Cond. No.                     1.02e+16
==============================================================================

Notes:
[1] Standard Errors assume that the covariance matrix of the errors is correctly specified.
[2] The smallest eigenvalue is 6.4e-27. This might indicate that there are
strong multicollinearity problems or that the design matrix is singular.