                            OLS Regression Results                            
==============================================================================
Dep. Variable:              sd_pooled   R-squared:                       0.559
Model:                            OLS   Adj. R-squared:                  0.552
Method:                 Least Squares   F-statistic:                     78.29
Date:                Tue, 31 Mar 2026   Prob (F-statistic):               0.00
Time:                        16:14:03   Log-Likelihood:                 521.35
No. Observations:                4012   AIC:                            -912.7
Df Residuals:                    3947   BIC:                            -503.4
Df Model:                          64                                         
Covariance Type:            nonrobust                                         
============================================================================================
                               coef    std err          t      P>|t|      [0.025      0.975]
--------------------------------------------------------------------------------------------
const                        3.3932      0.049     69.543      0.000       3.298       3.489
FLead                        0.0489      0.008      6.068      0.000       0.033       0.065
mean_pooled                 -0.2352      0.004    -53.361      0.000      -0.244      -0.227
kim_violence_gore            0.0142      0.003      5.626      0.000       0.009       0.019
kim_sex_nudity               0.0064      0.002      2.857      0.004       0.002       0.011
kim_language                -0.0124      0.002     -6.849      0.000      -0.016      -0.009
major                       -0.0392      0.008     -4.864      0.000      -0.055      -0.023
log_bom_opening_theaters     0.0049      0.002      2.787      0.005       0.001       0.008
genres_count                -0.0134      0.007     -1.980      0.048      -0.027      -0.000
yr_1993                     -0.0099      0.035     -0.287      0.774      -0.078       0.058
yr_1994                     -0.0035      0.035     -0.098      0.922      -0.073       0.066
yr_1995                      0.0420      0.035      1.206      0.228      -0.026       0.110
yr_1996                      0.0040      0.034      0.117      0.907      -0.063       0.071
yr_1997                      0.0071      0.035      0.203      0.839      -0.061       0.075
yr_1998                      0.0564      0.034      1.680      0.093      -0.009       0.122
yr_1999                      0.0625      0.033      1.914      0.056      -0.002       0.127
yr_2000                     -0.0047      0.034     -0.140      0.889      -0.071       0.061
yr_2001                      0.0609      0.033      1.840      0.066      -0.004       0.126
yr_2002                      0.0193      0.033      0.595      0.552      -0.044       0.083
yr_2003                      0.0058      0.033      0.179      0.858      -0.058       0.070
yr_2004                      0.0696      0.032      2.142      0.032       0.006       0.133
yr_2005                      0.0542      0.032      1.681      0.093      -0.009       0.117
yr_2006                      0.1046      0.032      3.266      0.001       0.042       0.167
yr_2007                      0.1171      0.032      3.670      0.000       0.055       0.180
yr_2008                      0.0583      0.032      1.813      0.070      -0.005       0.121
yr_2009                      0.0408      0.033      1.255      0.210      -0.023       0.105
yr_2010                      0.0344      0.032      1.062      0.288      -0.029       0.098
yr_2011                      0.0357      0.032      1.120      0.263      -0.027       0.098
yr_2012                      0.0196      0.032      0.619      0.536      -0.043       0.082
yr_2013                      0.0124      0.032      0.387      0.699      -0.050       0.075
yr_2014                      0.0413      0.032      1.278      0.201      -0.022       0.105
yr_2015                     -0.0276      0.032     -0.860      0.390      -0.090       0.035
yr_2016                     -0.0350      0.032     -1.084      0.278      -0.098       0.028
yr_2017                      0.0252      0.033      0.772      0.440      -0.039       0.089
yr_2018                      0.0147      0.033      0.449      0.654      -0.050       0.079
mo_2                         0.0099      0.020      0.507      0.612      -0.028       0.048
mo_3                        -0.0036      0.019     -0.192      0.848      -0.040       0.033
mo_4                         0.0010      0.019      0.056      0.956      -0.036       0.038
mo_5                        -0.0105      0.020     -0.529      0.597      -0.049       0.028
mo_6                        -0.0239      0.020     -1.225      0.221      -0.062       0.014
mo_7                        -0.0208      0.019     -1.095      0.273      -0.058       0.016
mo_8                        -0.0239      0.018     -1.307      0.191      -0.060       0.012
mo_9                        -0.0264      0.019     -1.416      0.157      -0.063       0.010
mo_10                       -0.0059      0.018     -0.324      0.746      -0.042       0.030
mo_11                       -0.0213      0.019     -1.131      0.258      -0.058       0.016
mo_12                       -0.0253      0.018     -1.393      0.164      -0.061       0.010
genre_Action                -0.0598      0.011     -5.642      0.000      -0.081      -0.039
genre_Adventure             -0.0067      0.011     -0.596      0.551      -0.029       0.015
genre_Animation             -0.0316      0.018     -1.755      0.079      -0.067       0.004
genre_Biography             -0.0906      0.014     -6.349      0.000      -0.119      -0.063
genre_Comedy                 0.0023      0.009      0.248      0.804      -0.016       0.021
genre_Crime                 -0.0874      0.010     -8.503      0.000      -0.107      -0.067
genre_Drama                  0.0154      0.010      1.612      0.107      -0.003       0.034
genre_Family                 0.0655      0.015      4.498      0.000       0.037       0.094
genre_Fantasy                0.0062      0.013      0.490      0.624      -0.019       0.031
genre_History                0.0188      0.020      0.920      0.358      -0.021       0.059
genre_Horror                -0.0399      0.015     -2.730      0.006      -0.068      -0.011
genre_Music                  0.1162      0.019      6.067      0.000       0.079       0.154
genre_Musical                0.3245      0.043      7.495      0.000       0.240       0.409
genre_Mystery               -0.0574      0.013     -4.550      0.000      -0.082      -0.033
genre_News                2.191e-18   5.01e-18      0.437      0.662   -7.63e-18     1.2e-17
genre_Romance               -0.0096      0.010     -0.942      0.346      -0.030       0.010
genre_Sci_Fi                -0.0127      0.014     -0.931      0.352      -0.039       0.014
genre_Short              -5.853e-20   8.34e-18     -0.007      0.994   -1.64e-17    1.63e-17
genre_Sport                 -0.0384      0.021     -1.848      0.065      -0.079       0.002
genre_Thriller              -0.0749      0.011     -7.010      0.000      -0.096      -0.054
genre_War                    0.0021      0.029      0.072      0.943      -0.055       0.059
genre_Western               -0.0556      0.052     -1.078      0.281      -0.157       0.046
==============================================================================
Omnibus:                     1641.426   Durbin-Watson:                   2.010
Prob(Omnibus):                  0.000   Jarque-Bera (JB):            13082.009
Skew:                           1.747   Prob(JB):                         0.00
Kurtosis:                      11.127   Cond. No.                     1.02e+16
==============================================================================

Notes:
[1] Standard Errors assume that the covariance matrix of the errors is correctly specified.
[2] The smallest eigenvalue is 6.39e-27. This might indicate that there are
strong multicollinearity problems or that the design matrix is singular.