                            OLS Regression Results                            
==============================================================================
Dep. Variable:              sd_pooled   R-squared:                       0.562
Model:                            OLS   Adj. R-squared:                  0.555
Method:                 Least Squares   F-statistic:                     79.11
Date:                Sun, 29 Mar 2026   Prob (F-statistic):               0.00
Time:                        15:53:14   Log-Likelihood:                 533.10
No. Observations:                4012   AIC:                            -936.2
Df Residuals:                    3947   BIC:                            -526.9
Df Model:                          64                                         
Covariance Type:            nonrobust                                         
============================================================================================
                               coef    std err          t      P>|t|      [0.025      0.975]
--------------------------------------------------------------------------------------------
const                        3.3816      0.048     69.930      0.000       3.287       3.476
FLead                        0.0467      0.008      5.808      0.000       0.031       0.062
mean_pooled                 -0.2337      0.004    -53.062      0.000      -0.242      -0.225
kim_violence_gore            0.0122      0.003      4.783      0.000       0.007       0.017
kim_sex_nudity               0.0115      0.002      5.667      0.000       0.008       0.015
kim_language                -0.0149      0.002     -7.983      0.000      -0.019      -0.011
major                       -0.0392      0.008     -4.876      0.000      -0.055      -0.023
log_bom_opening_theaters     0.0053      0.002      3.015      0.003       0.002       0.009
genres_count                -0.0094      0.007     -1.394      0.164      -0.023       0.004
yr_1993                     -0.0064      0.034     -0.187      0.852      -0.074       0.061
yr_1994                     -0.0030      0.035     -0.086      0.932      -0.072       0.066
yr_1995                      0.0436      0.035      1.257      0.209      -0.024       0.112
yr_1996                      0.0085      0.034      0.249      0.803      -0.058       0.075
yr_1997                      0.0130      0.035      0.374      0.708      -0.055       0.081
yr_1998                      0.0591      0.033      1.765      0.078      -0.007       0.125
yr_1999                      0.0604      0.033      1.853      0.064      -0.003       0.124
yr_2000                     -0.0089      0.034     -0.266      0.790      -0.075       0.057
yr_2001                      0.0560      0.033      1.698      0.090      -0.009       0.121
yr_2002                      0.0160      0.032      0.493      0.622      -0.048       0.080
yr_2003                     -0.0003      0.033     -0.010      0.992      -0.064       0.064
yr_2004                      0.0609      0.032      1.878      0.060      -0.003       0.125
yr_2005                      0.0478      0.032      1.486      0.137      -0.015       0.111
yr_2006                      0.0965      0.032      3.019      0.003       0.034       0.159
yr_2007                      0.1103      0.032      3.464      0.001       0.048       0.173
yr_2008                      0.0520      0.032      1.621      0.105      -0.011       0.115
yr_2009                      0.0316      0.032      0.973      0.330      -0.032       0.095
yr_2010                      0.0263      0.032      0.813      0.416      -0.037       0.090
yr_2011                      0.0296      0.032      0.932      0.352      -0.033       0.092
yr_2012                      0.0146      0.032      0.462      0.644      -0.047       0.077
yr_2013                      0.0071      0.032      0.223      0.824      -0.055       0.070
yr_2014                      0.0394      0.032      1.224      0.221      -0.024       0.103
yr_2015                     -0.0316      0.032     -0.987      0.324      -0.094       0.031
yr_2016                     -0.0357      0.032     -1.107      0.268      -0.099       0.028
yr_2017                      0.0208      0.033      0.639      0.523      -0.043       0.085
yr_2018                      0.0150      0.033      0.460      0.646      -0.049       0.079
mo_2                         0.0079      0.019      0.407      0.684      -0.030       0.046
mo_3                        -0.0042      0.019     -0.227      0.821      -0.040       0.032
mo_4                         0.0007      0.019      0.040      0.968      -0.036       0.037
mo_5                        -0.0126      0.020     -0.638      0.523      -0.051       0.026
mo_6                        -0.0253      0.019     -1.303      0.193      -0.063       0.013
mo_7                        -0.0231      0.019     -1.222      0.222      -0.060       0.014
mo_8                        -0.0250      0.018     -1.372      0.170      -0.061       0.011
mo_9                        -0.0274      0.019     -1.477      0.140      -0.064       0.009
mo_10                       -0.0069      0.018     -0.376      0.707      -0.043       0.029
mo_11                       -0.0241      0.019     -1.282      0.200      -0.061       0.013
mo_12                       -0.0264      0.018     -1.456      0.145      -0.062       0.009
genre_Action                -0.0551      0.011     -5.200      0.000      -0.076      -0.034
genre_Adventure             -0.0059      0.011     -0.525      0.599      -0.028       0.016
genre_Animation             -0.0279      0.018     -1.556      0.120      -0.063       0.007
genre_Biography             -0.0924      0.014     -6.494      0.000      -0.120      -0.064
genre_Comedy                -0.0031      0.010     -0.327      0.743      -0.022       0.016
genre_Crime                 -0.0890      0.010     -8.690      0.000      -0.109      -0.069
genre_Drama                  0.0134      0.010      1.411      0.158      -0.005       0.032
genre_Family                 0.0712      0.015      4.890      0.000       0.043       0.100
genre_Fantasy                0.0041      0.013      0.328      0.743      -0.021       0.029
genre_History                0.0181      0.020      0.889      0.374      -0.022       0.058
genre_Horror                -0.0339      0.015     -2.323      0.020      -0.063      -0.005
genre_Music                  0.1115      0.019      5.835      0.000       0.074       0.149
genre_Musical                0.3185      0.043      7.376      0.000       0.234       0.403
genre_Mystery               -0.0589      0.013     -4.683      0.000      -0.084      -0.034
genre_News               -8.483e-18   9.34e-18     -0.908      0.364   -2.68e-17    9.83e-18
genre_Romance               -0.0185      0.010     -1.797      0.072      -0.039       0.002
genre_Sci_Fi                -0.0128      0.014     -0.947      0.344      -0.039       0.014
genre_Short               4.412e-18   6.93e-18      0.637      0.524   -9.17e-18     1.8e-17
genre_Sport                 -0.0372      0.021     -1.797      0.072      -0.078       0.003
genre_Thriller              -0.0741      0.011     -6.959      0.000      -0.095      -0.053
genre_War                    0.0101      0.029      0.346      0.729      -0.047       0.067
genre_Western               -0.0475      0.051     -0.924      0.356      -0.148       0.053
==============================================================================
Omnibus:                     1649.062   Durbin-Watson:                   2.006
Prob(Omnibus):                  0.000   Jarque-Bera (JB):            13384.404
Skew:                           1.751   Prob(JB):                         0.00
Kurtosis:                      11.235   Cond. No.                     1.02e+16
==============================================================================

Notes:
[1] Standard Errors assume that the covariance matrix of the errors is correctly specified.
[2] The smallest eigenvalue is 6.38e-27. This might indicate that there are
strong multicollinearity problems or that the design matrix is singular.