                            OLS Regression Results                            
==============================================================================
Dep. Variable:              sd_pooled   R-squared:                       0.560
Model:                            OLS   Adj. R-squared:                  0.553
Method:                 Least Squares   F-statistic:                     78.42
Date:                Tue, 31 Mar 2026   Prob (F-statistic):               0.00
Time:                        14:23:33   Log-Likelihood:                 523.27
No. Observations:                4012   AIC:                            -916.5
Df Residuals:                    3947   BIC:                            -507.2
Df Model:                          64                                         
Covariance Type:            nonrobust                                         
============================================================================================
                               coef    std err          t      P>|t|      [0.025      0.975]
--------------------------------------------------------------------------------------------
const                        3.3938      0.049     69.957      0.000       3.299       3.489
FLead                        0.0480      0.008      5.961      0.000       0.032       0.064
mean_pooled                 -0.2347      0.004    -53.194      0.000      -0.243      -0.226
kim_violence_gore            0.0138      0.003      5.434      0.000       0.009       0.019
kim_sex_nudity               0.0067      0.002      3.457      0.001       0.003       0.011
kim_language                -0.0134      0.002     -7.142      0.000      -0.017      -0.010
major                       -0.0393      0.008     -4.876      0.000      -0.055      -0.023
log_bom_opening_theaters     0.0051      0.002      2.900      0.004       0.002       0.009
genres_count                -0.0121      0.007     -1.788      0.074      -0.025       0.001
yr_1993                     -0.0094      0.035     -0.272      0.785      -0.077       0.058
yr_1994                     -0.0049      0.035     -0.140      0.889      -0.074       0.064
yr_1995                      0.0409      0.035      1.175      0.240      -0.027       0.109
yr_1996                      0.0048      0.034      0.142      0.887      -0.062       0.072
yr_1997                      0.0080      0.035      0.230      0.818      -0.060       0.076
yr_1998                      0.0579      0.034      1.726      0.084      -0.008       0.124
yr_1999                      0.0601      0.033      1.840      0.066      -0.004       0.124
yr_2000                     -0.0063      0.034     -0.188      0.851      -0.072       0.060
yr_2001                      0.0592      0.033      1.791      0.073      -0.006       0.124
yr_2002                      0.0180      0.033      0.554      0.579      -0.046       0.082
yr_2003                      0.0031      0.033      0.094      0.925      -0.061       0.067
yr_2004                      0.0676      0.032      2.082      0.037       0.004       0.131
yr_2005                      0.0513      0.032      1.589      0.112      -0.012       0.114
yr_2006                      0.1022      0.032      3.189      0.001       0.039       0.165
yr_2007                      0.1150      0.032      3.604      0.000       0.052       0.178
yr_2008                      0.0558      0.032      1.735      0.083      -0.007       0.119
yr_2009                      0.0379      0.033      1.165      0.244      -0.026       0.102
yr_2010                      0.0318      0.032      0.980      0.327      -0.032       0.095
yr_2011                      0.0335      0.032      1.050      0.294      -0.029       0.096
yr_2012                      0.0177      0.032      0.558      0.577      -0.045       0.080
yr_2013                      0.0100      0.032      0.313      0.754      -0.053       0.073
yr_2014                      0.0409      0.032      1.265      0.206      -0.022       0.104
yr_2015                     -0.0278      0.032     -0.867      0.386      -0.091       0.035
yr_2016                     -0.0351      0.032     -1.087      0.277      -0.098       0.028
yr_2017                      0.0226      0.033      0.693      0.488      -0.041       0.087
yr_2018                      0.0150      0.033      0.459      0.646      -0.049       0.079
mo_2                         0.0107      0.019      0.550      0.582      -0.027       0.049
mo_3                        -0.0022      0.019     -0.121      0.904      -0.039       0.034
mo_4                         0.0026      0.019      0.140      0.889      -0.034       0.039
mo_5                        -0.0096      0.020     -0.485      0.627      -0.048       0.029
mo_6                        -0.0237      0.019     -1.214      0.225      -0.062       0.015
mo_7                        -0.0210      0.019     -1.108      0.268      -0.058       0.016
mo_8                        -0.0230      0.018     -1.261      0.208      -0.059       0.013
mo_9                        -0.0255      0.019     -1.372      0.170      -0.062       0.011
mo_10                       -0.0050      0.018     -0.272      0.786      -0.041       0.031
mo_11                       -0.0206      0.019     -1.095      0.274      -0.057       0.016
mo_12                       -0.0249      0.018     -1.372      0.170      -0.061       0.011
genre_Action                -0.0596      0.011     -5.630      0.000      -0.080      -0.039
genre_Adventure             -0.0055      0.011     -0.487      0.626      -0.028       0.017
genre_Animation             -0.0310      0.018     -1.720      0.085      -0.066       0.004
genre_Biography             -0.0895      0.014     -6.274      0.000      -0.117      -0.062
genre_Comedy                 0.0005      0.010      0.049      0.961      -0.018       0.019
genre_Crime                 -0.0878      0.010     -8.549      0.000      -0.108      -0.068
genre_Drama                  0.0144      0.010      1.511      0.131      -0.004       0.033
genre_Family                 0.0664      0.015      4.562      0.000       0.038       0.095
genre_Fantasy                0.0048      0.013      0.375      0.708      -0.020       0.030
genre_History                0.0193      0.020      0.942      0.346      -0.021       0.059
genre_Horror                -0.0390      0.015     -2.676      0.007      -0.068      -0.010
genre_Music                  0.1152      0.019      6.016      0.000       0.078       0.153
genre_Musical                0.3233      0.043      7.470      0.000       0.238       0.408
genre_Mystery               -0.0574      0.013     -4.557      0.000      -0.082      -0.033
genre_News                7.514e-18   9.25e-18      0.813      0.416   -1.06e-17    2.56e-17
genre_Romance               -0.0110      0.010     -1.078      0.281      -0.031       0.009
genre_Sci_Fi                -0.0130      0.014     -0.955      0.340      -0.040       0.014
genre_Short                5.99e-19   1.97e-18      0.304      0.761   -3.26e-18    4.46e-18
genre_Sport                 -0.0385      0.021     -1.855      0.064      -0.079       0.002
genre_Thriller              -0.0753      0.011     -7.052      0.000      -0.096      -0.054
genre_War                    0.0045      0.029      0.154      0.878      -0.053       0.062
genre_Western               -0.0529      0.052     -1.026      0.305      -0.154       0.048
==============================================================================
Omnibus:                     1644.581   Durbin-Watson:                   2.005
Prob(Omnibus):                  0.000   Jarque-Bera (JB):            13204.293
Skew:                           1.748   Prob(JB):                         0.00
Kurtosis:                      11.171   Cond. No.                     1.02e+16
==============================================================================

Notes:
[1] Standard Errors assume that the covariance matrix of the errors is correctly specified.
[2] The smallest eigenvalue is 6.38e-27. This might indicate that there are
strong multicollinearity problems or that the design matrix is singular.