                            OLS Regression Results                            
==============================================================================
Dep. Variable:              sd_pooled   R-squared:                       0.560
Model:                            OLS   Adj. R-squared:                  0.552
Method:                 Least Squares   F-statistic:                     78.37
Date:                Tue, 31 Mar 2026   Prob (F-statistic):               0.00
Time:                        22:31:47   Log-Likelihood:                 522.62
No. Observations:                4012   AIC:                            -915.2
Df Residuals:                    3947   BIC:                            -505.9
Df Model:                          64                                         
Covariance Type:            nonrobust                                         
============================================================================================
                               coef    std err          t      P>|t|      [0.025      0.975]
--------------------------------------------------------------------------------------------
const                        3.3953      0.049     69.839      0.000       3.300       3.491
FLead                        0.0495      0.008      6.165      0.000       0.034       0.065
mean_pooled                 -0.2354      0.004    -53.493      0.000      -0.244      -0.227
kim_violence_gore            0.0097      0.003      3.880      0.000       0.005       0.015
kim_sex_nudity               0.0102      0.002      5.045      0.000       0.006       0.014
kim_language                -0.0140      0.002     -6.482      0.000      -0.018      -0.010
major                       -0.0374      0.008     -4.638      0.000      -0.053      -0.022
log_bom_opening_theaters     0.0054      0.002      3.041      0.002       0.002       0.009
genres_count                -0.0081      0.007     -1.195      0.232      -0.021       0.005
yr_1993                     -0.0031      0.035     -0.090      0.928      -0.071       0.065
yr_1994                     -0.0019      0.035     -0.054      0.957      -0.071       0.067
yr_1995                      0.0421      0.035      1.210      0.226      -0.026       0.110
yr_1996                      0.0062      0.034      0.181      0.856      -0.061       0.073
yr_1997                      0.0088      0.035      0.253      0.801      -0.059       0.077
yr_1998                      0.0564      0.034      1.683      0.093      -0.009       0.122
yr_1999                      0.0558      0.033      1.710      0.087      -0.008       0.120
yr_2000                     -0.0121      0.034     -0.359      0.720      -0.078       0.054
yr_2001                      0.0573      0.033      1.730      0.084      -0.008       0.122
yr_2002                      0.0159      0.033      0.489      0.625      -0.048       0.080
yr_2003                      0.0017      0.033      0.053      0.958      -0.062       0.066
yr_2004                      0.0657      0.033      2.021      0.043       0.002       0.130
yr_2005                      0.0500      0.032      1.551      0.121      -0.013       0.113
yr_2006                      0.1012      0.032      3.155      0.002       0.038       0.164
yr_2007                      0.1151      0.032      3.604      0.000       0.052       0.178
yr_2008                      0.0546      0.032      1.697      0.090      -0.008       0.118
yr_2009                      0.0339      0.033      1.042      0.297      -0.030       0.098
yr_2010                      0.0298      0.032      0.917      0.359      -0.034       0.093
yr_2011                      0.0330      0.032      1.035      0.301      -0.030       0.096
yr_2012                      0.0148      0.032      0.467      0.641      -0.047       0.077
yr_2013                      0.0073      0.032      0.229      0.819      -0.055       0.070
yr_2014                      0.0362      0.032      1.121      0.263      -0.027       0.099
yr_2015                     -0.0371      0.032     -1.157      0.247      -0.100       0.026
yr_2016                     -0.0398      0.032     -1.231      0.219      -0.103       0.024
yr_2017                      0.0133      0.033      0.409      0.682      -0.051       0.077
yr_2018                      0.0091      0.033      0.279      0.780      -0.055       0.073
mo_2                         0.0104      0.019      0.532      0.595      -0.028       0.049
mo_3                        -0.0046      0.019     -0.246      0.806      -0.041       0.032
mo_4                         0.0037      0.019      0.197      0.844      -0.033       0.040
mo_5                        -0.0091      0.020     -0.462      0.644      -0.048       0.030
mo_6                        -0.0240      0.020     -1.231      0.218      -0.062       0.014
mo_7                        -0.0232      0.019     -1.222      0.222      -0.060       0.014
mo_8                        -0.0243      0.018     -1.328      0.184      -0.060       0.012
mo_9                        -0.0261      0.019     -1.401      0.161      -0.063       0.010
mo_10                       -0.0075      0.018     -0.410      0.682      -0.043       0.028
mo_11                       -0.0204      0.019     -1.088      0.277      -0.057       0.016
mo_12                       -0.0243      0.018     -1.339      0.181      -0.060       0.011
genre_Action                -0.0539      0.011     -5.065      0.000      -0.075      -0.033
genre_Adventure             -0.0037      0.011     -0.328      0.743      -0.026       0.018
genre_Animation             -0.0263      0.018     -1.460      0.144      -0.062       0.009
genre_Biography             -0.0954      0.014     -6.691      0.000      -0.123      -0.067
genre_Comedy                -0.0092      0.009     -0.976      0.329      -0.028       0.009
genre_Crime                 -0.0957      0.010     -9.412      0.000      -0.116      -0.076
genre_Drama                  0.0113      0.010      1.192      0.233      -0.007       0.030
genre_Family                 0.0705      0.015      4.810      0.000       0.042       0.099
genre_Fantasy                0.0067      0.013      0.529      0.597      -0.018       0.032
genre_History                0.0268      0.020      1.315      0.189      -0.013       0.067
genre_Horror                -0.0316      0.015     -2.155      0.031      -0.060      -0.003
genre_Music                  0.1076      0.019      5.620      0.000       0.070       0.145
genre_Musical                0.3222      0.043      7.442      0.000       0.237       0.407
genre_Mystery               -0.0546      0.013     -4.324      0.000      -0.079      -0.030
genre_News               -1.173e-17   7.75e-18     -1.513      0.130   -2.69e-17    3.47e-18
genre_Romance               -0.0168      0.010     -1.630      0.103      -0.037       0.003
genre_Sci_Fi                -0.0120      0.014     -0.880      0.379      -0.039       0.015
genre_Short               8.573e-18    2.6e-18      3.294      0.001    3.47e-18    1.37e-17
genre_Sport                 -0.0390      0.021     -1.879      0.060      -0.080       0.002
genre_Thriller              -0.0767      0.011     -7.190      0.000      -0.098      -0.056
genre_War                    0.0066      0.029      0.226      0.821      -0.051       0.064
genre_Western               -0.0448      0.052     -0.869      0.385      -0.146       0.056
==============================================================================
Omnibus:                     1673.068   Durbin-Watson:                   2.002
Prob(Omnibus):                  0.000   Jarque-Bera (JB):            13820.318
Skew:                           1.776   Prob(JB):                         0.00
Kurtosis:                      11.370   Cond. No.                     1.02e+16
==============================================================================

Notes:
[1] Standard Errors assume that the covariance matrix of the errors is correctly specified.
[2] The smallest eigenvalue is 6.2e-27. This might indicate that there are
strong multicollinearity problems or that the design matrix is singular.