                            OLS Regression Results                            
==============================================================================
Dep. Variable:              sd_pooled   R-squared:                       0.561
Model:                            OLS   Adj. R-squared:                  0.554
Method:                 Least Squares   F-statistic:                     78.84
Date:                Tue, 31 Mar 2026   Prob (F-statistic):               0.00
Time:                        19:27:08   Log-Likelihood:                 529.24
No. Observations:                4012   AIC:                            -928.5
Df Residuals:                    3947   BIC:                            -519.2
Df Model:                          64                                         
Covariance Type:            nonrobust                                         
============================================================================================
                               coef    std err          t      P>|t|      [0.025      0.975]
--------------------------------------------------------------------------------------------
const                        3.3788      0.048     69.767      0.000       3.284       3.474
FLead                        0.0464      0.008      5.756      0.000       0.031       0.062
mean_pooled                 -0.2339      0.004    -53.044      0.000      -0.243      -0.225
kim_violence_gore            0.0115      0.003      4.527      0.000       0.007       0.016
kim_sex_nudity               0.0108      0.002      5.352      0.000       0.007       0.015
kim_language                -0.0133      0.002     -7.429      0.000      -0.017      -0.010
major                       -0.0397      0.008     -4.935      0.000      -0.055      -0.024
log_bom_opening_theaters     0.0057      0.002      3.242      0.001       0.002       0.009
genres_count                -0.0090      0.007     -1.322      0.186      -0.022       0.004
yr_1993                     -0.0028      0.034     -0.081      0.935      -0.070       0.065
yr_1994                     -0.0028      0.035     -0.081      0.936      -0.072       0.066
yr_1995                      0.0436      0.035      1.257      0.209      -0.024       0.112
yr_1996                      0.0053      0.034      0.156      0.876      -0.061       0.072
yr_1997                      0.0097      0.035      0.279      0.780      -0.058       0.078
yr_1998                      0.0582      0.033      1.738      0.082      -0.007       0.124
yr_1999                      0.0575      0.033      1.763      0.078      -0.006       0.121
yr_2000                     -0.0105      0.034     -0.312      0.755      -0.076       0.055
yr_2001                      0.0564      0.033      1.706      0.088      -0.008       0.121
yr_2002                      0.0150      0.032      0.461      0.645      -0.049       0.079
yr_2003                      0.0022      0.033      0.066      0.947      -0.062       0.066
yr_2004                      0.0624      0.032      1.922      0.055      -0.001       0.126
yr_2005                      0.0493      0.032      1.532      0.126      -0.014       0.112
yr_2006                      0.0986      0.032      3.082      0.002       0.036       0.161
yr_2007                      0.1125      0.032      3.529      0.000       0.050       0.175
yr_2008                      0.0528      0.032      1.646      0.100      -0.010       0.116
yr_2009                      0.0334      0.033      1.027      0.304      -0.030       0.097
yr_2010                      0.0273      0.032      0.842      0.400      -0.036       0.091
yr_2011                      0.0301      0.032      0.944      0.345      -0.032       0.092
yr_2012                      0.0145      0.032      0.459      0.647      -0.048       0.077
yr_2013                      0.0057      0.032      0.178      0.859      -0.057       0.068
yr_2014                      0.0387      0.032      1.199      0.231      -0.025       0.102
yr_2015                     -0.0329      0.032     -1.028      0.304      -0.096       0.030
yr_2016                     -0.0365      0.032     -1.132      0.258      -0.100       0.027
yr_2017                      0.0191      0.033      0.587      0.557      -0.045       0.083
yr_2018                      0.0136      0.033      0.415      0.678      -0.051       0.078
mo_2                         0.0123      0.019      0.631      0.528      -0.026       0.050
mo_3                        -0.0013      0.019     -0.072      0.943      -0.038       0.035
mo_4                         0.0031      0.019      0.164      0.870      -0.034       0.040
mo_5                        -0.0095      0.020     -0.483      0.629      -0.048       0.029
mo_6                        -0.0220      0.019     -1.130      0.259      -0.060       0.016
mo_7                        -0.0227      0.019     -1.197      0.231      -0.060       0.014
mo_8                        -0.0238      0.018     -1.303      0.193      -0.060       0.012
mo_9                        -0.0263      0.019     -1.416      0.157      -0.063       0.010
mo_10                       -0.0051      0.018     -0.278      0.781      -0.041       0.031
mo_11                       -0.0215      0.019     -1.148      0.251      -0.058       0.015
mo_12                       -0.0242      0.018     -1.333      0.183      -0.060       0.011
genre_Action                -0.0564      0.011     -5.310      0.000      -0.077      -0.036
genre_Adventure             -0.0050      0.011     -0.445      0.657      -0.027       0.017
genre_Animation             -0.0236      0.018     -1.317      0.188      -0.059       0.012
genre_Biography             -0.0928      0.014     -6.517      0.000      -0.121      -0.065
genre_Comedy                -0.0074      0.009     -0.779      0.436      -0.026       0.011
genre_Crime                 -0.0943      0.010     -9.280      0.000      -0.114      -0.074
genre_Drama                  0.0121      0.010      1.275      0.202      -0.007       0.031
genre_Family                 0.0730      0.015      5.008      0.000       0.044       0.102
genre_Fantasy                0.0052      0.013      0.414      0.679      -0.020       0.030
genre_History                0.0204      0.020      1.002      0.317      -0.020       0.060
genre_Horror                -0.0352      0.015     -2.408      0.016      -0.064      -0.007
genre_Music                  0.1095      0.019      5.724      0.000       0.072       0.147
genre_Musical                0.3272      0.043      7.577      0.000       0.243       0.412
genre_Mystery               -0.0579      0.013     -4.600      0.000      -0.083      -0.033
genre_News               -2.892e-18   4.52e-18     -0.640      0.522   -1.18e-17    5.97e-18
genre_Romance               -0.0176      0.010     -1.707      0.088      -0.038       0.003
genre_Sci_Fi                -0.0144      0.014     -1.065      0.287      -0.041       0.012
genre_Short               4.197e-18   1.19e-18      3.539      0.000    1.87e-18    6.52e-18
genre_Sport                 -0.0394      0.021     -1.898      0.058      -0.080       0.001
genre_Thriller              -0.0774      0.011     -7.288      0.000      -0.098      -0.057
genre_War                    0.0130      0.029      0.446      0.655      -0.044       0.070
genre_Western               -0.0481      0.052     -0.934      0.350      -0.149       0.053
==============================================================================
Omnibus:                     1651.596   Durbin-Watson:                   2.007
Prob(Omnibus):                  0.000   Jarque-Bera (JB):            13408.435
Skew:                           1.754   Prob(JB):                         0.00
Kurtosis:                      11.241   Cond. No.                     1.02e+16
==============================================================================

Notes:
[1] Standard Errors assume that the covariance matrix of the errors is correctly specified.
[2] The smallest eigenvalue is 6.39e-27. This might indicate that there are
strong multicollinearity problems or that the design matrix is singular.