                            OLS Regression Results                            
==============================================================================
Dep. Variable:              sd_pooled   R-squared:                       0.560
Model:                            OLS   Adj. R-squared:                  0.553
Method:                 Least Squares   F-statistic:                     78.46
Date:                Tue, 31 Mar 2026   Prob (F-statistic):               0.00
Time:                        19:24:20   Log-Likelihood:                 523.79
No. Observations:                4012   AIC:                            -917.6
Df Residuals:                    3947   BIC:                            -508.3
Df Model:                          64                                         
Covariance Type:            nonrobust                                         
============================================================================================
                               coef    std err          t      P>|t|      [0.025      0.975]
--------------------------------------------------------------------------------------------
const                        3.3777      0.048     69.649      0.000       3.283       3.473
FLead                        0.0474      0.008      5.877      0.000       0.032       0.063
mean_pooled                 -0.2340      0.004    -52.960      0.000      -0.243      -0.225
kim_violence_gore            0.0113      0.003      4.419      0.000       0.006       0.016
kim_sex_nudity               0.0107      0.002      5.252      0.000       0.007       0.015
kim_language                -0.0119      0.002     -6.659      0.000      -0.015      -0.008
major                       -0.0390      0.008     -4.836      0.000      -0.055      -0.023
log_bom_opening_theaters     0.0055      0.002      3.112      0.002       0.002       0.009
genres_count                -0.0080      0.007     -1.182      0.237      -0.021       0.005
yr_1993                     -0.0084      0.035     -0.243      0.808      -0.076       0.059
yr_1994                     -0.0039      0.035     -0.111      0.911      -0.073       0.065
yr_1995                      0.0380      0.035      1.094      0.274      -0.030       0.106
yr_1996                      0.0032      0.034      0.094      0.925      -0.064       0.070
yr_1997                      0.0048      0.035      0.137      0.891      -0.063       0.073
yr_1998                      0.0515      0.033      1.537      0.124      -0.014       0.117
yr_1999                      0.0531      0.033      1.627      0.104      -0.011       0.117
yr_2000                     -0.0158      0.034     -0.471      0.638      -0.082       0.050
yr_2001                      0.0507      0.033      1.535      0.125      -0.014       0.116
yr_2002                      0.0108      0.033      0.332      0.740      -0.053       0.075
yr_2003                     -0.0039      0.033     -0.120      0.904      -0.068       0.060
yr_2004                      0.0635      0.033      1.954      0.051      -0.000       0.127
yr_2005                      0.0474      0.032      1.469      0.142      -0.016       0.111
yr_2006                      0.0987      0.032      3.079      0.002       0.036       0.162
yr_2007                      0.1077      0.032      3.376      0.001       0.045       0.170
yr_2008                      0.0501      0.032      1.558      0.119      -0.013       0.113
yr_2009                      0.0260      0.033      0.798      0.425      -0.038       0.090
yr_2010                      0.0214      0.032      0.659      0.510      -0.042       0.085
yr_2011                      0.0252      0.032      0.792      0.428      -0.037       0.088
yr_2012                      0.0095      0.032      0.300      0.764      -0.053       0.072
yr_2013                      0.0016      0.032      0.051      0.959      -0.061       0.064
yr_2014                      0.0330      0.032      1.023      0.307      -0.030       0.096
yr_2015                     -0.0364      0.032     -1.138      0.255      -0.099       0.026
yr_2016                     -0.0429      0.032     -1.329      0.184      -0.106       0.020
yr_2017                      0.0135      0.033      0.414      0.679      -0.050       0.077
yr_2018                      0.0069      0.033      0.211      0.833      -0.057       0.071
mo_2                         0.0095      0.019      0.490      0.625      -0.029       0.048
mo_3                        -0.0039      0.019     -0.209      0.834      -0.040       0.033
mo_4                         0.0041      0.019      0.219      0.826      -0.033       0.041
mo_5                        -0.0095      0.020     -0.483      0.629      -0.048       0.029
mo_6                        -0.0253      0.019     -1.299      0.194      -0.064       0.013
mo_7                        -0.0214      0.019     -1.132      0.258      -0.059       0.016
mo_8                        -0.0236      0.018     -1.291      0.197      -0.059       0.012
mo_9                        -0.0268      0.019     -1.441      0.150      -0.063       0.010
mo_10                       -0.0075      0.018     -0.410      0.682      -0.043       0.028
mo_11                       -0.0222      0.019     -1.180      0.238      -0.059       0.015
mo_12                       -0.0246      0.018     -1.354      0.176      -0.060       0.011
genre_Action                -0.0550      0.011     -5.169      0.000      -0.076      -0.034
genre_Adventure             -0.0041      0.011     -0.361      0.718      -0.026       0.018
genre_Animation             -0.0194      0.018     -1.085      0.278      -0.055       0.016
genre_Biography             -0.0923      0.014     -6.473      0.000      -0.120      -0.064
genre_Comedy                -0.0082      0.009     -0.869      0.385      -0.027       0.010
genre_Crime                 -0.0958      0.010     -9.429      0.000      -0.116      -0.076
genre_Drama                  0.0117      0.010      1.224      0.221      -0.007       0.030
genre_Family                 0.0764      0.015      5.248      0.000       0.048       0.105
genre_Fantasy                0.0071      0.013      0.559      0.576      -0.018       0.032
genre_History                0.0239      0.020      1.171      0.242      -0.016       0.064
genre_Horror                -0.0364      0.015     -2.486      0.013      -0.065      -0.008
genre_Music                  0.1074      0.019      5.609      0.000       0.070       0.145
genre_Musical                0.3236      0.043      7.479      0.000       0.239       0.408
genre_Mystery               -0.0582      0.013     -4.614      0.000      -0.083      -0.033
genre_News                4.991e-18   5.38e-18      0.927      0.354   -5.56e-18    1.55e-17
genre_Romance               -0.0175      0.010     -1.698      0.090      -0.038       0.003
genre_Sci_Fi                -0.0136      0.014     -0.998      0.318      -0.040       0.013
genre_Short              -7.589e-18   4.19e-18     -1.812      0.070   -1.58e-17    6.22e-19
genre_Sport                 -0.0431      0.021     -2.075      0.038      -0.084      -0.002
genre_Thriller              -0.0774      0.011     -7.270      0.000      -0.098      -0.057
genre_War                    0.0078      0.029      0.268      0.789      -0.049       0.065
genre_Western               -0.0448      0.052     -0.869      0.385      -0.146       0.056
==============================================================================
Omnibus:                     1661.368   Durbin-Watson:                   1.998
Prob(Omnibus):                  0.000   Jarque-Bera (JB):            13599.791
Skew:                           1.764   Prob(JB):                         0.00
Kurtosis:                      11.301   Cond. No.                     1.02e+16
==============================================================================

Notes:
[1] Standard Errors assume that the covariance matrix of the errors is correctly specified.
[2] The smallest eigenvalue is 6.4e-27. This might indicate that there are
strong multicollinearity problems or that the design matrix is singular.