                            OLS Regression Results                            
==============================================================================
Dep. Variable:              sd_pooled   R-squared:                       0.560
Model:                            OLS   Adj. R-squared:                  0.553
Method:                 Least Squares   F-statistic:                     78.52
Date:                Sun, 29 Mar 2026   Prob (F-statistic):               0.00
Time:                        15:23:29   Log-Likelihood:                 524.73
No. Observations:                4012   AIC:                            -919.5
Df Residuals:                    3947   BIC:                            -510.1
Df Model:                          64                                         
Covariance Type:            nonrobust                                         
============================================================================================
                               coef    std err          t      P>|t|      [0.025      0.975]
--------------------------------------------------------------------------------------------
const                        3.3888      0.048     69.968      0.000       3.294       3.484
FLead                        0.0451      0.008      5.600      0.000       0.029       0.061
mean_pooled                 -0.2322      0.004    -52.730      0.000      -0.241      -0.224
kim_violence_gore            0.0044      0.002      2.330      0.020       0.001       0.008
kim_sex_nudity               0.0130      0.002      6.516      0.000       0.009       0.017
kim_language                -0.0139      0.002     -7.418      0.000      -0.018      -0.010
major                       -0.0398      0.008     -4.935      0.000      -0.056      -0.024
log_bom_opening_theaters     0.0058      0.002      3.250      0.001       0.002       0.009
genres_count                -0.0067      0.007     -0.994      0.320      -0.020       0.007
yr_1993                      0.0008      0.034      0.022      0.982      -0.067       0.068
yr_1994                      0.0014      0.035      0.040      0.968      -0.068       0.071
yr_1995                      0.0505      0.035      1.454      0.146      -0.018       0.119
yr_1996                      0.0141      0.034      0.415      0.678      -0.053       0.081
yr_1997                      0.0215      0.035      0.619      0.536      -0.047       0.090
yr_1998                      0.0638      0.034      1.903      0.057      -0.002       0.129
yr_1999                      0.0671      0.033      2.058      0.040       0.003       0.131
yr_2000                     -0.0033      0.034     -0.099      0.921      -0.069       0.063
yr_2001                      0.0673      0.033      2.040      0.041       0.003       0.132
yr_2002                      0.0226      0.032      0.695      0.487      -0.041       0.086
yr_2003                      0.0068      0.033      0.209      0.835      -0.057       0.071
yr_2004                      0.0709      0.032      2.187      0.029       0.007       0.135
yr_2005                      0.0575      0.032      1.788      0.074      -0.006       0.121
yr_2006                      0.1094      0.032      3.430      0.001       0.047       0.172
yr_2007                      0.1224      0.032      3.852      0.000       0.060       0.185
yr_2008                      0.0633      0.032      1.976      0.048       0.000       0.126
yr_2009                      0.0422      0.032      1.301      0.193      -0.021       0.106
yr_2010                      0.0367      0.032      1.134      0.257      -0.027       0.100
yr_2011                      0.0396      0.032      1.247      0.212      -0.023       0.102
yr_2012                      0.0248      0.032      0.783      0.434      -0.037       0.087
yr_2013                      0.0172      0.032      0.540      0.589      -0.045       0.080
yr_2014                      0.0465      0.032      1.441      0.150      -0.017       0.110
yr_2015                     -0.0268      0.032     -0.837      0.403      -0.090       0.036
yr_2016                     -0.0284      0.032     -0.880      0.379      -0.092       0.035
yr_2017                      0.0256      0.033      0.785      0.433      -0.038       0.089
yr_2018                      0.0217      0.033      0.664      0.507      -0.042       0.086
mo_2                         0.0082      0.019      0.420      0.675      -0.030       0.046
mo_3                        -0.0043      0.019     -0.231      0.818      -0.041       0.032
mo_4                         0.0024      0.019      0.129      0.898      -0.034       0.039
mo_5                        -0.0123      0.020     -0.624      0.532      -0.051       0.026
mo_6                        -0.0251      0.020     -1.288      0.198      -0.063       0.013
mo_7                        -0.0243      0.019     -1.282      0.200      -0.061       0.013
mo_8                        -0.0258      0.018     -1.412      0.158      -0.062       0.010
mo_9                        -0.0287      0.019     -1.545      0.122      -0.065       0.008
mo_10                       -0.0057      0.018     -0.311      0.756      -0.041       0.030
mo_11                       -0.0242      0.019     -1.289      0.197      -0.061       0.013
mo_12                       -0.0243      0.018     -1.338      0.181      -0.060       0.011
genre_Action                -0.0467      0.010     -4.482      0.000      -0.067      -0.026
genre_Adventure             -0.0049      0.011     -0.432      0.666      -0.027       0.017
genre_Animation             -0.0349      0.018     -1.945      0.052      -0.070       0.000
genre_Biography             -0.0960      0.014     -6.748      0.000      -0.124      -0.068
genre_Comedy                -0.0170      0.009     -1.901      0.057      -0.035       0.001
genre_Crime                 -0.0844      0.010     -8.268      0.000      -0.104      -0.064
genre_Drama                  0.0083      0.009      0.875      0.382      -0.010       0.027
genre_Family                 0.0647      0.015      4.455      0.000       0.036       0.093
genre_Fantasy                0.0062      0.013      0.487      0.626      -0.019       0.031
genre_History                0.0233      0.020      1.143      0.253      -0.017       0.063
genre_Horror                -0.0145      0.014     -1.045      0.296      -0.042       0.013
genre_Music                  0.0993      0.019      5.239      0.000       0.062       0.136
genre_Musical                0.3116      0.043      7.206      0.000       0.227       0.396
genre_Mystery               -0.0595      0.013     -4.717      0.000      -0.084      -0.035
genre_News               -8.846e-18   9.56e-18     -0.925      0.355   -2.76e-17     9.9e-18
genre_Romance               -0.0298      0.010     -2.986      0.003      -0.049      -0.010
genre_Sci_Fi                -0.0116      0.014     -0.857      0.391      -0.038       0.015
genre_Short               -8.45e-18   5.97e-18     -1.415      0.157   -2.02e-17    3.26e-18
genre_Sport                 -0.0424      0.021     -2.043      0.041      -0.083      -0.002
genre_Thriller              -0.0724      0.011     -6.790      0.000      -0.093      -0.051
genre_War                    0.0284      0.029      0.983      0.326      -0.028       0.085
genre_Western               -0.0345      0.051     -0.670      0.503      -0.135       0.066
==============================================================================
Omnibus:                     1657.418   Durbin-Watson:                   2.003
Prob(Omnibus):                  0.000   Jarque-Bera (JB):            13605.425
Skew:                           1.757   Prob(JB):                         0.00
Kurtosis:                      11.309   Cond. No.                     1.02e+16
==============================================================================

Notes:
[1] Standard Errors assume that the covariance matrix of the errors is correctly specified.
[2] The smallest eigenvalue is 6.38e-27. This might indicate that there are
strong multicollinearity problems or that the design matrix is singular.