                            OLS Regression Results                            
==============================================================================
Dep. Variable:              sd_pooled   R-squared:                       0.559
Model:                            OLS   Adj. R-squared:                  0.552
Method:                 Least Squares   F-statistic:                     78.13
Date:                Tue, 31 Mar 2026   Prob (F-statistic):               0.00
Time:                        22:25:06   Log-Likelihood:                 519.12
No. Observations:                4012   AIC:                            -908.2
Df Residuals:                    3947   BIC:                            -498.9
Df Model:                          64                                         
Covariance Type:            nonrobust                                         
============================================================================================
                               coef    std err          t      P>|t|      [0.025      0.975]
--------------------------------------------------------------------------------------------
const                        3.4019      0.049     69.810      0.000       3.306       3.497
FLead                        0.0489      0.008      6.062      0.000       0.033       0.065
mean_pooled                 -0.2354      0.004    -53.257      0.000      -0.244      -0.227
kim_violence_gore            0.0145      0.003      5.757      0.000       0.010       0.019
kim_sex_nudity               0.0043      0.002      1.939      0.053   -4.82e-05       0.009
kim_language                -0.0121      0.002     -6.603      0.000      -0.016      -0.009
major                       -0.0399      0.008     -4.945      0.000      -0.056      -0.024
log_bom_opening_theaters     0.0050      0.002      2.797      0.005       0.001       0.008
genres_count                -0.0136      0.007     -2.007      0.045      -0.027      -0.000
yr_1993                     -0.0082      0.035     -0.238      0.812      -0.076       0.060
yr_1994                     -0.0024      0.035     -0.068      0.946      -0.072       0.067
yr_1995                      0.0403      0.035      1.159      0.246      -0.028       0.109
yr_1996                      0.0039      0.034      0.113      0.910      -0.063       0.071
yr_1997                      0.0062      0.035      0.179      0.858      -0.062       0.074
yr_1998                      0.0567      0.034      1.690      0.091      -0.009       0.123
yr_1999                      0.0624      0.033      1.909      0.056      -0.002       0.127
yr_2000                     -0.0047      0.034     -0.139      0.890      -0.071       0.061
yr_2001                      0.0609      0.033      1.838      0.066      -0.004       0.126
yr_2002                      0.0184      0.033      0.565      0.572      -0.045       0.082
yr_2003                      0.0059      0.033      0.180      0.857      -0.058       0.070
yr_2004                      0.0699      0.033      2.148      0.032       0.006       0.134
yr_2005                      0.0540      0.032      1.672      0.095      -0.009       0.117
yr_2006                      0.1054      0.032      3.290      0.001       0.043       0.168
yr_2007                      0.1172      0.032      3.669      0.000       0.055       0.180
yr_2008                      0.0587      0.032      1.824      0.068      -0.004       0.122
yr_2009                      0.0424      0.033      1.303      0.193      -0.021       0.106
yr_2010                      0.0339      0.032      1.045      0.296      -0.030       0.098
yr_2011                      0.0365      0.032      1.142      0.253      -0.026       0.099
yr_2012                      0.0194      0.032      0.609      0.543      -0.043       0.082
yr_2013                      0.0118      0.032      0.370      0.711      -0.051       0.074
yr_2014                      0.0419      0.032      1.296      0.195      -0.021       0.105
yr_2015                     -0.0280      0.032     -0.872      0.383      -0.091       0.035
yr_2016                     -0.0343      0.032     -1.059      0.290      -0.098       0.029
yr_2017                      0.0242      0.033      0.740      0.459      -0.040       0.088
yr_2018                      0.0150      0.033      0.459      0.646      -0.049       0.079
mo_2                         0.0108      0.020      0.553      0.580      -0.027       0.049
mo_3                        -0.0026      0.019     -0.138      0.890      -0.039       0.034
mo_4                         0.0025      0.019      0.131      0.896      -0.034       0.039
mo_5                        -0.0093      0.020     -0.471      0.638      -0.048       0.029
mo_6                        -0.0231      0.020     -1.181      0.238      -0.061       0.015
mo_7                        -0.0203      0.019     -1.071      0.284      -0.058       0.017
mo_8                        -0.0227      0.018     -1.239      0.215      -0.059       0.013
mo_9                        -0.0248      0.019     -1.333      0.183      -0.061       0.012
mo_10                       -0.0049      0.018     -0.269      0.788      -0.041       0.031
mo_11                       -0.0201      0.019     -1.070      0.285      -0.057       0.017
mo_12                       -0.0247      0.018     -1.357      0.175      -0.060       0.011
genre_Action                -0.0598      0.011     -5.630      0.000      -0.081      -0.039
genre_Adventure             -0.0067      0.011     -0.591      0.555      -0.029       0.015
genre_Animation             -0.0301      0.018     -1.668      0.095      -0.065       0.005
genre_Biography             -0.0900      0.014     -6.302      0.000      -0.118      -0.062
genre_Comedy                 0.0019      0.010      0.199      0.842      -0.017       0.021
genre_Crime                 -0.0884      0.010     -8.601      0.000      -0.109      -0.068
genre_Drama                  0.0152      0.010      1.590      0.112      -0.004       0.034
genre_Family                 0.0660      0.015      4.503      0.000       0.037       0.095
genre_Fantasy                0.0061      0.013      0.478      0.633      -0.019       0.031
genre_History                0.0190      0.020      0.929      0.353      -0.021       0.059
genre_Horror                -0.0412      0.015     -2.825      0.005      -0.070      -0.013
genre_Music                  0.1152      0.019      6.000      0.000       0.078       0.153
genre_Musical                0.3252      0.043      7.506      0.000       0.240       0.410
genre_Mystery               -0.0563      0.013     -4.460      0.000      -0.081      -0.032
genre_News               -6.314e-18   3.91e-18     -1.616      0.106    -1.4e-17    1.35e-18
genre_Romance               -0.0088      0.010     -0.858      0.391      -0.029       0.011
genre_Sci_Fi                -0.0130      0.014     -0.958      0.338      -0.040       0.014
genre_Short                6.41e-19   9.61e-19      0.667      0.505   -1.24e-18    2.53e-18
genre_Sport                 -0.0391      0.021     -1.878      0.060      -0.080       0.002
genre_Thriller              -0.0755      0.011     -7.063      0.000      -0.096      -0.055
genre_War                    0.0011      0.029      0.038      0.970      -0.056       0.058
genre_Western               -0.0544      0.052     -1.053      0.292      -0.156       0.047
==============================================================================
Omnibus:                     1637.274   Durbin-Watson:                   2.006
Prob(Omnibus):                  0.000   Jarque-Bera (JB):            12962.087
Skew:                           1.744   Prob(JB):                         0.00
Kurtosis:                      11.086   Cond. No.                     1.02e+16
==============================================================================

Notes:
[1] Standard Errors assume that the covariance matrix of the errors is correctly specified.
[2] The smallest eigenvalue is 6.24e-27. This might indicate that there are
strong multicollinearity problems or that the design matrix is singular.