                            OLS Regression Results                            
==============================================================================
Dep. Variable:              sd_pooled   R-squared:                       0.561
Model:                            OLS   Adj. R-squared:                  0.554
Method:                 Least Squares   F-statistic:                     78.97
Date:                Tue, 31 Mar 2026   Prob (F-statistic):               0.00
Time:                        13:11:37   Log-Likelihood:                 531.13
No. Observations:                4012   AIC:                            -932.3
Df Residuals:                    3947   BIC:                            -523.0
Df Model:                          64                                         
Covariance Type:            nonrobust                                         
============================================================================================
                               coef    std err          t      P>|t|      [0.025      0.975]
--------------------------------------------------------------------------------------------
const                        3.3829      0.048     69.919      0.000       3.288       3.478
FLead                        0.0464      0.008      5.770      0.000       0.031       0.062
mean_pooled                 -0.2330      0.004    -52.923      0.000      -0.242      -0.224
kim_violence_gore            0.0099      0.002      4.250      0.000       0.005       0.014
kim_sex_nudity               0.0122      0.002      6.044      0.000       0.008       0.016
kim_language                -0.0148      0.002     -7.883      0.000      -0.018      -0.011
major                       -0.0397      0.008     -4.932      0.000      -0.055      -0.024
log_bom_opening_theaters     0.0057      0.002      3.238      0.001       0.002       0.009
genres_count                -0.0090      0.007     -1.329      0.184      -0.022       0.004
yr_1993                     -0.0043      0.034     -0.124      0.902      -0.072       0.063
yr_1994                     -0.0039      0.035     -0.110      0.913      -0.073       0.065
yr_1995                      0.0444      0.035      1.279      0.201      -0.024       0.112
yr_1996                      0.0102      0.034      0.299      0.765      -0.057       0.077
yr_1997                      0.0142      0.035      0.408      0.683      -0.054       0.082
yr_1998                      0.0587      0.033      1.752      0.080      -0.007       0.124
yr_1999                      0.0627      0.033      1.923      0.055      -0.001       0.127
yr_2000                     -0.0075      0.034     -0.222      0.824      -0.073       0.058
yr_2001                      0.0581      0.033      1.762      0.078      -0.007       0.123
yr_2002                      0.0167      0.032      0.513      0.608      -0.047       0.080
yr_2003                      0.0012      0.033      0.037      0.971      -0.063       0.065
yr_2004                      0.0621      0.032      1.912      0.056      -0.002       0.126
yr_2005                      0.0504      0.032      1.566      0.117      -0.013       0.113
yr_2006                      0.0997      0.032      3.119      0.002       0.037       0.162
yr_2007                      0.1123      0.032      3.528      0.000       0.050       0.175
yr_2008                      0.0539      0.032      1.680      0.093      -0.009       0.117
yr_2009                      0.0334      0.032      1.030      0.303      -0.030       0.097
yr_2010                      0.0282      0.032      0.870      0.384      -0.035       0.092
yr_2011                      0.0315      0.032      0.989      0.323      -0.031       0.094
yr_2012                      0.0170      0.032      0.536      0.592      -0.045       0.079
yr_2013                      0.0089      0.032      0.280      0.779      -0.054       0.071
yr_2014                      0.0417      0.032      1.295      0.195      -0.021       0.105
yr_2015                     -0.0314      0.032     -0.981      0.326      -0.094       0.031
yr_2016                     -0.0349      0.032     -1.083      0.279      -0.098       0.028
yr_2017                      0.0213      0.033      0.655      0.513      -0.043       0.085
yr_2018                      0.0160      0.033      0.490      0.624      -0.048       0.080
mo_2                         0.0069      0.019      0.356      0.722      -0.031       0.045
mo_3                        -0.0060      0.019     -0.326      0.744      -0.042       0.030
mo_4                         0.0006      0.019      0.030      0.976      -0.036       0.037
mo_5                        -0.0130      0.020     -0.659      0.510      -0.052       0.026
mo_6                        -0.0264      0.019     -1.357      0.175      -0.065       0.012
mo_7                        -0.0242      0.019     -1.278      0.201      -0.061       0.013
mo_8                        -0.0266      0.018     -1.461      0.144      -0.062       0.009
mo_9                        -0.0286      0.019     -1.542      0.123      -0.065       0.008
mo_10                       -0.0074      0.018     -0.408      0.683      -0.043       0.028
mo_11                       -0.0263      0.019     -1.401      0.161      -0.063       0.011
mo_12                       -0.0260      0.018     -1.436      0.151      -0.062       0.010
genre_Action                -0.0521      0.011     -4.952      0.000      -0.073      -0.031
genre_Adventure             -0.0063      0.011     -0.559      0.576      -0.028       0.016
genre_Animation             -0.0291      0.018     -1.619      0.106      -0.064       0.006
genre_Biography             -0.0939      0.014     -6.606      0.000      -0.122      -0.066
genre_Comedy                -0.0072      0.009     -0.770      0.442      -0.026       0.011
genre_Crime                 -0.0874      0.010     -8.550      0.000      -0.107      -0.067
genre_Drama                  0.0121      0.009      1.276      0.202      -0.006       0.031
genre_Family                 0.0693      0.015      4.763      0.000       0.041       0.098
genre_Fantasy                0.0046      0.013      0.360      0.719      -0.020       0.029
genre_History                0.0184      0.020      0.899      0.369      -0.022       0.058
genre_Horror                -0.0278      0.014     -1.939      0.053      -0.056       0.000
genre_Music                  0.1082      0.019      5.675      0.000       0.071       0.146
genre_Musical                0.3169      0.043      7.337      0.000       0.232       0.402
genre_Mystery               -0.0584      0.013     -4.638      0.000      -0.083      -0.034
genre_News                2.946e-18   5.32e-18      0.554      0.579   -7.47e-18    1.34e-17
genre_Romance               -0.0227      0.010     -2.238      0.025      -0.043      -0.003
genre_Sci_Fi                -0.0135      0.014     -0.998      0.318      -0.040       0.013
genre_Short               8.679e-18   7.82e-18      1.109      0.267   -6.66e-18     2.4e-17
genre_Sport                 -0.0397      0.021     -1.916      0.055      -0.080       0.001
genre_Thriller              -0.0731      0.011     -6.863      0.000      -0.094      -0.052
genre_War                    0.0176      0.029      0.606      0.545      -0.039       0.074
genre_Western               -0.0448      0.051     -0.871      0.384      -0.146       0.056
==============================================================================
Omnibus:                     1647.649   Durbin-Watson:                   2.009
Prob(Omnibus):                  0.000   Jarque-Bera (JB):            13345.973
Skew:                           1.749   Prob(JB):                         0.00
Kurtosis:                      11.222   Cond. No.                     1.02e+16
==============================================================================

Notes:
[1] Standard Errors assume that the covariance matrix of the errors is correctly specified.
[2] The smallest eigenvalue is 6.39e-27. This might indicate that there are
strong multicollinearity problems or that the design matrix is singular.