                            OLS Regression Results                            
==============================================================================
Dep. Variable:              sd_pooled   R-squared:                       0.560
Model:                            OLS   Adj. R-squared:                  0.552
Method:                 Least Squares   F-statistic:                     78.35
Date:                Tue, 31 Mar 2026   Prob (F-statistic):               0.00
Time:                        23:01:17   Log-Likelihood:                 522.32
No. Observations:                4012   AIC:                            -914.6
Df Residuals:                    3947   BIC:                            -505.3
Df Model:                          64                                         
Covariance Type:            nonrobust                                         
============================================================================================
                               coef    std err          t      P>|t|      [0.025      0.975]
--------------------------------------------------------------------------------------------
const                        3.4066      0.049     69.848      0.000       3.311       3.502
FLead                        0.0523      0.008      6.526      0.000       0.037       0.068
mean_pooled                 -0.2364      0.004    -53.795      0.000      -0.245      -0.228
kim_violence_gore            0.0099      0.003      3.953      0.000       0.005       0.015
kim_sex_nudity               0.0099      0.002      4.925      0.000       0.006       0.014
kim_language                -0.0149      0.002     -6.436      0.000      -0.019      -0.010
major                       -0.0368      0.008     -4.571      0.000      -0.053      -0.021
log_bom_opening_theaters     0.0053      0.002      2.984      0.003       0.002       0.009
genres_count                -0.0086      0.007     -1.269      0.205      -0.022       0.005
yr_1993                     -0.0044      0.035     -0.129      0.897      -0.072       0.063
yr_1994                     -0.0026      0.035     -0.074      0.941      -0.072       0.067
yr_1995                      0.0362      0.035      1.041      0.298      -0.032       0.104
yr_1996                      0.0044      0.034      0.129      0.897      -0.062       0.071
yr_1997                      0.0029      0.035      0.083      0.934      -0.065       0.071
yr_1998                      0.0517      0.034      1.544      0.123      -0.014       0.117
yr_1999                      0.0559      0.033      1.712      0.087      -0.008       0.120
yr_2000                     -0.0141      0.034     -0.418      0.676      -0.080       0.052
yr_2001                      0.0542      0.033      1.638      0.102      -0.011       0.119
yr_2002                      0.0129      0.033      0.397      0.692      -0.051       0.077
yr_2003                      0.0005      0.033      0.016      0.987      -0.064       0.065
yr_2004                      0.0629      0.033      1.933      0.053      -0.001       0.127
yr_2005                      0.0486      0.032      1.506      0.132      -0.015       0.112
yr_2006                      0.1007      0.032      3.140      0.002       0.038       0.164
yr_2007                      0.1146      0.032      3.587      0.000       0.052       0.177
yr_2008                      0.0520      0.032      1.616      0.106      -0.011       0.115
yr_2009                      0.0311      0.033      0.954      0.340      -0.033       0.095
yr_2010                      0.0235      0.032      0.724      0.469      -0.040       0.087
yr_2011                      0.0295      0.032      0.925      0.355      -0.033       0.092
yr_2012                      0.0115      0.032      0.364      0.716      -0.051       0.074
yr_2013                      0.0012      0.032      0.037      0.970      -0.061       0.064
yr_2014                      0.0313      0.032      0.970      0.332      -0.032       0.095
yr_2015                     -0.0417      0.032     -1.304      0.192      -0.105       0.021
yr_2016                     -0.0452      0.032     -1.401      0.161      -0.109       0.018
yr_2017                      0.0106      0.033      0.326      0.745      -0.053       0.074
yr_2018                      0.0057      0.033      0.174      0.862      -0.058       0.070
mo_2                         0.0121      0.019      0.623      0.534      -0.026       0.050
mo_3                        -0.0045      0.019     -0.244      0.807      -0.041       0.032
mo_4                         0.0048      0.019      0.253      0.800      -0.032       0.042
mo_5                        -0.0089      0.020     -0.450      0.653      -0.048       0.030
mo_6                        -0.0246      0.020     -1.261      0.207      -0.063       0.014
mo_7                        -0.0215      0.019     -1.132      0.258      -0.059       0.016
mo_8                        -0.0233      0.018     -1.275      0.202      -0.059       0.013
mo_9                        -0.0252      0.019     -1.356      0.175      -0.062       0.011
mo_10                       -0.0081      0.018     -0.444      0.657      -0.044       0.028
mo_11                       -0.0196      0.019     -1.043      0.297      -0.056       0.017
mo_12                       -0.0232      0.018     -1.275      0.203      -0.059       0.012
genre_Action                -0.0556      0.011     -5.225      0.000      -0.076      -0.035
genre_Adventure             -0.0019      0.011     -0.172      0.864      -0.024       0.020
genre_Animation             -0.0251      0.018     -1.392      0.164      -0.060       0.010
genre_Biography             -0.0941      0.014     -6.597      0.000      -0.122      -0.066
genre_Comedy                -0.0107      0.009     -1.136      0.256      -0.029       0.008
genre_Crime                 -0.0984      0.010     -9.722      0.000      -0.118      -0.079
genre_Drama                  0.0108      0.010      1.140      0.254      -0.008       0.030
genre_Family                 0.0707      0.015      4.826      0.000       0.042       0.099
genre_Fantasy                0.0093      0.013      0.739      0.460      -0.015       0.034
genre_History                0.0279      0.020      1.366      0.172      -0.012       0.068
genre_Horror                -0.0347      0.015     -2.371      0.018      -0.063      -0.006
genre_Music                  0.1072      0.019      5.598      0.000       0.070       0.145
genre_Musical                0.3247      0.043      7.502      0.000       0.240       0.410
genre_Mystery               -0.0567      0.013     -4.490      0.000      -0.081      -0.032
genre_News                4.419e-18      9e-18      0.491      0.624   -1.32e-17    2.21e-17
genre_Romance               -0.0175      0.010     -1.695      0.090      -0.038       0.003
genre_Sci_Fi                -0.0114      0.014     -0.841      0.400      -0.038       0.015
genre_Short               -7.73e-19   8.79e-18     -0.088      0.930    -1.8e-17    1.65e-17
genre_Sport                 -0.0380      0.021     -1.831      0.067      -0.079       0.003
genre_Thriller              -0.0767      0.011     -7.188      0.000      -0.098      -0.056
genre_War                    0.0036      0.029      0.125      0.901      -0.054       0.061
genre_Western               -0.0420      0.052     -0.814      0.415      -0.143       0.059
==============================================================================
Omnibus:                     1673.265   Durbin-Watson:                   2.004
Prob(Omnibus):                  0.000   Jarque-Bera (JB):            13845.295
Skew:                           1.775   Prob(JB):                         0.00
Kurtosis:                      11.379   Cond. No.                     1.02e+16
==============================================================================

Notes:
[1] Standard Errors assume that the covariance matrix of the errors is correctly specified.
[2] The smallest eigenvalue is 6.09e-27. This might indicate that there are
strong multicollinearity problems or that the design matrix is singular.