                            OLS Regression Results                            
==============================================================================
Dep. Variable:              sd_pooled   R-squared:                       0.561
Model:                            OLS   Adj. R-squared:                  0.553
Method:                 Least Squares   F-statistic:                     78.67
Date:                Tue, 31 Mar 2026   Prob (F-statistic):               0.00
Time:                        19:05:10   Log-Likelihood:                 526.88
No. Observations:                4012   AIC:                            -923.8
Df Residuals:                    3947   BIC:                            -514.5
Df Model:                          64                                         
Covariance Type:            nonrobust                                         
============================================================================================
                               coef    std err          t      P>|t|      [0.025      0.975]
--------------------------------------------------------------------------------------------
const                        3.3858      0.048     69.835      0.000       3.291       3.481
FLead                        0.0484      0.008      6.028      0.000       0.033       0.064
mean_pooled                 -0.2343      0.004    -53.172      0.000      -0.243      -0.226
kim_violence_gore            0.0114      0.003      4.492      0.000       0.006       0.016
kim_sex_nudity               0.0103      0.002      5.141      0.000       0.006       0.014
kim_language                -0.0134      0.002     -7.106      0.000      -0.017      -0.010
major                       -0.0394      0.008     -4.897      0.000      -0.055      -0.024
log_bom_opening_theaters     0.0056      0.002      3.189      0.001       0.002       0.009
genres_count                -0.0086      0.007     -1.265      0.206      -0.022       0.005
yr_1993                     -0.0078      0.034     -0.226      0.821      -0.075       0.060
yr_1994                     -0.0037      0.035     -0.104      0.917      -0.073       0.065
yr_1995                      0.0428      0.035      1.231      0.218      -0.025       0.111
yr_1996                      0.0049      0.034      0.145      0.885      -0.062       0.072
yr_1997                      0.0081      0.035      0.233      0.816      -0.060       0.076
yr_1998                      0.0564      0.033      1.683      0.093      -0.009       0.122
yr_1999                      0.0567      0.033      1.739      0.082      -0.007       0.121
yr_2000                     -0.0123      0.034     -0.366      0.714      -0.078       0.054
yr_2001                      0.0530      0.033      1.603      0.109      -0.012       0.118
yr_2002                      0.0137      0.032      0.421      0.674      -0.050       0.077
yr_2003                     -0.0041      0.033     -0.125      0.901      -0.068       0.060
yr_2004                      0.0623      0.032      1.919      0.055      -0.001       0.126
yr_2005                      0.0480      0.032      1.488      0.137      -0.015       0.111
yr_2006                      0.0964      0.032      3.009      0.003       0.034       0.159
yr_2007                      0.1103      0.032      3.459      0.001       0.048       0.173
yr_2008                      0.0507      0.032      1.580      0.114      -0.012       0.114
yr_2009                      0.0311      0.033      0.955      0.340      -0.033       0.095
yr_2010                      0.0248      0.032      0.766      0.444      -0.039       0.088
yr_2011                      0.0276      0.032      0.865      0.387      -0.035       0.090
yr_2012                      0.0121      0.032      0.382      0.702      -0.050       0.074
yr_2013                      0.0046      0.032      0.145      0.884      -0.058       0.067
yr_2014                      0.0355      0.032      1.102      0.271      -0.028       0.099
yr_2015                     -0.0344      0.032     -1.075      0.282      -0.097       0.028
yr_2016                     -0.0378      0.032     -1.170      0.242      -0.101       0.026
yr_2017                      0.0177      0.033      0.542      0.588      -0.046       0.082
yr_2018                      0.0102      0.033      0.312      0.755      -0.054       0.074
mo_2                         0.0083      0.019      0.428      0.669      -0.030       0.047
mo_3                        -0.0034      0.019     -0.185      0.854      -0.040       0.033
mo_4                         0.0019      0.019      0.103      0.918      -0.035       0.039
mo_5                        -0.0111      0.020     -0.561      0.575      -0.050       0.028
mo_6                        -0.0251      0.019     -1.289      0.197      -0.063       0.013
mo_7                        -0.0222      0.019     -1.173      0.241      -0.059       0.015
mo_8                        -0.0248      0.018     -1.360      0.174      -0.061       0.011
mo_9                        -0.0279      0.019     -1.499      0.134      -0.064       0.009
mo_10                       -0.0057      0.018     -0.312      0.755      -0.042       0.030
mo_11                       -0.0226      0.019     -1.201      0.230      -0.059       0.014
mo_12                       -0.0251      0.018     -1.381      0.167      -0.061       0.011
genre_Action                -0.0564      0.011     -5.314      0.000      -0.077      -0.036
genre_Adventure             -0.0035      0.011     -0.313      0.755      -0.026       0.019
genre_Animation             -0.0248      0.018     -1.378      0.168      -0.060       0.010
genre_Biography             -0.0929      0.014     -6.516      0.000      -0.121      -0.065
genre_Comedy                -0.0054      0.010     -0.568      0.570      -0.024       0.013
genre_Crime                 -0.0925      0.010     -9.060      0.000      -0.113      -0.073
genre_Drama                  0.0118      0.010      1.245      0.213      -0.007       0.030
genre_Family                 0.0731      0.015      5.017      0.000       0.045       0.102
genre_Fantasy                0.0058      0.013      0.461      0.645      -0.019       0.031
genre_History                0.0208      0.020      1.017      0.309      -0.019       0.061
genre_Horror                -0.0364      0.015     -2.489      0.013      -0.065      -0.008
genre_Music                  0.1101      0.019      5.753      0.000       0.073       0.148
genre_Musical                0.3207      0.043      7.415      0.000       0.236       0.405
genre_Mystery               -0.0597      0.013     -4.742      0.000      -0.084      -0.035
genre_News                1.075e-17   5.07e-18      2.119      0.034    8.03e-19    2.07e-17
genre_Romance               -0.0188      0.010     -1.824      0.068      -0.039       0.001
genre_Sci_Fi                -0.0129      0.014     -0.950      0.342      -0.040       0.014
genre_Short               5.837e-18   3.32e-18      1.757      0.079   -6.78e-19    1.24e-17
genre_Sport                 -0.0366      0.021     -1.763      0.078      -0.077       0.004
genre_Thriller              -0.0760      0.011     -7.139      0.000      -0.097      -0.055
genre_War                    0.0111      0.029      0.382      0.703      -0.046       0.068
genre_Western               -0.0462      0.052     -0.895      0.371      -0.147       0.055
==============================================================================
Omnibus:                     1647.241   Durbin-Watson:                   2.007
Prob(Omnibus):                  0.000   Jarque-Bera (JB):            13328.148
Skew:                           1.749   Prob(JB):                         0.00
Kurtosis:                      11.215   Cond. No.                     1.02e+16
==============================================================================

Notes:
[1] Standard Errors assume that the covariance matrix of the errors is correctly specified.
[2] The smallest eigenvalue is 6.4e-27. This might indicate that there are
strong multicollinearity problems or that the design matrix is singular.