                            OLS Regression Results                            
==============================================================================
Dep. Variable:              sd_pooled   R-squared:                       0.560
Model:                            OLS   Adj. R-squared:                  0.553
Method:                 Least Squares   F-statistic:                     78.39
Date:                Sun, 29 Mar 2026   Prob (F-statistic):               0.00
Time:                        15:17:02   Log-Likelihood:                 522.85
No. Observations:                4012   AIC:                            -915.7
Df Residuals:                    3947   BIC:                            -506.4
Df Model:                          64                                         
Covariance Type:            nonrobust                                         
============================================================================================
                               coef    std err          t      P>|t|      [0.025      0.975]
--------------------------------------------------------------------------------------------
const                        3.3900      0.048     69.939      0.000       3.295       3.485
FLead                        0.0443      0.008      5.506      0.000       0.029       0.060
mean_pooled                 -0.2322      0.004    -52.645      0.000      -0.241      -0.224
kim_violence_gore            0.0027      0.002      1.314      0.189      -0.001       0.007
kim_sex_nudity               0.0133      0.002      6.620      0.000       0.009       0.017
kim_language                -0.0135      0.002     -7.175      0.000      -0.017      -0.010
major                       -0.0409      0.008     -5.076      0.000      -0.057      -0.025
log_bom_opening_theaters     0.0061      0.002      3.440      0.001       0.003       0.010
genres_count                -0.0053      0.007     -0.789      0.430      -0.019       0.008
yr_1993                      0.0003      0.035      0.008      0.994      -0.067       0.068
yr_1994                      0.0014      0.035      0.040      0.968      -0.068       0.071
yr_1995                      0.0489      0.035      1.405      0.160      -0.019       0.117
yr_1996                      0.0143      0.034      0.420      0.674      -0.053       0.081
yr_1997                      0.0195      0.035      0.561      0.575      -0.049       0.088
yr_1998                      0.0617      0.034      1.839      0.066      -0.004       0.127
yr_1999                      0.0664      0.033      2.034      0.042       0.002       0.130
yr_2000                     -0.0046      0.034     -0.136      0.892      -0.071       0.061
yr_2001                      0.0649      0.033      1.963      0.050    8.49e-05       0.130
yr_2002                      0.0222      0.033      0.683      0.495      -0.042       0.086
yr_2003                      0.0062      0.033      0.189      0.850      -0.058       0.070
yr_2004                      0.0688      0.033      2.116      0.034       0.005       0.133
yr_2005                      0.0559      0.032      1.733      0.083      -0.007       0.119
yr_2006                      0.1076      0.032      3.362      0.001       0.045       0.170
yr_2007                      0.1206      0.032      3.781      0.000       0.058       0.183
yr_2008                      0.0617      0.032      1.924      0.054      -0.001       0.125
yr_2009                      0.0405      0.033      1.245      0.213      -0.023       0.104
yr_2010                      0.0363      0.032      1.118      0.263      -0.027       0.100
yr_2011                      0.0382      0.032      1.200      0.230      -0.024       0.101
yr_2012                      0.0234      0.032      0.738      0.461      -0.039       0.086
yr_2013                      0.0154      0.032      0.482      0.629      -0.047       0.078
yr_2014                      0.0446      0.032      1.380      0.168      -0.019       0.108
yr_2015                     -0.0280      0.032     -0.874      0.382      -0.091       0.035
yr_2016                     -0.0297      0.032     -0.919      0.358      -0.093       0.034
yr_2017                      0.0254      0.033      0.778      0.436      -0.039       0.089
yr_2018                      0.0209      0.033      0.639      0.523      -0.043       0.085
mo_2                         0.0076      0.020      0.391      0.696      -0.031       0.046
mo_3                        -0.0042      0.019     -0.224      0.823      -0.041       0.032
mo_4                         0.0025      0.019      0.135      0.893      -0.034       0.039
mo_5                        -0.0125      0.020     -0.630      0.529      -0.051       0.026
mo_6                        -0.0258      0.020     -1.321      0.187      -0.064       0.012
mo_7                        -0.0240      0.019     -1.268      0.205      -0.061       0.013
mo_8                        -0.0264      0.018     -1.447      0.148      -0.062       0.009
mo_9                        -0.0286      0.019     -1.536      0.125      -0.065       0.008
mo_10                       -0.0056      0.018     -0.305      0.760      -0.041       0.030
mo_11                       -0.0239      0.019     -1.273      0.203      -0.061       0.013
mo_12                       -0.0252      0.018     -1.386      0.166      -0.061       0.010
genre_Action                -0.0465      0.011     -4.426      0.000      -0.067      -0.026
genre_Adventure             -0.0047      0.011     -0.420      0.675      -0.027       0.017
genre_Animation             -0.0352      0.018     -1.961      0.050      -0.070    -1.1e-05
genre_Biography             -0.0958      0.014     -6.726      0.000      -0.124      -0.068
genre_Comedy                -0.0168      0.009     -1.843      0.065      -0.035       0.001
genre_Crime                 -0.0841      0.010     -8.221      0.000      -0.104      -0.064
genre_Drama                  0.0087      0.009      0.921      0.357      -0.010       0.027
genre_Family                 0.0647      0.015      4.447      0.000       0.036       0.093
genre_Fantasy                0.0058      0.013      0.454      0.650      -0.019       0.031
genre_History                0.0230      0.020      1.124      0.261      -0.017       0.063
genre_Horror                -0.0134      0.014     -0.954      0.340      -0.041       0.014
genre_Music                  0.0992      0.019      5.227      0.000       0.062       0.136
genre_Musical                0.3115      0.043      7.199      0.000       0.227       0.396
genre_Mystery               -0.0596      0.013     -4.724      0.000      -0.084      -0.035
genre_News                3.573e-18   3.89e-18      0.917      0.359   -4.06e-18    1.12e-17
genre_Romance               -0.0305      0.010     -3.040      0.002      -0.050      -0.011
genre_Sci_Fi                -0.0114      0.014     -0.838      0.402      -0.038       0.015
genre_Short              -1.648e-18   4.48e-18     -0.368      0.713   -1.04e-17    7.13e-18
genre_Sport                 -0.0427      0.021     -2.057      0.040      -0.083      -0.002
genre_Thriller              -0.0726      0.011     -6.802      0.000      -0.094      -0.052
genre_War                    0.0273      0.029      0.940      0.347      -0.030       0.084
genre_Western               -0.0322      0.051     -0.626      0.531      -0.133       0.069
==============================================================================
Omnibus:                     1664.570   Durbin-Watson:                   2.005
Prob(Omnibus):                  0.000   Jarque-Bera (JB):            13831.560
Skew:                           1.763   Prob(JB):                         0.00
Kurtosis:                      11.385   Cond. No.                     1.02e+16
==============================================================================

Notes:
[1] Standard Errors assume that the covariance matrix of the errors is correctly specified.
[2] The smallest eigenvalue is 6.4e-27. This might indicate that there are
strong multicollinearity problems or that the design matrix is singular.