                            OLS Regression Results                            
==============================================================================
Dep. Variable:              sd_pooled   R-squared:                       0.560
Model:                            OLS   Adj. R-squared:                  0.553
Method:                 Least Squares   F-statistic:                     78.55
Date:                Sun, 29 Mar 2026   Prob (F-statistic):               0.00
Time:                        15:57:02   Log-Likelihood:                 525.14
No. Observations:                4012   AIC:                            -920.3
Df Residuals:                    3947   BIC:                            -511.0
Df Model:                          64                                         
Covariance Type:            nonrobust                                         
============================================================================================
                               coef    std err          t      P>|t|      [0.025      0.975]
--------------------------------------------------------------------------------------------
const                        3.3851      0.048     69.801      0.000       3.290       3.480
FLead                        0.0454      0.008      5.636      0.000       0.030       0.061
mean_pooled                 -0.2324      0.004    -52.746      0.000      -0.241      -0.224
kim_violence_gore            0.0060      0.002      2.498      0.013       0.001       0.011
kim_sex_nudity               0.0129      0.002      6.469      0.000       0.009       0.017
kim_language                -0.0139      0.002     -7.438      0.000      -0.018      -0.010
major                       -0.0405      0.008     -5.025      0.000      -0.056      -0.025
log_bom_opening_theaters     0.0059      0.002      3.359      0.001       0.002       0.009
genres_count                -0.0069      0.007     -1.021      0.307      -0.020       0.006
yr_1993                     -0.0021      0.035     -0.062      0.950      -0.070       0.066
yr_1994                      0.0001      0.035      0.004      0.997      -0.069       0.069
yr_1995                      0.0487      0.035      1.403      0.161      -0.019       0.117
yr_1996                      0.0121      0.034      0.355      0.723      -0.055       0.079
yr_1997                      0.0167      0.035      0.480      0.631      -0.051       0.085
yr_1998                      0.0602      0.034      1.796      0.073      -0.006       0.126
yr_1999                      0.0643      0.033      1.971      0.049       0.000       0.128
yr_2000                     -0.0051      0.034     -0.153      0.879      -0.071       0.061
yr_2001                      0.0625      0.033      1.892      0.059      -0.002       0.127
yr_2002                      0.0192      0.033      0.591      0.554      -0.045       0.083
yr_2003                      0.0036      0.033      0.110      0.912      -0.061       0.068
yr_2004                      0.0660      0.033      2.030      0.042       0.002       0.130
yr_2005                      0.0539      0.032      1.673      0.094      -0.009       0.117
yr_2006                      0.1034      0.032      3.229      0.001       0.041       0.166
yr_2007                      0.1172      0.032      3.676      0.000       0.055       0.180
yr_2008                      0.0579      0.032      1.803      0.072      -0.005       0.121
yr_2009                      0.0364      0.033      1.117      0.264      -0.027       0.100
yr_2010                      0.0325      0.032      1.003      0.316      -0.031       0.096
yr_2011                      0.0345      0.032      1.082      0.279      -0.028       0.097
yr_2012                      0.0201      0.032      0.632      0.527      -0.042       0.082
yr_2013                      0.0108      0.032      0.337      0.736      -0.052       0.073
yr_2014                      0.0420      0.032      1.300      0.194      -0.021       0.105
yr_2015                     -0.0308      0.032     -0.961      0.337      -0.094       0.032
yr_2016                     -0.0329      0.032     -1.018      0.309      -0.096       0.030
yr_2017                      0.0223      0.033      0.683      0.494      -0.042       0.086
yr_2018                      0.0175      0.033      0.533      0.594      -0.047       0.082
mo_2                         0.0077      0.019      0.393      0.694      -0.031       0.046
mo_3                        -0.0038      0.019     -0.206      0.837      -0.040       0.033
mo_4                         0.0024      0.019      0.129      0.898      -0.034       0.039
mo_5                        -0.0123      0.020     -0.622      0.534      -0.051       0.026
mo_6                        -0.0258      0.019     -1.323      0.186      -0.064       0.012
mo_7                        -0.0235      0.019     -1.242      0.214      -0.061       0.014
mo_8                        -0.0254      0.018     -1.392      0.164      -0.061       0.010
mo_9                        -0.0284      0.019     -1.527      0.127      -0.065       0.008
mo_10                       -0.0056      0.018     -0.305      0.760      -0.041       0.030
mo_11                       -0.0230      0.019     -1.223      0.221      -0.060       0.014
mo_12                       -0.0252      0.018     -1.389      0.165      -0.061       0.010
genre_Action                -0.0489      0.011     -4.644      0.000      -0.070      -0.028
genre_Adventure             -0.0056      0.011     -0.494      0.622      -0.028       0.017
genre_Animation             -0.0320      0.018     -1.781      0.075      -0.067       0.003
genre_Biography             -0.0948      0.014     -6.651      0.000      -0.123      -0.067
genre_Comedy                -0.0131      0.009     -1.408      0.159      -0.031       0.005
genre_Crime                 -0.0859      0.010     -8.376      0.000      -0.106      -0.066
genre_Drama                  0.0097      0.009      1.021      0.307      -0.009       0.028
genre_Family                 0.0671      0.015      4.606      0.000       0.039       0.096
genre_Fantasy                0.0045      0.013      0.355      0.723      -0.020       0.029
genre_History                0.0218      0.020      1.065      0.287      -0.018       0.062
genre_Horror                -0.0171      0.014     -1.222      0.222      -0.045       0.010
genre_Music                  0.1033      0.019      5.419      0.000       0.066       0.141
genre_Musical                0.3135      0.043      7.248      0.000       0.229       0.398
genre_Mystery               -0.0608      0.013     -4.823      0.000      -0.086      -0.036
genre_News               -1.511e-17    1.8e-17     -0.842      0.400   -5.03e-17    2.01e-17
genre_Romance               -0.0267      0.010     -2.628      0.009      -0.047      -0.007
genre_Sci_Fi                -0.0125      0.014     -0.918      0.359      -0.039       0.014
genre_Short              -5.755e-19   7.11e-18     -0.081      0.935   -1.45e-17    1.34e-17
genre_Sport                 -0.0415      0.021     -2.003      0.045      -0.082      -0.001
genre_Thriller              -0.0732      0.011     -6.859      0.000      -0.094      -0.052
genre_War                    0.0223      0.029      0.765      0.444      -0.035       0.079
genre_Western               -0.0370      0.052     -0.719      0.472      -0.138       0.064
==============================================================================
Omnibus:                     1653.521   Durbin-Watson:                   2.005
Prob(Omnibus):                  0.000   Jarque-Bera (JB):            13460.411
Skew:                           1.755   Prob(JB):                         0.00
Kurtosis:                      11.258   Cond. No.                     1.02e+16
==============================================================================

Notes:
[1] Standard Errors assume that the covariance matrix of the errors is correctly specified.
[2] The smallest eigenvalue is 6.29e-27. This might indicate that there are
strong multicollinearity problems or that the design matrix is singular.