                            OLS Regression Results                            
==============================================================================
Dep. Variable:              sd_pooled   R-squared:                       0.556
Model:                            OLS   Adj. R-squared:                  0.546
Method:                 Least Squares   F-statistic:                     53.79
Date:                Tue, 31 Mar 2026   Prob (F-statistic):               0.00
Time:                        15:18:53   Log-Likelihood:                 375.91
No. Observations:                2809   AIC:                            -621.8
Df Residuals:                    2744   BIC:                            -235.7
Df Model:                          64                                         
Covariance Type:            nonrobust                                         
============================================================================================
                               coef    std err          t      P>|t|      [0.025      0.975]
--------------------------------------------------------------------------------------------
const                        3.3704      0.058     58.295      0.000       3.257       3.484
FLead                        0.0503      0.010      5.168      0.000       0.031       0.069
mean_pooled                 -0.2322      0.005    -43.096      0.000      -0.243      -0.222
kim_violence_gore            0.0120      0.003      3.887      0.000       0.006       0.018
kim_sex_nudity               0.0118      0.002      4.837      0.000       0.007       0.017
kim_language                -0.0157      0.002     -6.853      0.000      -0.020      -0.011
major                       -0.0393      0.010     -4.054      0.000      -0.058      -0.020
log_bom_opening_theaters     0.0064      0.002      2.997      0.003       0.002       0.011
genres_count                -0.0105      0.008     -1.245      0.213      -0.027       0.006
yr_1993                     -0.0058      0.040     -0.145      0.885      -0.085       0.073
yr_1994                      0.0088      0.042      0.211      0.833      -0.073       0.091
yr_1995                      0.0305      0.041      0.739      0.460      -0.050       0.111
yr_1996                      0.0181      0.040      0.452      0.651      -0.061       0.097
yr_1997                      0.0047      0.041      0.116      0.908      -0.075       0.084
yr_1998                      0.0686      0.040      1.736      0.083      -0.009       0.146
yr_1999                      0.0665      0.038      1.743      0.082      -0.008       0.141
yr_2000                      0.0093      0.039      0.235      0.814      -0.068       0.086
yr_2001                      0.0504      0.040      1.273      0.203      -0.027       0.128
yr_2002                      0.0095      0.038      0.249      0.804      -0.065       0.084
yr_2003                      0.0118      0.038      0.308      0.758      -0.063       0.087
yr_2004                      0.0519      0.038      1.373      0.170      -0.022       0.126
yr_2005                      0.0504      0.037      1.344      0.179      -0.023       0.124
yr_2006                      0.1064      0.037      2.849      0.004       0.033       0.180
yr_2007                      0.1089      0.037      2.914      0.004       0.036       0.182
yr_2008                      0.0577      0.038      1.520      0.129      -0.017       0.132
yr_2009                      0.0369      0.038      0.974      0.330      -0.037       0.111
yr_2010                      0.0276      0.038      0.725      0.469      -0.047       0.102
yr_2011                      0.0313      0.037      0.845      0.398      -0.041       0.104
yr_2012                      0.0168      0.037      0.452      0.651      -0.056       0.089
yr_2013                      0.0175      0.037      0.468      0.640      -0.056       0.091
yr_2014                      0.0557      0.038      1.469      0.142      -0.019       0.130
yr_2015                     -0.0246      0.038     -0.650      0.516      -0.099       0.050
yr_2016                     -0.0363      0.038     -0.950      0.342      -0.111       0.039
yr_2017                      0.0050      0.038      0.132      0.895      -0.070       0.080
yr_2018                      0.0137      0.038      0.355      0.722      -0.062       0.089
mo_2                         0.0113      0.023      0.489      0.625      -0.034       0.057
mo_3                        -0.0002      0.022     -0.010      0.992      -0.044       0.044
mo_4                         0.0025      0.022      0.114      0.909      -0.041       0.046
mo_5                        -0.0096      0.024     -0.408      0.683      -0.056       0.037
mo_6                        -0.0165      0.023     -0.718      0.473      -0.062       0.029
mo_7                        -0.0158      0.023     -0.700      0.484      -0.060       0.028
mo_8                        -0.0176      0.022     -0.804      0.421      -0.060       0.025
mo_9                        -0.0138      0.022     -0.630      0.529      -0.057       0.029
mo_10                       -0.0040      0.022     -0.182      0.855      -0.047       0.039
mo_11                       -0.0155      0.022     -0.688      0.491      -0.060       0.029
mo_12                       -0.0165      0.022     -0.763      0.445      -0.059       0.026
genre_Action                -0.0583      0.013     -4.494      0.000      -0.084      -0.033
genre_Adventure             -0.0042      0.014     -0.308      0.758      -0.031       0.023
genre_Animation             -0.0191      0.021     -0.891      0.373      -0.061       0.023
genre_Biography             -0.0967      0.018     -5.513      0.000      -0.131      -0.062
genre_Comedy                -0.0156      0.012     -1.353      0.176      -0.038       0.007
genre_Crime                 -0.1008      0.012     -8.135      0.000      -0.125      -0.076
genre_Drama                  0.0147      0.012      1.259      0.208      -0.008       0.038
genre_Family                 0.0567      0.018      3.232      0.001       0.022       0.091
genre_Fantasy               -0.0034      0.015     -0.226      0.821      -0.033       0.026
genre_History                0.0549      0.025      2.199      0.028       0.006       0.104
genre_Horror                -0.0340      0.018     -1.941      0.052      -0.068       0.000
genre_Music                  0.0969      0.022      4.378      0.000       0.053       0.140
genre_Musical                0.3380      0.063      5.402      0.000       0.215       0.461
genre_Mystery               -0.0517      0.015     -3.389      0.001      -0.082      -0.022
genre_News               -4.972e-18   2.93e-18     -1.699      0.089   -1.07e-17    7.66e-19
genre_Romance               -0.0163      0.013     -1.287      0.198      -0.041       0.009
genre_Sci_Fi                -0.0187      0.016     -1.153      0.249      -0.051       0.013
genre_Short              -8.123e-19   2.77e-18     -0.293      0.769   -6.24e-18    4.62e-18
genre_Sport                 -0.0587      0.025     -2.352      0.019      -0.108      -0.010
genre_Thriller              -0.0737      0.013     -5.758      0.000      -0.099      -0.049
genre_War                    0.0386      0.039      0.992      0.321      -0.038       0.115
genre_Western               -0.0590      0.062     -0.946      0.344      -0.181       0.063
==============================================================================
Omnibus:                     1252.008   Durbin-Watson:                   2.021
Prob(Omnibus):                  0.000   Jarque-Bera (JB):            12230.227
Skew:                           1.856   Prob(JB):                         0.00
Kurtosis:                      12.524   Cond. No.                     1.02e+16
==============================================================================

Notes:
[1] Standard Errors assume that the covariance matrix of the errors is correctly specified.
[2] The smallest eigenvalue is 4.48e-27. This might indicate that there are
strong multicollinearity problems or that the design matrix is singular.