                            OLS Regression Results                            
==============================================================================
Dep. Variable:              sd_pooled   R-squared:                       0.564
Model:                            OLS   Adj. R-squared:                  0.557
Method:                 Least Squares   F-statistic:                     78.88
Date:                Sun, 29 Mar 2026   Prob (F-statistic):               0.00
Time:                        15:53:42   Log-Likelihood:                 545.20
No. Observations:                3972   AIC:                            -960.4
Df Residuals:                    3907   BIC:                            -551.7
Df Model:                          64                                         
Covariance Type:            nonrobust                                         
============================================================================================
                               coef    std err          t      P>|t|      [0.025      0.975]
--------------------------------------------------------------------------------------------
const                        3.3691      0.048     69.705      0.000       3.274       3.464
FLead                        0.0471      0.008      5.870      0.000       0.031       0.063
mean_pooled                 -0.2325      0.004    -52.795      0.000      -0.241      -0.224
kim_violence_gore            0.0121      0.003      4.767      0.000       0.007       0.017
kim_sex_nudity               0.0118      0.002      5.805      0.000       0.008       0.016
kim_language                -0.0148      0.002     -7.909      0.000      -0.018      -0.011
major                       -0.0385      0.008     -4.788      0.000      -0.054      -0.023
log_bom_opening_theaters     0.0054      0.002      3.070      0.002       0.002       0.009
genres_count                -0.0082      0.007     -1.208      0.227      -0.021       0.005
yr_1993                     -0.0061      0.034     -0.178      0.859      -0.073       0.061
yr_1994                     -0.0031      0.035     -0.088      0.930      -0.072       0.066
yr_1995                      0.0435      0.035      1.259      0.208      -0.024       0.111
yr_1996                      0.0090      0.034      0.265      0.791      -0.058       0.076
yr_1997                      0.0115      0.035      0.332      0.740      -0.056       0.079
yr_1998                      0.0639      0.033      1.911      0.056      -0.002       0.129
yr_1999                      0.0598      0.032      1.842      0.066      -0.004       0.123
yr_2000                     -0.0097      0.033     -0.289      0.772      -0.075       0.056
yr_2001                      0.0558      0.033      1.694      0.090      -0.009       0.120
yr_2002                      0.0166      0.032      0.512      0.609      -0.047       0.080
yr_2003                     -0.0002      0.033     -0.005      0.996      -0.064       0.064
yr_2004                      0.0587      0.032      1.814      0.070      -0.005       0.122
yr_2005                      0.0473      0.032      1.476      0.140      -0.016       0.110
yr_2006                      0.0973      0.032      3.046      0.002       0.035       0.160
yr_2007                      0.1101      0.032      3.472      0.001       0.048       0.172
yr_2008                      0.0522      0.032      1.632      0.103      -0.011       0.115
yr_2009                      0.0308      0.032      0.950      0.342      -0.033       0.094
yr_2010                      0.0262      0.032      0.812      0.417      -0.037       0.089
yr_2011                      0.0296      0.032      0.934      0.351      -0.033       0.092
yr_2012                      0.0156      0.032      0.495      0.620      -0.046       0.078
yr_2013                      0.0069      0.032      0.218      0.827      -0.055       0.069
yr_2014                      0.0405      0.032      1.262      0.207      -0.022       0.103
yr_2015                     -0.0321      0.032     -1.008      0.314      -0.095       0.030
yr_2016                     -0.0491      0.032     -1.524      0.128      -0.112       0.014
yr_2017                      0.0206      0.032      0.637      0.524      -0.043       0.084
yr_2018                      0.0142      0.033      0.435      0.663      -0.050       0.078
mo_2                         0.0064      0.020      0.328      0.743      -0.032       0.045
mo_3                        -0.0061      0.019     -0.327      0.743      -0.042       0.030
mo_4                        -0.0051      0.019     -0.271      0.787      -0.042       0.032
mo_5                        -0.0145      0.020     -0.735      0.462      -0.053       0.024
mo_6                        -0.0272      0.020     -1.393      0.164      -0.065       0.011
mo_7                        -0.0233      0.019     -1.230      0.219      -0.060       0.014
mo_8                        -0.0259      0.018     -1.418      0.156      -0.062       0.010
mo_9                        -0.0288      0.019     -1.551      0.121      -0.065       0.008
mo_10                       -0.0083      0.018     -0.453      0.651      -0.044       0.028
mo_11                       -0.0252      0.019     -1.339      0.181      -0.062       0.012
mo_12                       -0.0276      0.018     -1.522      0.128      -0.063       0.008
genre_Action                -0.0539      0.011     -5.062      0.000      -0.075      -0.033
genre_Adventure             -0.0066      0.011     -0.585      0.559      -0.029       0.015
genre_Animation             -0.0298      0.018     -1.651      0.099      -0.065       0.006
genre_Biography             -0.0918      0.014     -6.447      0.000      -0.120      -0.064
genre_Comedy                -0.0017      0.010     -0.177      0.859      -0.020       0.017
genre_Crime                 -0.0892      0.010     -8.702      0.000      -0.109      -0.069
genre_Drama                  0.0128      0.010      1.345      0.179      -0.006       0.031
genre_Family                 0.0715      0.015      4.896      0.000       0.043       0.100
genre_Fantasy                0.0050      0.013      0.394      0.693      -0.020       0.030
genre_History                0.0193      0.020      0.947      0.344      -0.021       0.059
genre_Horror                -0.0319      0.015     -2.185      0.029      -0.061      -0.003
genre_Music                  0.1137      0.019      5.871      0.000       0.076       0.152
genre_Musical                0.3150      0.044      7.167      0.000       0.229       0.401
genre_Mystery               -0.0589      0.013     -4.692      0.000      -0.084      -0.034
genre_News               -1.197e-17   6.44e-18     -1.859      0.063   -2.46e-17    6.52e-19
genre_Romance               -0.0190      0.010     -1.847      0.065      -0.039       0.001
genre_Sci_Fi                -0.0136      0.014     -1.005      0.315      -0.040       0.013
genre_Short              -7.192e-18    2.7e-18     -2.669      0.008   -1.25e-17   -1.91e-18
genre_Sport                 -0.0389      0.021     -1.862      0.063      -0.080       0.002
genre_Thriller              -0.0744      0.011     -6.978      0.000      -0.095      -0.053
genre_War                    0.0108      0.029      0.372      0.710      -0.046       0.068
genre_Western               -0.0465      0.051     -0.907      0.364      -0.147       0.054
==============================================================================
Omnibus:                     1584.333   Durbin-Watson:                   2.003
Prob(Omnibus):                  0.000   Jarque-Bera (JB):            12188.744
Skew:                           1.706   Prob(JB):                         0.00
Kurtosis:                      10.875   Cond. No.                     1.02e+16
==============================================================================

Notes:
[1] Standard Errors assume that the covariance matrix of the errors is correctly specified.
[2] The smallest eigenvalue is 6.32e-27. This might indicate that there are
strong multicollinearity problems or that the design matrix is singular.