                            OLS Regression Results                            
==============================================================================
Dep. Variable:              sd_pooled   R-squared:                       0.557
Model:                            OLS   Adj. R-squared:                  0.550
Method:                 Least Squares   F-statistic:                     77.48
Date:                Wed, 01 Apr 2026   Prob (F-statistic):               0.00
Time:                        00:22:56   Log-Likelihood:                 509.73
No. Observations:                4012   AIC:                            -889.5
Df Residuals:                    3947   BIC:                            -480.2
Df Model:                          64                                         
Covariance Type:            nonrobust                                         
============================================================================================
                               coef    std err          t      P>|t|      [0.025      0.975]
--------------------------------------------------------------------------------------------
const                        3.3958      0.049     69.366      0.000       3.300       3.492
FLead                        0.0533      0.008      6.632      0.000       0.038       0.069
mean_pooled                 -0.2373      0.004    -53.841      0.000      -0.246      -0.229
kim_violence_gore            0.0086      0.003      3.423      0.001       0.004       0.014
kim_sex_nudity               0.0086      0.002      4.215      0.000       0.005       0.013
kim_language                -0.0099      0.002     -4.058      0.000      -0.015      -0.005
major                       -0.0369      0.008     -4.564      0.000      -0.053      -0.021
log_bom_opening_theaters     0.0056      0.002      3.125      0.002       0.002       0.009
genres_count                -0.0062      0.007     -0.910      0.363      -0.020       0.007
yr_1993                     -0.0060      0.035     -0.174      0.862      -0.074       0.062
yr_1994                     -0.0031      0.035     -0.087      0.931      -0.072       0.066
yr_1995                      0.0365      0.035      1.046      0.296      -0.032       0.105
yr_1996                      0.0002      0.034      0.005      0.996      -0.067       0.067
yr_1997                      0.0025      0.035      0.071      0.943      -0.066       0.071
yr_1998                      0.0485      0.034      1.443      0.149      -0.017       0.114
yr_1999                      0.0502      0.033      1.534      0.125      -0.014       0.114
yr_2000                     -0.0146      0.034     -0.432      0.665      -0.081       0.052
yr_2001                      0.0544      0.033      1.638      0.101      -0.011       0.120
yr_2002                      0.0126      0.033      0.385      0.701      -0.051       0.077
yr_2003                     -0.0006      0.033     -0.018      0.986      -0.065       0.064
yr_2004                      0.0653      0.033      2.001      0.045       0.001       0.129
yr_2005                      0.0492      0.032      1.519      0.129      -0.014       0.113
yr_2006                      0.1002      0.032      3.116      0.002       0.037       0.163
yr_2007                      0.1123      0.032      3.504      0.000       0.049       0.175
yr_2008                      0.0509      0.032      1.578      0.115      -0.012       0.114
yr_2009                      0.0339      0.033      1.038      0.299      -0.030       0.098
yr_2010                      0.0242      0.033      0.742      0.458      -0.040       0.088
yr_2011                      0.0311      0.032      0.972      0.331      -0.032       0.094
yr_2012                      0.0100      0.032      0.315      0.752      -0.052       0.072
yr_2013                      0.0009      0.032      0.029      0.977      -0.062       0.064
yr_2014                      0.0300      0.032      0.928      0.354      -0.033       0.093
yr_2015                     -0.0428      0.032     -1.333      0.183      -0.106       0.020
yr_2016                     -0.0448      0.032     -1.383      0.167      -0.108       0.019
yr_2017                      0.0114      0.033      0.348      0.728      -0.053       0.075
yr_2018                      0.0031      0.033      0.093      0.926      -0.061       0.067
mo_2                         0.0129      0.020      0.661      0.508      -0.025       0.051
mo_3                        -0.0062      0.019     -0.333      0.739      -0.043       0.030
mo_4                         0.0046      0.019      0.247      0.805      -0.032       0.042
mo_5                        -0.0081      0.020     -0.408      0.683      -0.047       0.031
mo_6                        -0.0236      0.020     -1.207      0.227      -0.062       0.015
mo_7                        -0.0233      0.019     -1.226      0.220      -0.061       0.014
mo_8                        -0.0246      0.018     -1.340      0.180      -0.061       0.011
mo_9                        -0.0269      0.019     -1.439      0.150      -0.063       0.010
mo_10                       -0.0074      0.018     -0.403      0.687      -0.043       0.029
mo_11                       -0.0207      0.019     -1.100      0.271      -0.058       0.016
mo_12                       -0.0228      0.018     -1.251      0.211      -0.059       0.013
genre_Action                -0.0563      0.011     -5.272      0.000      -0.077      -0.035
genre_Adventure             -0.0001      0.011     -0.013      0.990      -0.022       0.022
genre_Animation             -0.0187      0.018     -1.036      0.300      -0.054       0.017
genre_Biography             -0.0927      0.014     -6.469      0.000      -0.121      -0.065
genre_Comedy                -0.0145      0.009     -1.537      0.124      -0.033       0.004
genre_Crime                 -0.1020      0.010    -10.070      0.000      -0.122      -0.082
genre_Drama                  0.0076      0.010      0.796      0.426      -0.011       0.026
genre_Family                 0.0776      0.015      5.303      0.000       0.049       0.106
genre_Fantasy                0.0111      0.013      0.878      0.380      -0.014       0.036
genre_History                0.0311      0.020      1.519      0.129      -0.009       0.071
genre_Horror                -0.0370      0.015     -2.524      0.012      -0.066      -0.008
genre_Music                  0.1018      0.019      5.305      0.000       0.064       0.139
genre_Musical                0.3275      0.043      7.543      0.000       0.242       0.413
genre_Mystery               -0.0583      0.013     -4.604      0.000      -0.083      -0.033
genre_News               -8.792e-18   5.05e-18     -1.739      0.082   -1.87e-17    1.12e-18
genre_Romance               -0.0165      0.010     -1.595      0.111      -0.037       0.004
genre_Sci_Fi                -0.0134      0.014     -0.979      0.327      -0.040       0.013
genre_Short               1.111e-18    1.6e-18      0.695      0.487   -2.02e-18    4.25e-18
genre_Sport                 -0.0398      0.021     -1.908      0.057      -0.081       0.001
genre_Thriller              -0.0819      0.011     -7.692      0.000      -0.103      -0.061
genre_War                    0.0082      0.029      0.280      0.779      -0.049       0.066
genre_Western               -0.0400      0.052     -0.773      0.440      -0.141       0.061
==============================================================================
Omnibus:                     1688.527   Durbin-Watson:                   2.004
Prob(Omnibus):                  0.000   Jarque-Bera (JB):            14200.808
Skew:                           1.790   Prob(JB):                         0.00
Kurtosis:                      11.493   Cond. No.                     1.02e+16
==============================================================================

Notes:
[1] Standard Errors assume that the covariance matrix of the errors is correctly specified.
[2] The smallest eigenvalue is 5.95e-27. This might indicate that there are
strong multicollinearity problems or that the design matrix is singular.