                            OLS Regression Results                            
==============================================================================
Dep. Variable:              sd_pooled   R-squared:                       0.561
Model:                            OLS   Adj. R-squared:                  0.553
Method:                 Least Squares   F-statistic:                     78.68
Date:                Sun, 29 Mar 2026   Prob (F-statistic):               0.00
Time:                        15:12:55   Log-Likelihood:                 527.02
No. Observations:                4012   AIC:                            -924.0
Df Residuals:                    3947   BIC:                            -514.7
Df Model:                          64                                         
Covariance Type:            nonrobust                                         
============================================================================================
                               coef    std err          t      P>|t|      [0.025      0.975]
--------------------------------------------------------------------------------------------
const                        3.3861      0.048     69.928      0.000       3.291       3.481
FLead                        0.0452      0.008      5.625      0.000       0.029       0.061
mean_pooled                 -0.2326      0.004    -52.805      0.000      -0.241      -0.224
kim_violence_gore            0.0070      0.002      3.155      0.002       0.003       0.011
kim_sex_nudity               0.0127      0.002      6.344      0.000       0.009       0.017
kim_language                -0.0143      0.002     -7.614      0.000      -0.018      -0.011
major                       -0.0408      0.008     -5.070      0.000      -0.057      -0.025
log_bom_opening_theaters     0.0058      0.002      3.259      0.001       0.002       0.009
genres_count                -0.0071      0.007     -1.058      0.290      -0.020       0.006
yr_1993                     -0.0013      0.034     -0.037      0.970      -0.069       0.066
yr_1994                     -0.0020      0.035     -0.056      0.955      -0.071       0.067
yr_1995                      0.0471      0.035      1.357      0.175      -0.021       0.115
yr_1996                      0.0106      0.034      0.311      0.756      -0.056       0.077
yr_1997                      0.0166      0.035      0.479      0.632      -0.051       0.085
yr_1998                      0.0589      0.034      1.758      0.079      -0.007       0.125
yr_1999                      0.0638      0.033      1.955      0.051      -0.000       0.128
yr_2000                     -0.0065      0.034     -0.192      0.847      -0.072       0.059
yr_2001                      0.0603      0.033      1.825      0.068      -0.004       0.125
yr_2002                      0.0187      0.032      0.575      0.565      -0.045       0.082
yr_2003                      0.0032      0.033      0.099      0.921      -0.061       0.067
yr_2004                      0.0658      0.032      2.027      0.043       0.002       0.129
yr_2005                      0.0518      0.032      1.606      0.108      -0.011       0.115
yr_2006                      0.1022      0.032      3.193      0.001       0.039       0.165
yr_2007                      0.1164      0.032      3.656      0.000       0.054       0.179
yr_2008                      0.0569      0.032      1.772      0.077      -0.006       0.120
yr_2009                      0.0361      0.033      1.109      0.267      -0.028       0.100
yr_2010                      0.0320      0.032      0.987      0.324      -0.032       0.095
yr_2011                      0.0331      0.032      1.039      0.299      -0.029       0.096
yr_2012                      0.0194      0.032      0.613      0.540      -0.043       0.082
yr_2013                      0.0107      0.032      0.336      0.737      -0.052       0.073
yr_2014                      0.0418      0.032      1.295      0.196      -0.021       0.105
yr_2015                     -0.0306      0.032     -0.954      0.340      -0.093       0.032
yr_2016                     -0.0338      0.032     -1.046      0.296      -0.097       0.030
yr_2017                      0.0221      0.033      0.679      0.497      -0.042       0.086
yr_2018                      0.0182      0.033      0.557      0.578      -0.046       0.082
mo_2                         0.0076      0.019      0.392      0.695      -0.031       0.046
mo_3                        -0.0049      0.019     -0.263      0.792      -0.041       0.031
mo_4                         0.0006      0.019      0.035      0.972      -0.036       0.037
mo_5                        -0.0123      0.020     -0.621      0.535      -0.051       0.026
mo_6                        -0.0263      0.019     -1.349      0.177      -0.064       0.012
mo_7                        -0.0249      0.019     -1.315      0.188      -0.062       0.012
mo_8                        -0.0260      0.018     -1.425      0.154      -0.062       0.010
mo_9                        -0.0297      0.019     -1.598      0.110      -0.066       0.007
mo_10                       -0.0069      0.018     -0.376      0.707      -0.043       0.029
mo_11                       -0.0248      0.019     -1.319      0.187      -0.062       0.012
mo_12                       -0.0264      0.018     -1.453      0.146      -0.062       0.009
genre_Action                -0.0498      0.011     -4.737      0.000      -0.070      -0.029
genre_Adventure             -0.0052      0.011     -0.464      0.643      -0.027       0.017
genre_Animation             -0.0327      0.018     -1.820      0.069      -0.068       0.003
genre_Biography             -0.0948      0.014     -6.661      0.000      -0.123      -0.067
genre_Comedy                -0.0117      0.009     -1.265      0.206      -0.030       0.006
genre_Crime                 -0.0861      0.010     -8.417      0.000      -0.106      -0.066
genre_Drama                  0.0105      0.009      1.111      0.266      -0.008       0.029
genre_Family                 0.0676      0.015      4.647      0.000       0.039       0.096
genre_Fantasy                0.0050      0.013      0.395      0.693      -0.020       0.030
genre_History                0.0217      0.020      1.064      0.287      -0.018       0.062
genre_Horror                -0.0213      0.014     -1.503      0.133      -0.049       0.006
genre_Music                  0.1037      0.019      5.453      0.000       0.066       0.141
genre_Musical                0.3137      0.043      7.256      0.000       0.229       0.398
genre_Mystery               -0.0598      0.013     -4.749      0.000      -0.085      -0.035
genre_News               -8.155e-18   4.81e-18     -1.697      0.090   -1.76e-17    1.27e-18
genre_Romance               -0.0258      0.010     -2.549      0.011      -0.046      -0.006
genre_Sci_Fi                -0.0126      0.014     -0.926      0.355      -0.039       0.014
genre_Short              -2.164e-18   3.88e-18     -0.558      0.577   -9.77e-18    5.44e-18
genre_Sport                 -0.0406      0.021     -1.958      0.050      -0.081    6.08e-05
genre_Thriller              -0.0729      0.011     -6.835      0.000      -0.094      -0.052
genre_War                    0.0233      0.029      0.804      0.422      -0.034       0.080
genre_Western               -0.0395      0.051     -0.768      0.443      -0.140       0.061
==============================================================================
Omnibus:                     1653.153   Durbin-Watson:                   2.004
Prob(Omnibus):                  0.000   Jarque-Bera (JB):            13474.636
Skew:                           1.754   Prob(JB):                         0.00
Kurtosis:                      11.264   Cond. No.                     1.02e+16
==============================================================================

Notes:
[1] Standard Errors assume that the covariance matrix of the errors is correctly specified.
[2] The smallest eigenvalue is 6.38e-27. This might indicate that there are
strong multicollinearity problems or that the design matrix is singular.