                            OLS Regression Results                            
==============================================================================
Dep. Variable:              sd_pooled   R-squared:                       0.560
Model:                            OLS   Adj. R-squared:                  0.553
Method:                 Least Squares   F-statistic:                     78.54
Date:                Tue, 31 Mar 2026   Prob (F-statistic):               0.00
Time:                        15:08:13   Log-Likelihood:                 524.97
No. Observations:                4012   AIC:                            -919.9
Df Residuals:                    3947   BIC:                            -510.6
Df Model:                          64                                         
Covariance Type:            nonrobust                                         
============================================================================================
                               coef    std err          t      P>|t|      [0.025      0.975]
--------------------------------------------------------------------------------------------
const                        3.3885      0.048     69.961      0.000       3.294       3.483
FLead                        0.0456      0.008      5.660      0.000       0.030       0.061
mean_pooled                 -0.2325      0.004    -52.738      0.000      -0.241      -0.224
kim_violence_gore            0.0050      0.002      2.430      0.015       0.001       0.009
kim_sex_nudity               0.0128      0.002      6.388      0.000       0.009       0.017
kim_language                -0.0140      0.002     -7.446      0.000      -0.018      -0.010
major                       -0.0403      0.008     -5.008      0.000      -0.056      -0.025
log_bom_opening_theaters     0.0058      0.002      3.243      0.001       0.002       0.009
genres_count                -0.0066      0.007     -0.978      0.328      -0.020       0.007
yr_1993                      0.0004      0.034      0.010      0.992      -0.067       0.068
yr_1994                      0.0016      0.035      0.046      0.963      -0.067       0.071
yr_1995                      0.0483      0.035      1.390      0.164      -0.020       0.116
yr_1996                      0.0137      0.034      0.401      0.688      -0.053       0.080
yr_1997                      0.0197      0.035      0.567      0.571      -0.048       0.088
yr_1998                      0.0624      0.034      1.861      0.063      -0.003       0.128
yr_1999                      0.0667      0.033      2.047      0.041       0.003       0.131
yr_2000                     -0.0035      0.034     -0.103      0.918      -0.069       0.062
yr_2001                      0.0651      0.033      1.973      0.049       0.000       0.130
yr_2002                      0.0222      0.032      0.684      0.494      -0.041       0.086
yr_2003                      0.0063      0.033      0.192      0.848      -0.058       0.070
yr_2004                      0.0698      0.032      2.151      0.032       0.006       0.133
yr_2005                      0.0573      0.032      1.783      0.075      -0.006       0.120
yr_2006                      0.1062      0.032      3.325      0.001       0.044       0.169
yr_2007                      0.1199      0.032      3.766      0.000       0.057       0.182
yr_2008                      0.0611      0.032      1.905      0.057      -0.002       0.124
yr_2009                      0.0409      0.032      1.259      0.208      -0.023       0.105
yr_2010                      0.0355      0.032      1.098      0.272      -0.028       0.099
yr_2011                      0.0368      0.032      1.158      0.247      -0.026       0.099
yr_2012                      0.0234      0.032      0.739      0.460      -0.039       0.085
yr_2013                      0.0146      0.032      0.458      0.647      -0.048       0.077
yr_2014                      0.0448      0.032      1.388      0.165      -0.018       0.108
yr_2015                     -0.0275      0.032     -0.858      0.391      -0.090       0.035
yr_2016                     -0.0300      0.032     -0.930      0.352      -0.093       0.033
yr_2017                      0.0260      0.033      0.799      0.424      -0.038       0.090
yr_2018                      0.0200      0.033      0.612      0.540      -0.044       0.084
mo_2                         0.0080      0.019      0.411      0.681      -0.030       0.046
mo_3                        -0.0038      0.019     -0.203      0.839      -0.040       0.033
mo_4                         0.0023      0.019      0.121      0.904      -0.034       0.039
mo_5                        -0.0121      0.020     -0.611      0.542      -0.051       0.027
mo_6                        -0.0256      0.019     -1.311      0.190      -0.064       0.013
mo_7                        -0.0230      0.019     -1.214      0.225      -0.060       0.014
mo_8                        -0.0259      0.018     -1.417      0.157      -0.062       0.010
mo_9                        -0.0290      0.019     -1.563      0.118      -0.065       0.007
mo_10                       -0.0056      0.018     -0.309      0.757      -0.041       0.030
mo_11                       -0.0233      0.019     -1.237      0.216      -0.060       0.014
mo_12                       -0.0254      0.018     -1.399      0.162      -0.061       0.010
genre_Action                -0.0476      0.010     -4.550      0.000      -0.068      -0.027
genre_Adventure             -0.0052      0.011     -0.465      0.642      -0.027       0.017
genre_Animation             -0.0338      0.018     -1.881      0.060      -0.069       0.001
genre_Biography             -0.0959      0.014     -6.736      0.000      -0.124      -0.068
genre_Comedy                -0.0150      0.009     -1.649      0.099      -0.033       0.003
genre_Crime                 -0.0847      0.010     -8.297      0.000      -0.105      -0.065
genre_Drama                  0.0090      0.009      0.947      0.344      -0.010       0.028
genre_Family                 0.0655      0.015      4.508      0.000       0.037       0.094
genre_Fantasy                0.0056      0.013      0.441      0.659      -0.019       0.030
genre_History                0.0228      0.020      1.116      0.264      -0.017       0.063
genre_Horror                -0.0173      0.014     -1.231      0.218      -0.045       0.010
genre_Music                  0.1017      0.019      5.350      0.000       0.064       0.139
genre_Musical                0.3137      0.043      7.251      0.000       0.229       0.398
genre_Mystery               -0.0594      0.013     -4.717      0.000      -0.084      -0.035
genre_News                6.578e-18   1.72e-18      3.817      0.000     3.2e-18    9.96e-18
genre_Romance               -0.0288      0.010     -2.879      0.004      -0.048      -0.009
genre_Sci_Fi                -0.0121      0.014     -0.888      0.375      -0.039       0.015
genre_Short               2.884e-18    2.7e-18      1.068      0.286   -2.41e-18    8.18e-18
genre_Sport                 -0.0411      0.021     -1.983      0.047      -0.082      -0.000
genre_Thriller              -0.0729      0.011     -6.838      0.000      -0.094      -0.052
genre_War                    0.0257      0.029      0.886      0.376      -0.031       0.082
genre_Western               -0.0366      0.052     -0.710      0.478      -0.138       0.064
==============================================================================
Omnibus:                     1656.980   Durbin-Watson:                   2.002
Prob(Omnibus):                  0.000   Jarque-Bera (JB):            13569.089
Skew:                           1.758   Prob(JB):                         0.00
Kurtosis:                      11.295   Cond. No.                     1.02e+16
==============================================================================

Notes:
[1] Standard Errors assume that the covariance matrix of the errors is correctly specified.
[2] The smallest eigenvalue is 6.4e-27. This might indicate that there are
strong multicollinearity problems or that the design matrix is singular.