                            OLS Regression Results                            
==============================================================================
Dep. Variable:              sd_pooled   R-squared:                       0.561
Model:                            OLS   Adj. R-squared:                  0.554
Method:                 Least Squares   F-statistic:                     78.95
Date:                Tue, 31 Mar 2026   Prob (F-statistic):               0.00
Time:                        18:43:01   Log-Likelihood:                 530.85
No. Observations:                4012   AIC:                            -931.7
Df Residuals:                    3947   BIC:                            -522.4
Df Model:                          64                                         
Covariance Type:            nonrobust                                         
============================================================================================
                               coef    std err          t      P>|t|      [0.025      0.975]
--------------------------------------------------------------------------------------------
const                        3.3852      0.048     70.024      0.000       3.290       3.480
FLead                        0.0470      0.008      5.847      0.000       0.031       0.063
mean_pooled                 -0.2340      0.004    -53.137      0.000      -0.243      -0.225
kim_violence_gore            0.0127      0.003      4.984      0.000       0.008       0.018
kim_sex_nudity               0.0104      0.002      5.190      0.000       0.006       0.014
kim_language                -0.0146      0.002     -7.792      0.000      -0.018      -0.011
major                       -0.0395      0.008     -4.917      0.000      -0.055      -0.024
log_bom_opening_theaters     0.0055      0.002      3.088      0.002       0.002       0.009
genres_count                -0.0104      0.007     -1.537      0.124      -0.024       0.003
yr_1993                     -0.0069      0.034     -0.199      0.842      -0.074       0.061
yr_1994                     -0.0039      0.035     -0.111      0.912      -0.073       0.065
yr_1995                      0.0413      0.035      1.189      0.234      -0.027       0.109
yr_1996                      0.0066      0.034      0.193      0.847      -0.060       0.073
yr_1997                      0.0104      0.035      0.300      0.764      -0.058       0.078
yr_1998                      0.0574      0.033      1.715      0.086      -0.008       0.123
yr_1999                      0.0594      0.033      1.821      0.069      -0.005       0.123
yr_2000                     -0.0086      0.034     -0.257      0.797      -0.075       0.057
yr_2001                      0.0561      0.033      1.700      0.089      -0.009       0.121
yr_2002                      0.0153      0.032      0.471      0.638      -0.048       0.079
yr_2003                     -0.0005      0.033     -0.014      0.989      -0.065       0.064
yr_2004                      0.0610      0.032      1.878      0.060      -0.003       0.125
yr_2005                      0.0470      0.032      1.459      0.145      -0.016       0.110
yr_2006                      0.0973      0.032      3.043      0.002       0.035       0.160
yr_2007                      0.1105      0.032      3.468      0.001       0.048       0.173
yr_2008                      0.0521      0.032      1.624      0.104      -0.011       0.115
yr_2009                      0.0324      0.032      0.998      0.318      -0.031       0.096
yr_2010                      0.0263      0.032      0.813      0.416      -0.037       0.090
yr_2011                      0.0297      0.032      0.932      0.351      -0.033       0.092
yr_2012                      0.0141      0.032      0.446      0.656      -0.048       0.076
yr_2013                      0.0071      0.032      0.223      0.823      -0.055       0.070
yr_2014                      0.0388      0.032      1.203      0.229      -0.024       0.102
yr_2015                     -0.0317      0.032     -0.989      0.323      -0.094       0.031
yr_2016                     -0.0370      0.032     -1.147      0.251      -0.100       0.026
yr_2017                      0.0201      0.033      0.618      0.536      -0.044       0.084
yr_2018                      0.0140      0.033      0.428      0.669      -0.050       0.078
mo_2                         0.0084      0.019      0.429      0.668      -0.030       0.047
mo_3                        -0.0048      0.019     -0.259      0.796      -0.041       0.032
mo_4                         0.0003      0.019      0.016      0.988      -0.036       0.037
mo_5                        -0.0123      0.020     -0.622      0.534      -0.051       0.026
mo_6                        -0.0254      0.019     -1.303      0.193      -0.064       0.013
mo_7                        -0.0230      0.019     -1.218      0.223      -0.060       0.014
mo_8                        -0.0253      0.018     -1.385      0.166      -0.061       0.010
mo_9                        -0.0276      0.019     -1.488      0.137      -0.064       0.009
mo_10                       -0.0073      0.018     -0.399      0.690      -0.043       0.028
mo_11                       -0.0236      0.019     -1.259      0.208      -0.060       0.013
mo_12                       -0.0261      0.018     -1.437      0.151      -0.062       0.009
genre_Action                -0.0560      0.011     -5.275      0.000      -0.077      -0.035
genre_Adventure             -0.0062      0.011     -0.547      0.584      -0.028       0.016
genre_Animation             -0.0276      0.018     -1.533      0.125      -0.063       0.008
genre_Biography             -0.0910      0.014     -6.391      0.000      -0.119      -0.063
genre_Comedy                -0.0021      0.010     -0.220      0.826      -0.021       0.017
genre_Crime                 -0.0891      0.010     -8.694      0.000      -0.109      -0.069
genre_Drama                  0.0141      0.010      1.481      0.139      -0.005       0.033
genre_Family                 0.0706      0.015      4.843      0.000       0.042       0.099
genre_Fantasy                0.0045      0.013      0.356      0.722      -0.020       0.029
genre_History                0.0187      0.020      0.916      0.360      -0.021       0.059
genre_Horror                -0.0361      0.015     -2.473      0.013      -0.065      -0.007
genre_Music                  0.1127      0.019      5.895      0.000       0.075       0.150
genre_Musical                0.3186      0.043      7.373      0.000       0.234       0.403
genre_Mystery               -0.0575      0.013     -4.573      0.000      -0.082      -0.033
genre_News               -1.152e-17    7.2e-18     -1.600      0.110   -2.56e-17    2.59e-18
genre_Romance               -0.0161      0.010     -1.574      0.116      -0.036       0.004
genre_Sci_Fi                -0.0127      0.014     -0.938      0.348      -0.039       0.014
genre_Short              -7.749e-18   5.01e-18     -1.546      0.122   -1.76e-17    2.08e-18
genre_Sport                 -0.0381      0.021     -1.836      0.066      -0.079       0.003
genre_Thriller              -0.0745      0.011     -6.997      0.000      -0.095      -0.054
genre_War                    0.0089      0.029      0.305      0.761      -0.048       0.066
genre_Western               -0.0516      0.051     -1.003      0.316      -0.153       0.049
==============================================================================
Omnibus:                     1646.130   Durbin-Watson:                   2.007
Prob(Omnibus):                  0.000   Jarque-Bera (JB):            13310.223
Skew:                           1.748   Prob(JB):                         0.00
Kurtosis:                      11.210   Cond. No.                     1.02e+16
==============================================================================

Notes:
[1] Standard Errors assume that the covariance matrix of the errors is correctly specified.
[2] The smallest eigenvalue is 6.38e-27. This might indicate that there are
strong multicollinearity problems or that the design matrix is singular.