                            OLS Regression Results                            
==============================================================================
Dep. Variable:              sd_pooled   R-squared:                       0.562
Model:                            OLS   Adj. R-squared:                  0.554
Method:                 Least Squares   F-statistic:                     71.14
Date:                Tue, 31 Mar 2026   Prob (F-statistic):               0.00
Time:                        19:00:11   Log-Likelihood:                 451.93
No. Observations:                3611   AIC:                            -773.9
Df Residuals:                    3546   BIC:                            -371.4
Df Model:                          64                                         
Covariance Type:            nonrobust                                         
============================================================================================
                               coef    std err          t      P>|t|      [0.025      0.975]
--------------------------------------------------------------------------------------------
const                        3.3984      0.051     66.337      0.000       3.298       3.499
FLead                        0.0468      0.009      5.487      0.000       0.030       0.064
mean_pooled                 -0.2343      0.005    -50.094      0.000      -0.243      -0.225
kim_violence_gore            0.0126      0.003      4.656      0.000       0.007       0.018
kim_sex_nudity               0.0113      0.002      5.202      0.000       0.007       0.016
kim_language                -0.0162      0.002     -8.089      0.000      -0.020      -0.012
major                       -0.0430      0.009     -5.016      0.000      -0.060      -0.026
log_bom_opening_theaters     0.0059      0.002      3.154      0.002       0.002       0.010
genres_count                -0.0110      0.007     -1.512      0.131      -0.025       0.003
yr_1993                     -0.0200      0.036     -0.557      0.577      -0.090       0.050
yr_1994                     -0.0069      0.037     -0.187      0.851      -0.080       0.066
yr_1995                      0.0319      0.036      0.878      0.380      -0.039       0.103
yr_1996                      0.0015      0.036      0.041      0.967      -0.069       0.072
yr_1997                     -0.0045      0.036     -0.124      0.901      -0.075       0.066
yr_1998                      0.0434      0.035      1.242      0.214      -0.025       0.112
yr_1999                      0.0545      0.035      1.577      0.115      -0.013       0.122
yr_2000                     -0.0246      0.036     -0.691      0.490      -0.094       0.045
yr_2001                      0.0470      0.035      1.360      0.174      -0.021       0.115
yr_2002                      0.0128      0.034      0.377      0.706      -0.054       0.079
yr_2003                     -0.0068      0.034     -0.200      0.842      -0.074       0.060
yr_2004                      0.0518      0.034      1.511      0.131      -0.015       0.119
yr_2005                      0.0419      0.034      1.239      0.215      -0.024       0.108
yr_2006                      0.0876      0.034      2.599      0.009       0.022       0.154
yr_2007                      0.1054      0.033      3.157      0.002       0.040       0.171
yr_2008                      0.0489      0.034      1.455      0.146      -0.017       0.115
yr_2009                      0.0186      0.034      0.547      0.585      -0.048       0.085
yr_2010                      0.0160      0.034      0.471      0.638      -0.051       0.083
yr_2011                      0.0129      0.033      0.386      0.699      -0.053       0.078
yr_2012                      0.0052      0.033      0.157      0.876      -0.060       0.070
yr_2013                      0.0036      0.033      0.107      0.915      -0.062       0.069
yr_2014                      0.0286      0.034      0.845      0.398      -0.038       0.095
yr_2015                     -0.0420      0.034     -1.245      0.213      -0.108       0.024
yr_2016                     -0.0490      0.034     -1.446      0.148      -0.115       0.017
yr_2017                      0.0187      0.034      0.546      0.585      -0.048       0.086
yr_2018                      0.0073      0.034      0.213      0.831      -0.060       0.075
mo_2                         0.0058      0.021      0.284      0.777      -0.034       0.046
mo_3                        -0.0106      0.020     -0.543      0.587      -0.049       0.028
mo_4                         0.0001      0.020      0.006      0.995      -0.039       0.039
mo_5                        -0.0155      0.021     -0.744      0.457      -0.056       0.025
mo_6                        -0.0214      0.021     -1.041      0.298      -0.062       0.019
mo_7                        -0.0234      0.020     -1.174      0.240      -0.062       0.016
mo_8                        -0.0257      0.019     -1.342      0.180      -0.063       0.012
mo_9                        -0.0260      0.020     -1.328      0.184      -0.064       0.012
mo_10                       -0.0025      0.019     -0.132      0.895      -0.040       0.035
mo_11                       -0.0216      0.020     -1.093      0.275      -0.060       0.017
mo_12                       -0.0286      0.019     -1.495      0.135      -0.066       0.009
genre_Action                -0.0557      0.011     -4.898      0.000      -0.078      -0.033
genre_Adventure             -0.0024      0.012     -0.196      0.844      -0.026       0.022
genre_Animation             -0.0315      0.020     -1.615      0.106      -0.070       0.007
genre_Biography             -0.0896      0.015     -5.858      0.000      -0.120      -0.060
genre_Comedy                 0.0023      0.010      0.225      0.822      -0.018       0.022
genre_Crime                 -0.0852      0.011     -7.699      0.000      -0.107      -0.063
genre_Drama                  0.0177      0.010      1.731      0.084      -0.002       0.038
genre_Family                 0.0701      0.016      4.497      0.000       0.040       0.101
genre_Fantasy               -0.0045      0.014     -0.334      0.739      -0.031       0.022
genre_History                0.0147      0.022      0.676      0.499      -0.028       0.057
genre_Horror                -0.0314      0.016     -2.008      0.045      -0.062      -0.001
genre_Music                  0.1119      0.021      5.458      0.000       0.072       0.152
genre_Musical                0.3242      0.047      6.941      0.000       0.233       0.416
genre_Mystery               -0.0515      0.014     -3.771      0.000      -0.078      -0.025
genre_News                 8.43e-18    5.4e-18      1.562      0.118   -2.15e-18     1.9e-17
genre_Romance               -0.0229      0.011     -2.075      0.038      -0.045      -0.001
genre_Sci_Fi                -0.0173      0.015     -1.183      0.237      -0.046       0.011
genre_Short              -1.273e-17   3.78e-18     -3.367      0.001   -2.01e-17   -5.32e-18
genre_Sport                 -0.0444      0.022     -2.007      0.045      -0.088      -0.001
genre_Thriller              -0.0783      0.011     -6.910      0.000      -0.100      -0.056
genre_War                    0.0150      0.031      0.489      0.625      -0.045       0.075
genre_Western               -0.0520      0.060     -0.868      0.386      -0.169       0.066
==============================================================================
Omnibus:                     1519.736   Durbin-Watson:                   2.026
Prob(Omnibus):                  0.000   Jarque-Bera (JB):            12757.863
Skew:                           1.787   Prob(JB):                         0.00
Kurtosis:                      11.486   Cond. No.                     1.02e+16
==============================================================================

Notes:
[1] Standard Errors assume that the covariance matrix of the errors is correctly specified.
[2] The smallest eigenvalue is 5.74e-27. This might indicate that there are
strong multicollinearity problems or that the design matrix is singular.