                            OLS Regression Results                            
==============================================================================
Dep. Variable:              sd_pooled   R-squared:                       0.560
Model:                            OLS   Adj. R-squared:                  0.553
Method:                 Least Squares   F-statistic:                     78.60
Date:                Tue, 31 Mar 2026   Prob (F-statistic):               0.00
Time:                        13:48:33   Log-Likelihood:                 525.85
No. Observations:                4012   AIC:                            -921.7
Df Residuals:                    3947   BIC:                            -512.4
Df Model:                          64                                         
Covariance Type:            nonrobust                                         
============================================================================================
                               coef    std err          t      P>|t|      [0.025      0.975]
--------------------------------------------------------------------------------------------
const                        3.3821      0.048     69.762      0.000       3.287       3.477
FLead                        0.0480      0.008      5.966      0.000       0.032       0.064
mean_pooled                 -0.2340      0.004    -53.012      0.000      -0.243      -0.225
kim_violence_gore            0.0111      0.003      4.374      0.000       0.006       0.016
kim_sex_nudity               0.0104      0.002      5.166      0.000       0.006       0.014
kim_language                -0.0130      0.002     -6.960      0.000      -0.017      -0.009
major                       -0.0389      0.008     -4.831      0.000      -0.055      -0.023
log_bom_opening_theaters     0.0056      0.002      3.136      0.002       0.002       0.009
genres_count                -0.0080      0.007     -1.180      0.238      -0.021       0.005
yr_1993                     -0.0064      0.035     -0.187      0.852      -0.074       0.061
yr_1994                     -0.0041      0.035     -0.115      0.908      -0.073       0.065
yr_1995                      0.0428      0.035      1.232      0.218      -0.025       0.111
yr_1996                      0.0070      0.034      0.206      0.837      -0.060       0.074
yr_1997                      0.0101      0.035      0.290      0.772      -0.058       0.078
yr_1998                      0.0585      0.034      1.745      0.081      -0.007       0.124
yr_1999                      0.0580      0.033      1.777      0.076      -0.006       0.122
yr_2000                     -0.0112      0.034     -0.334      0.738      -0.077       0.055
yr_2001                      0.0555      0.033      1.680      0.093      -0.009       0.120
yr_2002                      0.0146      0.033      0.448      0.654      -0.049       0.078
yr_2003                     -0.0017      0.033     -0.051      0.959      -0.066       0.062
yr_2004                      0.0629      0.032      1.936      0.053      -0.001       0.127
yr_2005                      0.0488      0.032      1.513      0.130      -0.014       0.112
yr_2006                      0.0968      0.032      3.022      0.003       0.034       0.160
yr_2007                      0.1113      0.032      3.488      0.000       0.049       0.174
yr_2008                      0.0523      0.032      1.627      0.104      -0.011       0.115
yr_2009                      0.0309      0.033      0.951      0.342      -0.033       0.095
yr_2010                      0.0262      0.032      0.807      0.420      -0.037       0.090
yr_2011                      0.0297      0.032      0.932      0.351      -0.033       0.092
yr_2012                      0.0141      0.032      0.445      0.656      -0.048       0.076
yr_2013                      0.0053      0.032      0.166      0.868      -0.057       0.068
yr_2014                      0.0366      0.032      1.136      0.256      -0.027       0.100
yr_2015                     -0.0347      0.032     -1.082      0.279      -0.097       0.028
yr_2016                     -0.0373      0.032     -1.155      0.248      -0.101       0.026
yr_2017                      0.0191      0.033      0.585      0.559      -0.045       0.083
yr_2018                      0.0127      0.033      0.388      0.698      -0.051       0.077
mo_2                         0.0077      0.019      0.397      0.691      -0.030       0.046
mo_3                        -0.0038      0.019     -0.206      0.837      -0.040       0.033
mo_4                         0.0007      0.019      0.037      0.970      -0.036       0.037
mo_5                        -0.0117      0.020     -0.590      0.555      -0.050       0.027
mo_6                        -0.0258      0.019     -1.325      0.185      -0.064       0.012
mo_7                        -0.0247      0.019     -1.302      0.193      -0.062       0.012
mo_8                        -0.0265      0.018     -1.453      0.146      -0.062       0.009
mo_9                        -0.0281      0.019     -1.514      0.130      -0.065       0.008
mo_10                       -0.0073      0.018     -0.401      0.689      -0.043       0.028
mo_11                       -0.0241      0.019     -1.283      0.200      -0.061       0.013
mo_12                       -0.0263      0.018     -1.451      0.147      -0.062       0.009
genre_Action                -0.0557      0.011     -5.238      0.000      -0.076      -0.035
genre_Adventure             -0.0048      0.011     -0.425      0.671      -0.027       0.017
genre_Animation             -0.0215      0.018     -1.199      0.231      -0.057       0.014
genre_Biography             -0.0936      0.014     -6.567      0.000      -0.122      -0.066
genre_Comedy                -0.0065      0.009     -0.681      0.496      -0.025       0.012
genre_Crime                 -0.0922      0.010     -9.010      0.000      -0.112      -0.072
genre_Drama                  0.0112      0.010      1.174      0.240      -0.007       0.030
genre_Family                 0.0740      0.015      5.075      0.000       0.045       0.103
genre_Fantasy                0.0065      0.013      0.511      0.610      -0.018       0.031
genre_History                0.0220      0.020      1.077      0.282      -0.018       0.062
genre_Horror                -0.0348      0.015     -2.376      0.018      -0.063      -0.006
genre_Music                  0.1101      0.019      5.751      0.000       0.073       0.148
genre_Musical                0.3203      0.043      7.404      0.000       0.236       0.405
genre_Mystery               -0.0586      0.013     -4.652      0.000      -0.083      -0.034
genre_News               -1.487e-18   3.27e-18     -0.455      0.649    -7.9e-18    4.92e-18
genre_Romance               -0.0183      0.010     -1.771      0.077      -0.039       0.002
genre_Sci_Fi                -0.0134      0.014     -0.985      0.325      -0.040       0.013
genre_Short              -3.554e-18   1.97e-18     -1.808      0.071   -7.41e-18    3.01e-19
genre_Sport                 -0.0378      0.021     -1.820      0.069      -0.078       0.003
genre_Thriller              -0.0770      0.011     -7.239      0.000      -0.098      -0.056
genre_War                    0.0082      0.029      0.281      0.779      -0.049       0.065
genre_Western               -0.0462      0.052     -0.897      0.370      -0.147       0.055
==============================================================================
Omnibus:                     1676.126   Durbin-Watson:                   2.001
Prob(Omnibus):                  0.000   Jarque-Bera (JB):            13971.992
Skew:                           1.777   Prob(JB):                         0.00
Kurtosis:                      11.424   Cond. No.                     1.02e+16
==============================================================================

Notes:
[1] Standard Errors assume that the covariance matrix of the errors is correctly specified.
[2] The smallest eigenvalue is 6.39e-27. This might indicate that there are
strong multicollinearity problems or that the design matrix is singular.