                            OLS Regression Results                            
==============================================================================
Dep. Variable:              sd_pooled   R-squared:                       0.559
Model:                            OLS   Adj. R-squared:                  0.551
Method:                 Least Squares   F-statistic:                     78.04
Date:                Tue, 31 Mar 2026   Prob (F-statistic):               0.00
Time:                        15:22:08   Log-Likelihood:                 517.89
No. Observations:                4012   AIC:                            -905.8
Df Residuals:                    3947   BIC:                            -496.5
Df Model:                          64                                         
Covariance Type:            nonrobust                                         
============================================================================================
                               coef    std err          t      P>|t|      [0.025      0.975]
--------------------------------------------------------------------------------------------
const                        3.4088      0.049     70.064      0.000       3.313       3.504
FLead                        0.0493      0.008      6.106      0.000       0.033       0.065
mean_pooled                 -0.2358      0.004    -53.320      0.000      -0.244      -0.227
kim_violence_gore            0.0147      0.003      5.812      0.000       0.010       0.020
kim_sex_nudity               0.0023      0.002      1.160      0.246      -0.002       0.006
kim_language                -0.0118      0.002     -6.321      0.000      -0.015      -0.008
major                       -0.0399      0.008     -4.944      0.000      -0.056      -0.024
log_bom_opening_theaters     0.0049      0.002      2.777      0.006       0.001       0.008
genres_count                -0.0140      0.007     -2.053      0.040      -0.027      -0.001
yr_1993                     -0.0089      0.035     -0.257      0.797      -0.077       0.059
yr_1994                     -0.0028      0.035     -0.080      0.936      -0.072       0.066
yr_1995                      0.0406      0.035      1.166      0.244      -0.028       0.109
yr_1996                      0.0034      0.034      0.100      0.920      -0.064       0.070
yr_1997                      0.0050      0.035      0.143      0.886      -0.063       0.073
yr_1998                      0.0562      0.034      1.673      0.094      -0.010       0.122
yr_1999                      0.0626      0.033      1.913      0.056      -0.002       0.127
yr_2000                     -0.0038      0.034     -0.112      0.911      -0.070       0.062
yr_2001                      0.0625      0.033      1.886      0.059      -0.002       0.127
yr_2002                      0.0204      0.033      0.626      0.531      -0.043       0.084
yr_2003                      0.0074      0.033      0.227      0.821      -0.057       0.072
yr_2004                      0.0714      0.033      2.193      0.028       0.008       0.135
yr_2005                      0.0550      0.032      1.703      0.089      -0.008       0.118
yr_2006                      0.1065      0.032      3.320      0.001       0.044       0.169
yr_2007                      0.1189      0.032      3.719      0.000       0.056       0.182
yr_2008                      0.0605      0.032      1.881      0.060      -0.003       0.124
yr_2009                      0.0436      0.033      1.338      0.181      -0.020       0.107
yr_2010                      0.0356      0.032      1.095      0.274      -0.028       0.099
yr_2011                      0.0377      0.032      1.181      0.238      -0.025       0.100
yr_2012                      0.0208      0.032      0.654      0.513      -0.042       0.083
yr_2013                      0.0133      0.032      0.417      0.676      -0.049       0.076
yr_2014                      0.0427      0.032      1.319      0.187      -0.021       0.106
yr_2015                     -0.0270      0.032     -0.840      0.401      -0.090       0.036
yr_2016                     -0.0341      0.032     -1.055      0.292      -0.098       0.029
yr_2017                      0.0250      0.033      0.765      0.444      -0.039       0.089
yr_2018                      0.0155      0.033      0.472      0.637      -0.049       0.080
mo_2                         0.0099      0.020      0.507      0.612      -0.028       0.048
mo_3                        -0.0033      0.019     -0.180      0.857      -0.040       0.033
mo_4                         0.0013      0.019      0.069      0.945      -0.036       0.038
mo_5                        -0.0100      0.020     -0.502      0.615      -0.049       0.029
mo_6                        -0.0233      0.020     -1.195      0.232      -0.062       0.015
mo_7                        -0.0216      0.019     -1.140      0.254      -0.059       0.016
mo_8                        -0.0239      0.018     -1.305      0.192      -0.060       0.012
mo_9                        -0.0259      0.019     -1.393      0.164      -0.062       0.011
mo_10                       -0.0064      0.018     -0.348      0.728      -0.042       0.030
mo_11                       -0.0208      0.019     -1.103      0.270      -0.058       0.016
mo_12                       -0.0259      0.018     -1.420      0.156      -0.062       0.010
genre_Action                -0.0609      0.011     -5.737      0.000      -0.082      -0.040
genre_Adventure             -0.0069      0.011     -0.615      0.539      -0.029       0.015
genre_Animation             -0.0311      0.018     -1.722      0.085      -0.066       0.004
genre_Biography             -0.0896      0.014     -6.277      0.000      -0.118      -0.062
genre_Comedy                 0.0026      0.010      0.272      0.786      -0.016       0.021
genre_Crime                 -0.0880      0.010     -8.562      0.000      -0.108      -0.068
genre_Drama                  0.0151      0.010      1.583      0.113      -0.004       0.034
genre_Family                 0.0639      0.015      4.380      0.000       0.035       0.093
genre_Fantasy                0.0067      0.013      0.532      0.595      -0.018       0.032
genre_History                0.0187      0.020      0.913      0.361      -0.021       0.059
genre_Horror                -0.0418      0.015     -2.862      0.004      -0.070      -0.013
genre_Music                  0.1169      0.019      6.096      0.000       0.079       0.154
genre_Musical                0.3269      0.043      7.544      0.000       0.242       0.412
genre_Mystery               -0.0570      0.013     -4.514      0.000      -0.082      -0.032
genre_News                4.162e-18   1.08e-17      0.384      0.701   -1.71e-17    2.54e-17
genre_Romance               -0.0071      0.010     -0.697      0.486      -0.027       0.013
genre_Sci_Fi                -0.0131      0.014     -0.963      0.336      -0.040       0.014
genre_Short               2.503e-18   3.88e-18      0.646      0.518    -5.1e-18    1.01e-17
genre_Sport                 -0.0387      0.021     -1.862      0.063      -0.080       0.002
genre_Thriller              -0.0757      0.011     -7.088      0.000      -0.097      -0.055
genre_War                    0.0012      0.029      0.039      0.969      -0.056       0.059
genre_Western               -0.0559      0.052     -1.082      0.279      -0.157       0.045
==============================================================================
Omnibus:                     1638.932   Durbin-Watson:                   2.008
Prob(Omnibus):                  0.000   Jarque-Bera (JB):            13002.057
Skew:                           1.745   Prob(JB):                         0.00
Kurtosis:                      11.099   Cond. No.                     1.02e+16
==============================================================================

Notes:
[1] Standard Errors assume that the covariance matrix of the errors is correctly specified.
[2] The smallest eigenvalue is 6.39e-27. This might indicate that there are
strong multicollinearity problems or that the design matrix is singular.