                            OLS Regression Results                            
==============================================================================
Dep. Variable:              sd_pooled   R-squared:                       0.560
Model:                            OLS   Adj. R-squared:                  0.553
Method:                 Least Squares   F-statistic:                     78.57
Date:                Sun, 29 Mar 2026   Prob (F-statistic):               0.00
Time:                        15:17:31   Log-Likelihood:                 525.41
No. Observations:                4012   AIC:                            -920.8
Df Residuals:                    3947   BIC:                            -511.5
Df Model:                          64                                         
Covariance Type:            nonrobust                                         
============================================================================================
                               coef    std err          t      P>|t|      [0.025      0.975]
--------------------------------------------------------------------------------------------
const                        3.3894      0.049     69.870      0.000       3.294       3.485
FLead                        0.0486      0.008      6.047      0.000       0.033       0.064
mean_pooled                 -0.2349      0.004    -53.365      0.000      -0.244      -0.226
kim_violence_gore            0.0137      0.003      5.442      0.000       0.009       0.019
kim_sex_nudity               0.0078      0.002      4.021      0.000       0.004       0.012
kim_language                -0.0138      0.002     -7.366      0.000      -0.018      -0.010
major                       -0.0392      0.008     -4.871      0.000      -0.055      -0.023
log_bom_opening_theaters     0.0054      0.002      3.049      0.002       0.002       0.009
genres_count                -0.0118      0.007     -1.746      0.081      -0.025       0.001
yr_1993                     -0.0038      0.035     -0.110      0.912      -0.072       0.064
yr_1994                     -0.0018      0.035     -0.052      0.958      -0.071       0.067
yr_1995                      0.0437      0.035      1.256      0.209      -0.024       0.112
yr_1996                      0.0090      0.034      0.263      0.793      -0.058       0.076
yr_1997                      0.0105      0.035      0.301      0.763      -0.058       0.079
yr_1998                      0.0598      0.034      1.785      0.074      -0.006       0.126
yr_1999                      0.0652      0.033      1.996      0.046       0.001       0.129
yr_2000                     -0.0008      0.034     -0.023      0.982      -0.067       0.065
yr_2001                      0.0622      0.033      1.884      0.060      -0.003       0.127
yr_2002                      0.0218      0.032      0.671      0.502      -0.042       0.085
yr_2003                      0.0054      0.033      0.165      0.869      -0.059       0.069
yr_2004                      0.0692      0.032      2.132      0.033       0.006       0.133
yr_2005                      0.0550      0.032      1.707      0.088      -0.008       0.118
yr_2006                      0.1041      0.032      3.254      0.001       0.041       0.167
yr_2007                      0.1174      0.032      3.686      0.000       0.055       0.180
yr_2008                      0.0587      0.032      1.829      0.067      -0.004       0.122
yr_2009                      0.0412      0.032      1.271      0.204      -0.022       0.105
yr_2010                      0.0333      0.032      1.029      0.304      -0.030       0.097
yr_2011                      0.0358      0.032      1.123      0.261      -0.027       0.098
yr_2012                      0.0200      0.032      0.631      0.528      -0.042       0.082
yr_2013                      0.0125      0.032      0.392      0.695      -0.050       0.075
yr_2014                      0.0431      0.032      1.336      0.182      -0.020       0.106
yr_2015                     -0.0266      0.032     -0.831      0.406      -0.089       0.036
yr_2016                     -0.0326      0.032     -1.009      0.313      -0.096       0.031
yr_2017                      0.0261      0.033      0.802      0.422      -0.038       0.090
yr_2018                      0.0177      0.033      0.541      0.589      -0.046       0.082
mo_2                         0.0086      0.019      0.439      0.660      -0.030       0.047
mo_3                        -0.0044      0.019     -0.238      0.812      -0.041       0.032
mo_4                         0.0004      0.019      0.019      0.985      -0.036       0.037
mo_5                        -0.0125      0.020     -0.634      0.526      -0.051       0.026
mo_6                        -0.0258      0.019     -1.325      0.185      -0.064       0.012
mo_7                        -0.0225      0.019     -1.189      0.235      -0.060       0.015
mo_8                        -0.0256      0.018     -1.400      0.162      -0.061       0.010
mo_9                        -0.0275      0.019     -1.479      0.139      -0.064       0.009
mo_10                       -0.0089      0.018     -0.487      0.626      -0.045       0.027
mo_11                       -0.0228      0.019     -1.212      0.226      -0.060       0.014
mo_12                       -0.0264      0.018     -1.453      0.146      -0.062       0.009
genre_Action                -0.0591      0.011     -5.582      0.000      -0.080      -0.038
genre_Adventure             -0.0067      0.011     -0.598      0.550      -0.029       0.015
genre_Animation             -0.0300      0.018     -1.669      0.095      -0.065       0.005
genre_Biography             -0.0903      0.014     -6.339      0.000      -0.118      -0.062
genre_Comedy                 0.0006      0.009      0.063      0.950      -0.018       0.019
genre_Crime                 -0.0881      0.010     -8.584      0.000      -0.108      -0.068
genre_Drama                  0.0148      0.010      1.554      0.120      -0.004       0.033
genre_Family                 0.0672      0.015      4.618      0.000       0.039       0.096
genre_Fantasy                0.0057      0.013      0.448      0.654      -0.019       0.030
genre_History                0.0173      0.020      0.845      0.398      -0.023       0.057
genre_Horror                -0.0385      0.015     -2.638      0.008      -0.067      -0.010
genre_Music                  0.1124      0.019      5.863      0.000       0.075       0.150
genre_Musical                0.3254      0.043      7.525      0.000       0.241       0.410
genre_Mystery               -0.0578      0.013     -4.585      0.000      -0.082      -0.033
genre_News               -7.027e-18   2.99e-18     -2.351      0.019   -1.29e-17   -1.17e-18
genre_Romance               -0.0121      0.010     -1.184      0.236      -0.032       0.008
genre_Sci_Fi                -0.0125      0.014     -0.921      0.357      -0.039       0.014
genre_Short              -3.633e-18   1.78e-18     -2.043      0.041   -7.12e-18   -1.46e-19
genre_Sport                 -0.0383      0.021     -1.845      0.065      -0.079       0.002
genre_Thriller              -0.0752      0.011     -7.048      0.000      -0.096      -0.054
genre_War                    0.0055      0.029      0.188      0.851      -0.052       0.063
genre_Western               -0.0521      0.052     -1.010      0.313      -0.153       0.049
==============================================================================
Omnibus:                     1650.034   Durbin-Watson:                   2.008
Prob(Omnibus):                  0.000   Jarque-Bera (JB):            13310.084
Skew:                           1.754   Prob(JB):                         0.00
Kurtosis:                      11.205   Cond. No.                     1.02e+16
==============================================================================

Notes:
[1] Standard Errors assume that the covariance matrix of the errors is correctly specified.
[2] The smallest eigenvalue is 6.38e-27. This might indicate that there are
strong multicollinearity problems or that the design matrix is singular.