                            OLS Regression Results                            
==============================================================================
Dep. Variable:              sd_pooled   R-squared:                       0.560
Model:                            OLS   Adj. R-squared:                  0.553
Method:                 Least Squares   F-statistic:                     78.41
Date:                Sun, 29 Mar 2026   Prob (F-statistic):               0.00
Time:                        15:38:10   Log-Likelihood:                 523.12
No. Observations:                4012   AIC:                            -916.2
Df Residuals:                    3947   BIC:                            -506.9
Df Model:                          64                                         
Covariance Type:            nonrobust                                         
============================================================================================
                               coef    std err          t      P>|t|      [0.025      0.975]
--------------------------------------------------------------------------------------------
const                        3.3953      0.048     70.048      0.000       3.300       3.490
FLead                        0.0480      0.008      5.955      0.000       0.032       0.064
mean_pooled                 -0.2347      0.004    -53.177      0.000      -0.243      -0.226
kim_violence_gore            0.0138      0.003      5.450      0.000       0.009       0.019
kim_sex_nudity               0.0067      0.002      3.411      0.001       0.003       0.011
kim_language                -0.0134      0.002     -7.137      0.000      -0.017      -0.010
major                       -0.0394      0.008     -4.882      0.000      -0.055      -0.024
log_bom_opening_theaters     0.0052      0.002      2.910      0.004       0.002       0.009
genres_count                -0.0124      0.007     -1.834      0.067      -0.026       0.001
yr_1993                     -0.0080      0.035     -0.232      0.816      -0.076       0.060
yr_1994                     -0.0023      0.035     -0.066      0.948      -0.071       0.067
yr_1995                      0.0424      0.035      1.218      0.223      -0.026       0.111
yr_1996                      0.0047      0.034      0.137      0.891      -0.062       0.072
yr_1997                      0.0082      0.035      0.237      0.813      -0.060       0.076
yr_1998                      0.0574      0.034      1.712      0.087      -0.008       0.123
yr_1999                      0.0623      0.033      1.909      0.056      -0.002       0.126
yr_2000                     -0.0062      0.034     -0.185      0.853      -0.072       0.060
yr_2001                      0.0590      0.033      1.783      0.075      -0.006       0.124
yr_2002                      0.0191      0.033      0.588      0.557      -0.045       0.083
yr_2003                      0.0045      0.033      0.138      0.890      -0.060       0.069
yr_2004                      0.0685      0.032      2.108      0.035       0.005       0.132
yr_2005                      0.0527      0.032      1.634      0.102      -0.011       0.116
yr_2006                      0.1031      0.032      3.221      0.001       0.040       0.166
yr_2007                      0.1164      0.032      3.651      0.000       0.054       0.179
yr_2008                      0.0574      0.032      1.788      0.074      -0.006       0.120
yr_2009                      0.0394      0.033      1.211      0.226      -0.024       0.103
yr_2010                      0.0328      0.032      1.012      0.312      -0.031       0.096
yr_2011                      0.0360      0.032      1.130      0.258      -0.026       0.098
yr_2012                      0.0188      0.032      0.594      0.553      -0.043       0.081
yr_2013                      0.0114      0.032      0.358      0.720      -0.051       0.074
yr_2014                      0.0415      0.032      1.285      0.199      -0.022       0.105
yr_2015                     -0.0276      0.032     -0.860      0.390      -0.090       0.035
yr_2016                     -0.0345      0.032     -1.067      0.286      -0.098       0.029
yr_2017                      0.0229      0.033      0.702      0.483      -0.041       0.087
yr_2018                      0.0149      0.033      0.456      0.648      -0.049       0.079
mo_2                         0.0090      0.019      0.462      0.644      -0.029       0.047
mo_3                        -0.0037      0.019     -0.200      0.841      -0.040       0.033
mo_4                         0.0015      0.019      0.080      0.936      -0.035       0.038
mo_5                        -0.0109      0.020     -0.554      0.580      -0.050       0.028
mo_6                        -0.0241      0.020     -1.234      0.217      -0.062       0.014
mo_7                        -0.0223      0.019     -1.177      0.239      -0.059       0.015
mo_8                        -0.0239      0.018     -1.308      0.191      -0.060       0.012
mo_9                        -0.0262      0.019     -1.410      0.159      -0.063       0.010
mo_10                       -0.0067      0.018     -0.367      0.714      -0.043       0.029
mo_11                       -0.0225      0.019     -1.198      0.231      -0.059       0.014
mo_12                       -0.0261      0.018     -1.438      0.151      -0.062       0.009
genre_Action                -0.0591      0.011     -5.577      0.000      -0.080      -0.038
genre_Adventure             -0.0070      0.011     -0.622      0.534      -0.029       0.015
genre_Animation             -0.0295      0.018     -1.640      0.101      -0.065       0.006
genre_Biography             -0.0907      0.014     -6.356      0.000      -0.119      -0.063
genre_Comedy                 0.0002      0.010      0.021      0.983      -0.018       0.019
genre_Crime                 -0.0880      0.010     -8.571      0.000      -0.108      -0.068
genre_Drama                  0.0139      0.010      1.458      0.145      -0.005       0.033
genre_Family                 0.0670      0.015      4.596      0.000       0.038       0.096
genre_Fantasy                0.0058      0.013      0.460      0.645      -0.019       0.031
genre_History                0.0175      0.020      0.856      0.392      -0.023       0.058
genre_Horror                -0.0389      0.015     -2.668      0.008      -0.068      -0.010
genre_Music                  0.1150      0.019      6.006      0.000       0.077       0.153
genre_Musical                0.3234      0.043      7.471      0.000       0.239       0.408
genre_Mystery               -0.0572      0.013     -4.535      0.000      -0.082      -0.032
genre_News               -1.091e-17   5.98e-18     -1.825      0.068   -2.26e-17    8.12e-19
genre_Romance               -0.0114      0.010     -1.117      0.264      -0.031       0.009
genre_Sci_Fi                -0.0130      0.014     -0.954      0.340      -0.040       0.014
genre_Short              -6.435e-18   1.93e-18     -3.339      0.001   -1.02e-17   -2.66e-18
genre_Sport                 -0.0373      0.021     -1.798      0.072      -0.078       0.003
genre_Thriller              -0.0746      0.011     -6.984      0.000      -0.096      -0.054
genre_War                    0.0040      0.029      0.135      0.892      -0.053       0.061
genre_Western               -0.0525      0.052     -1.018      0.309      -0.154       0.049
==============================================================================
Omnibus:                     1638.932   Durbin-Watson:                   2.004
Prob(Omnibus):                  0.000   Jarque-Bera (JB):            13077.826
Skew:                           1.743   Prob(JB):                         0.00
Kurtosis:                      11.129   Cond. No.                     1.02e+16
==============================================================================

Notes:
[1] Standard Errors assume that the covariance matrix of the errors is correctly specified.
[2] The smallest eigenvalue is 6.39e-27. This might indicate that there are
strong multicollinearity problems or that the design matrix is singular.