                            OLS Regression Results                            
==============================================================================
Dep. Variable:              sd_pooled   R-squared:                       0.562
Model:                            OLS   Adj. R-squared:                  0.555
Method:                 Least Squares   F-statistic:                     79.10
Date:                Sun, 29 Mar 2026   Prob (F-statistic):               0.00
Time:                        10:18:57   Log-Likelihood:                 533.05
No. Observations:                4012   AIC:                            -936.1
Df Residuals:                    3947   BIC:                            -526.8
Df Model:                          64                                         
Covariance Type:            nonrobust                                         
============================================================================================
                               coef    std err          t      P>|t|      [0.025      0.975]
--------------------------------------------------------------------------------------------
const                        3.3787      0.048     69.786      0.000       3.284       3.474
FLead                        0.0469      0.008      5.836      0.000       0.031       0.063
mean_pooled                 -0.2335      0.004    -52.988      0.000      -0.242      -0.225
kim_violence_gore            0.0122      0.003      4.807      0.000       0.007       0.017
kim_sex_nudity               0.0114      0.002      5.594      0.000       0.007       0.015
kim_language                -0.0149      0.002     -7.955      0.000      -0.019      -0.011
major                       -0.0395      0.008     -4.919      0.000      -0.055      -0.024
log_bom_opening_theaters     0.0055      0.002      3.131      0.002       0.002       0.009
genres_count                -0.0095      0.007     -1.402      0.161      -0.023       0.004
yr_1993                     -0.0055      0.034     -0.161      0.872      -0.073       0.062
yr_1994                     -0.0025      0.035     -0.071      0.944      -0.071       0.066
yr_1995                      0.0439      0.035      1.265      0.206      -0.024       0.112
yr_1996                      0.0091      0.034      0.268      0.788      -0.058       0.076
yr_1997                      0.0132      0.035      0.382      0.703      -0.055       0.081
yr_1998                      0.0601      0.033      1.797      0.072      -0.005       0.126
yr_1999                      0.0609      0.033      1.870      0.062      -0.003       0.125
yr_2000                     -0.0083      0.034     -0.248      0.804      -0.074       0.057
yr_2001                      0.0567      0.033      1.718      0.086      -0.008       0.121
yr_2002                      0.0167      0.032      0.514      0.607      -0.047       0.080
yr_2003                      0.0008      0.033      0.025      0.980      -0.063       0.065
yr_2004                      0.0618      0.032      1.906      0.057      -0.002       0.125
yr_2005                      0.0484      0.032      1.505      0.132      -0.015       0.111
yr_2006                      0.0973      0.032      3.043      0.002       0.035       0.160
yr_2007                      0.1110      0.032      3.487      0.000       0.049       0.173
yr_2008                      0.0523      0.032      1.631      0.103      -0.011       0.115
yr_2009                      0.0323      0.032      0.995      0.320      -0.031       0.096
yr_2010                      0.0269      0.032      0.833      0.405      -0.037       0.090
yr_2011                      0.0304      0.032      0.956      0.339      -0.032       0.093
yr_2012                      0.0154      0.032      0.486      0.627      -0.047       0.077
yr_2013                      0.0079      0.032      0.247      0.805      -0.055       0.070
yr_2014                      0.0399      0.032      1.238      0.216      -0.023       0.103
yr_2015                     -0.0309      0.032     -0.966      0.334      -0.094       0.032
yr_2016                     -0.0351      0.032     -1.088      0.277      -0.098       0.028
yr_2017                      0.0214      0.033      0.659      0.510      -0.042       0.085
yr_2018                      0.0154      0.033      0.472      0.637      -0.049       0.079
mo_2                         0.0078      0.019      0.400      0.689      -0.030       0.046
mo_3                        -0.0042      0.019     -0.228      0.819      -0.041       0.032
mo_4                         0.0005      0.019      0.028      0.978      -0.036       0.037
mo_5                        -0.0126      0.020     -0.640      0.522      -0.051       0.026
mo_6                        -0.0253      0.019     -1.299      0.194      -0.063       0.013
mo_7                        -0.0234      0.019     -1.239      0.215      -0.060       0.014
mo_8                        -0.0251      0.018     -1.374      0.169      -0.061       0.011
mo_9                        -0.0278      0.019     -1.498      0.134      -0.064       0.009
mo_10                       -0.0068      0.018     -0.373      0.709      -0.043       0.029
mo_11                       -0.0244      0.019     -1.299      0.194      -0.061       0.012
mo_12                       -0.0264      0.018     -1.458      0.145      -0.062       0.009
genre_Action                -0.0556      0.011     -5.239      0.000      -0.076      -0.035
genre_Adventure             -0.0060      0.011     -0.534      0.593      -0.028       0.016
genre_Animation             -0.0286      0.018     -1.591      0.112      -0.064       0.007
genre_Biography             -0.0921      0.014     -6.475      0.000      -0.120      -0.064
genre_Comedy                -0.0030      0.010     -0.320      0.749      -0.022       0.016
genre_Crime                 -0.0889      0.010     -8.679      0.000      -0.109      -0.069
genre_Drama                  0.0137      0.010      1.437      0.151      -0.005       0.032
genre_Family                 0.0711      0.015      4.882      0.000       0.043       0.100
genre_Fantasy                0.0039      0.013      0.312      0.755      -0.021       0.029
genre_History                0.0188      0.020      0.919      0.358      -0.021       0.059
genre_Horror                -0.0340      0.015     -2.332      0.020      -0.063      -0.005
genre_Music                  0.1120      0.019      5.857      0.000       0.074       0.149
genre_Musical                0.3186      0.043      7.377      0.000       0.234       0.403
genre_Mystery               -0.0589      0.013     -4.680      0.000      -0.084      -0.034
genre_News                3.522e-18   3.55e-18      0.993      0.321   -3.43e-18    1.05e-17
genre_Romance               -0.0182      0.010     -1.770      0.077      -0.038       0.002
genre_Sci_Fi                -0.0128      0.014     -0.945      0.345      -0.039       0.014
genre_Short               3.217e-18   3.96e-18      0.813      0.416   -4.54e-18     1.1e-17
genre_Sport                 -0.0375      0.021     -1.812      0.070      -0.078       0.003
genre_Thriller              -0.0742      0.011     -6.966      0.000      -0.095      -0.053
genre_War                    0.0101      0.029      0.345      0.730      -0.047       0.067
genre_Western               -0.0477      0.051     -0.926      0.354      -0.149       0.053
==============================================================================
Omnibus:                     1647.746   Durbin-Watson:                   2.006
Prob(Omnibus):                  0.000   Jarque-Bera (JB):            13332.247
Skew:                           1.750   Prob(JB):                         0.00
Kurtosis:                      11.216   Cond. No.                     1.02e+16
==============================================================================

Notes:
[1] Standard Errors assume that the covariance matrix of the errors is correctly specified.
[2] The smallest eigenvalue is 6.39e-27. This might indicate that there are
strong multicollinearity problems or that the design matrix is singular.