                            OLS Regression Results                            
==============================================================================
Dep. Variable:              sd_pooled   R-squared:                       0.566
Model:                            OLS   Adj. R-squared:                  0.558
Method:                 Least Squares   F-statistic:                     64.21
Date:                Tue, 31 Mar 2026   Prob (F-statistic):               0.00
Time:                        22:16:20   Log-Likelihood:                 402.54
No. Observations:                3210   AIC:                            -675.1
Df Residuals:                    3145   BIC:                            -280.3
Df Model:                          64                                         
Covariance Type:            nonrobust                                         
============================================================================================
                               coef    std err          t      P>|t|      [0.025      0.975]
--------------------------------------------------------------------------------------------
const                        3.4727      0.055     63.011      0.000       3.365       3.581
FLead                        0.0424      0.009      4.744      0.000       0.025       0.060
mean_pooled                 -0.2416      0.005    -47.234      0.000      -0.252      -0.232
kim_violence_gore            0.0078      0.003      2.488      0.013       0.002       0.014
kim_sex_nudity               0.0114      0.002      4.741      0.000       0.007       0.016
kim_language                -0.0173      0.002     -7.952      0.000      -0.022      -0.013
major                       -0.0382      0.009     -4.119      0.000      -0.056      -0.020
log_bom_opening_theaters     0.0045      0.002      2.295      0.022       0.001       0.008
genres_count                -0.0100      0.008     -1.284      0.199      -0.025       0.005
yr_1993                     -0.0132      0.038     -0.350      0.726      -0.087       0.061
yr_1994                     -0.0120      0.038     -0.313      0.755      -0.087       0.063
yr_1995                      0.0412      0.039      1.068      0.286      -0.034       0.117
yr_1996                      0.0175      0.037      0.468      0.640      -0.056       0.091
yr_1997                      0.0220      0.039      0.566      0.571      -0.054       0.098
yr_1998                      0.0685      0.037      1.873      0.061      -0.003       0.140
yr_1999                      0.0724      0.036      2.011      0.044       0.002       0.143
yr_2000                      0.0080      0.037      0.214      0.830      -0.065       0.081
yr_2001                      0.0752      0.037      2.046      0.041       0.003       0.147
yr_2002                      0.0311      0.036      0.868      0.385      -0.039       0.101
yr_2003                     -0.0026      0.036     -0.072      0.943      -0.074       0.068
yr_2004                      0.0640      0.036      1.770      0.077      -0.007       0.135
yr_2005                      0.0539      0.036      1.513      0.130      -0.016       0.124
yr_2006                      0.1051      0.036      2.937      0.003       0.035       0.175
yr_2007                      0.1241      0.036      3.484      0.001       0.054       0.194
yr_2008                      0.0586      0.036      1.645      0.100      -0.011       0.129
yr_2009                      0.0226      0.036      0.620      0.536      -0.049       0.094
yr_2010                      0.0295      0.036      0.824      0.410      -0.041       0.100
yr_2011                      0.0354      0.035      1.006      0.314      -0.034       0.104
yr_2012                      0.0118      0.035      0.337      0.736      -0.057       0.080
yr_2013                      0.0106      0.035      0.301      0.763      -0.058       0.080
yr_2014                      0.0356      0.036      0.998      0.318      -0.034       0.106
yr_2015                     -0.0206      0.035     -0.587      0.557      -0.090       0.048
yr_2016                     -0.0239      0.036     -0.667      0.505      -0.094       0.046
yr_2017                      0.0111      0.036      0.309      0.757      -0.059       0.082
yr_2018                      0.0099      0.036      0.272      0.786      -0.061       0.081
mo_2                     -3.507e-05      0.022     -0.002      0.999      -0.044       0.044
mo_3                        -0.0122      0.021     -0.574      0.566      -0.054       0.029
mo_4                        -0.0324      0.021     -1.515      0.130      -0.074       0.010
mo_5                        -0.0230      0.023     -1.021      0.307      -0.067       0.021
mo_6                        -0.0392      0.022     -1.775      0.076      -0.082       0.004
mo_7                        -0.0340      0.021     -1.584      0.113      -0.076       0.008
mo_8                        -0.0426      0.021     -2.024      0.043      -0.084      -0.001
mo_9                        -0.0431      0.021     -2.016      0.044      -0.085      -0.001
mo_10                       -0.0368      0.021     -1.744      0.081      -0.078       0.005
mo_11                       -0.0461      0.021     -2.157      0.031      -0.088      -0.004
mo_12                       -0.0439      0.020     -2.145      0.032      -0.084      -0.004
genre_Action                -0.0511      0.013     -4.001      0.000      -0.076      -0.026
genre_Adventure             -0.0089      0.013     -0.680      0.497      -0.034       0.017
genre_Animation             -0.0238      0.019     -1.243      0.214      -0.061       0.014
genre_Biography             -0.0846      0.016     -5.310      0.000      -0.116      -0.053
genre_Comedy                -0.0052      0.011     -0.494      0.622      -0.026       0.016
genre_Crime                 -0.0793      0.012     -6.556      0.000      -0.103      -0.056
genre_Drama                  0.0250      0.011      2.265      0.024       0.003       0.047
genre_Family                 0.0675      0.015      4.356      0.000       0.037       0.098
genre_Fantasy                0.0085      0.014      0.591      0.554      -0.020       0.037
genre_History               -0.0006      0.024     -0.024      0.981      -0.047       0.046
genre_Horror                -0.0264      0.020     -1.347      0.178      -0.065       0.012
genre_Music                  0.1076      0.020      5.334      0.000       0.068       0.147
genre_Musical                0.3305      0.045      7.386      0.000       0.243       0.418
genre_Mystery               -0.0595      0.016     -3.820      0.000      -0.090      -0.029
genre_News               -3.354e-15    5.1e-16     -6.574      0.000   -4.35e-15   -2.35e-15
genre_Romance               -0.0192      0.011     -1.692      0.091      -0.041       0.003
genre_Sci_Fi                -0.0065      0.017     -0.393      0.694      -0.039       0.026
genre_Short               1.401e-14   2.12e-15      6.606      0.000    9.85e-15    1.82e-14
genre_Sport                 -0.0392      0.022     -1.753      0.080      -0.083       0.005
genre_Thriller              -0.0704      0.013     -5.348      0.000      -0.096      -0.045
genre_War                    0.0013      0.037      0.035      0.972      -0.070       0.073
genre_Western               -0.0758      0.069     -1.094      0.274      -0.212       0.060
==============================================================================
Omnibus:                     1134.880   Durbin-Watson:                   1.969
Prob(Omnibus):                  0.000   Jarque-Bera (JB):             6142.618
Skew:                           1.590   Prob(JB):                         0.00
Kurtosis:                       8.984   Cond. No.                     1.02e+16
==============================================================================

Notes:
[1] Standard Errors assume that the covariance matrix of the errors is correctly specified.
[2] The smallest eigenvalue is 4.77e-27. This might indicate that there are
strong multicollinearity problems or that the design matrix is singular.