                            OLS Regression Results                            
==============================================================================
Dep. Variable:              sd_pooled   R-squared:                       0.562
Model:                            OLS   Adj. R-squared:                  0.555
Method:                 Least Squares   F-statistic:                     79.17
Date:                Tue, 31 Mar 2026   Prob (F-statistic):               0.00
Time:                        14:47:53   Log-Likelihood:                 534.00
No. Observations:                4012   AIC:                            -938.0
Df Residuals:                    3947   BIC:                            -528.7
Df Model:                          64                                         
Covariance Type:            nonrobust                                         
============================================================================================
                               coef    std err          t      P>|t|      [0.025      0.975]
--------------------------------------------------------------------------------------------
const                        3.3777      0.048     69.930      0.000       3.283       3.472
FLead                        0.0469      0.008      5.834      0.000       0.031       0.063
mean_pooled                 -0.2333      0.004    -52.867      0.000      -0.242      -0.225
kim_violence_gore            0.0121      0.003      4.771      0.000       0.007       0.017
kim_sex_nudity               0.0114      0.002      5.619      0.000       0.007       0.015
kim_language                -0.0149      0.002     -7.957      0.000      -0.019      -0.011
major                       -0.0400      0.008     -4.980      0.000      -0.056      -0.024
log_bom_opening_theaters     0.0057      0.002      3.296      0.001       0.002       0.009
genres_count                -0.0095      0.007     -1.406      0.160      -0.023       0.004
yr_1993                     -0.0057      0.034     -0.165      0.869      -0.073       0.062
yr_1994                     -0.0027      0.035     -0.078      0.938      -0.072       0.066
yr_1995                      0.0432      0.035      1.247      0.213      -0.025       0.111
yr_1996                      0.0088      0.034      0.259      0.796      -0.058       0.076
yr_1997                      0.0138      0.035      0.397      0.692      -0.054       0.082
yr_1998                      0.0591      0.033      1.768      0.077      -0.006       0.125
yr_1999                      0.0603      0.033      1.851      0.064      -0.004       0.124
yr_2000                     -0.0078      0.034     -0.232      0.816      -0.074       0.058
yr_2001                      0.0556      0.033      1.685      0.092      -0.009       0.120
yr_2002                      0.0155      0.032      0.477      0.634      -0.048       0.079
yr_2003                      0.0002      0.033      0.006      0.996      -0.064       0.064
yr_2004                      0.0623      0.032      1.922      0.055      -0.001       0.126
yr_2005                      0.0473      0.032      1.471      0.141      -0.016       0.110
yr_2006                      0.0978      0.032      3.060      0.002       0.035       0.160
yr_2007                      0.1112      0.032      3.493      0.000       0.049       0.174
yr_2008                      0.0523      0.032      1.631      0.103      -0.011       0.115
yr_2009                      0.0321      0.032      0.988      0.323      -0.032       0.096
yr_2010                      0.0278      0.032      0.859      0.390      -0.036       0.091
yr_2011                      0.0296      0.032      0.930      0.352      -0.033       0.092
yr_2012                      0.0150      0.032      0.474      0.635      -0.047       0.077
yr_2013                      0.0061      0.032      0.191      0.849      -0.056       0.068
yr_2014                      0.0404      0.032      1.253      0.210      -0.023       0.104
yr_2015                     -0.0319      0.032     -0.999      0.318      -0.095       0.031
yr_2016                     -0.0356      0.032     -1.104      0.269      -0.099       0.028
yr_2017                      0.0214      0.033      0.657      0.511      -0.042       0.085
yr_2018                      0.0158      0.033      0.484      0.628      -0.048       0.080
mo_2                         0.0082      0.019      0.422      0.673      -0.030       0.046
mo_3                        -0.0042      0.019     -0.228      0.820      -0.041       0.032
mo_4                         0.0003      0.019      0.017      0.987      -0.036       0.037
mo_5                        -0.0129      0.020     -0.653      0.514      -0.052       0.026
mo_6                        -0.0258      0.019     -1.328      0.184      -0.064       0.012
mo_7                        -0.0231      0.019     -1.224      0.221      -0.060       0.014
mo_8                        -0.0256      0.018     -1.402      0.161      -0.061       0.010
mo_9                        -0.0276      0.019     -1.486      0.137      -0.064       0.009
mo_10                       -0.0073      0.018     -0.399      0.690      -0.043       0.028
mo_11                       -0.0247      0.019     -1.315      0.189      -0.061       0.012
mo_12                       -0.0274      0.018     -1.517      0.129      -0.063       0.008
genre_Action                -0.0551      0.011     -5.194      0.000      -0.076      -0.034
genre_Adventure             -0.0060      0.011     -0.532      0.595      -0.028       0.016
genre_Animation             -0.0272      0.018     -1.514      0.130      -0.062       0.008
genre_Biography             -0.0925      0.014     -6.508      0.000      -0.120      -0.065
genre_Comedy                -0.0035      0.010     -0.369      0.712      -0.022       0.015
genre_Crime                 -0.0891      0.010     -8.697      0.000      -0.109      -0.069
genre_Drama                  0.0128      0.009      1.358      0.174      -0.006       0.031
genre_Family                 0.0714      0.015      4.906      0.000       0.043       0.100
genre_Fantasy                0.0045      0.013      0.355      0.722      -0.020       0.029
genre_History                0.0179      0.020      0.879      0.379      -0.022       0.058
genre_Horror                -0.0342      0.015     -2.341      0.019      -0.063      -0.006
genre_Music                  0.1126      0.019      5.893      0.000       0.075       0.150
genre_Musical                0.3177      0.043      7.358      0.000       0.233       0.402
genre_Mystery               -0.0590      0.013     -4.696      0.000      -0.084      -0.034
genre_News                3.384e-18   4.56e-18      0.743      0.458   -5.55e-18    1.23e-17
genre_Romance               -0.0179      0.010     -1.733      0.083      -0.038       0.002
genre_Sci_Fi                -0.0115      0.014     -0.848      0.397      -0.038       0.015
genre_Short              -6.891e-18   2.91e-18     -2.366      0.018   -1.26e-17   -1.18e-18
genre_Sport                 -0.0369      0.021     -1.784      0.075      -0.077       0.004
genre_Thriller              -0.0733      0.011     -6.882      0.000      -0.094      -0.052
genre_War                    0.0083      0.029      0.286      0.775      -0.049       0.065
genre_Western               -0.0488      0.051     -0.949      0.343      -0.150       0.052
==============================================================================
Omnibus:                     1650.441   Durbin-Watson:                   2.008
Prob(Omnibus):                  0.000   Jarque-Bera (JB):            13387.665
Skew:                           1.753   Prob(JB):                         0.00
Kurtosis:                      11.234   Cond. No.                     1.02e+16
==============================================================================

Notes:
[1] Standard Errors assume that the covariance matrix of the errors is correctly specified.
[2] The smallest eigenvalue is 6.38e-27. This might indicate that there are
strong multicollinearity problems or that the design matrix is singular.