                            OLS Regression Results                            
==============================================================================
Dep. Variable:              sd_pooled   R-squared:                       0.562
Model:                            OLS   Adj. R-squared:                  0.554
Method:                 Least Squares   F-statistic:                     78.99
Date:                Sun, 29 Mar 2026   Prob (F-statistic):               0.00
Time:                        15:15:42   Log-Likelihood:                 531.37
No. Observations:                4012   AIC:                            -932.7
Df Residuals:                    3947   BIC:                            -523.4
Df Model:                          64                                         
Covariance Type:            nonrobust                                         
============================================================================================
                               coef    std err          t      P>|t|      [0.025      0.975]
--------------------------------------------------------------------------------------------
const                        3.3929      0.048     70.397      0.000       3.298       3.487
FLead                        0.0459      0.008      5.713      0.000       0.030       0.062
mean_pooled                 -0.2342      0.004    -53.171      0.000      -0.243      -0.226
kim_violence_gore            0.0123      0.003      4.844      0.000       0.007       0.017
kim_sex_nudity               0.0114      0.002      5.599      0.000       0.007       0.015
kim_language                -0.0150      0.002     -8.011      0.000      -0.019      -0.011
major                       -0.0374      0.008     -4.637      0.000      -0.053      -0.022
log_bom_opening_theaters     0.0041      0.002      2.381      0.017       0.001       0.008
genres_count                -0.0089      0.007     -1.320      0.187      -0.022       0.004
yr_1993                     -0.0071      0.034     -0.206      0.837      -0.075       0.060
yr_1994                     -0.0057      0.035     -0.161      0.872      -0.075       0.063
yr_1995                      0.0418      0.035      1.205      0.228      -0.026       0.110
yr_1996                      0.0079      0.034      0.232      0.817      -0.059       0.075
yr_1997                      0.0129      0.035      0.371      0.711      -0.055       0.081
yr_1998                      0.0595      0.033      1.778      0.075      -0.006       0.125
yr_1999                      0.0594      0.033      1.824      0.068      -0.004       0.123
yr_2000                     -0.0094      0.034     -0.280      0.779      -0.075       0.056
yr_2001                      0.0553      0.033      1.675      0.094      -0.009       0.120
yr_2002                      0.0150      0.032      0.462      0.644      -0.049       0.079
yr_2003                     -0.0013      0.033     -0.038      0.969      -0.065       0.063
yr_2004                      0.0606      0.032      1.866      0.062      -0.003       0.124
yr_2005                      0.0473      0.032      1.468      0.142      -0.016       0.110
yr_2006                      0.0960      0.032      3.002      0.003       0.033       0.159
yr_2007                      0.1095      0.032      3.438      0.001       0.047       0.172
yr_2008                      0.0518      0.032      1.614      0.107      -0.011       0.115
yr_2009                      0.0315      0.032      0.970      0.332      -0.032       0.095
yr_2010                      0.0249      0.032      0.770      0.441      -0.039       0.088
yr_2011                      0.0285      0.032      0.895      0.371      -0.034       0.091
yr_2012                      0.0132      0.032      0.418      0.676      -0.049       0.075
yr_2013                      0.0058      0.032      0.183      0.855      -0.057       0.068
yr_2014                      0.0385      0.032      1.194      0.232      -0.025       0.102
yr_2015                     -0.0326      0.032     -1.019      0.308      -0.095       0.030
yr_2016                     -0.0359      0.032     -1.114      0.265      -0.099       0.027
yr_2017                      0.0216      0.033      0.663      0.507      -0.042       0.085
yr_2018                      0.0150      0.033      0.458      0.647      -0.049       0.079
mo_2                         0.0086      0.019      0.442      0.658      -0.030       0.047
mo_3                        -0.0047      0.019     -0.255      0.799      -0.041       0.032
mo_4                         0.0006      0.019      0.033      0.974      -0.036       0.037
mo_5                        -0.0140      0.020     -0.708      0.479      -0.053       0.025
mo_6                        -0.0262      0.019     -1.346      0.179      -0.064       0.012
mo_7                        -0.0241      0.019     -1.274      0.203      -0.061       0.013
mo_8                        -0.0248      0.018     -1.359      0.174      -0.061       0.011
mo_9                        -0.0275      0.019     -1.480      0.139      -0.064       0.009
mo_10                       -0.0072      0.018     -0.394      0.693      -0.043       0.029
mo_11                       -0.0247      0.019     -1.317      0.188      -0.062       0.012
mo_12                       -0.0284      0.018     -1.568      0.117      -0.064       0.007
genre_Action                -0.0548      0.011     -5.165      0.000      -0.076      -0.034
genre_Adventure             -0.0057      0.011     -0.507      0.612      -0.028       0.016
genre_Animation             -0.0280      0.018     -1.556      0.120      -0.063       0.007
genre_Biography             -0.0936      0.014     -6.580      0.000      -0.121      -0.066
genre_Comedy                -0.0029      0.010     -0.309      0.758      -0.022       0.016
genre_Crime                 -0.0890      0.010     -8.683      0.000      -0.109      -0.069
genre_Drama                  0.0114      0.009      1.208      0.227      -0.007       0.030
genre_Family                 0.0715      0.015      4.911      0.000       0.043       0.100
genre_Fantasy                0.0043      0.013      0.337      0.736      -0.021       0.029
genre_History                0.0180      0.020      0.880      0.379      -0.022       0.058
genre_Horror                -0.0343      0.015     -2.347      0.019      -0.063      -0.006
genre_Music                  0.1122      0.019      5.865      0.000       0.075       0.150
genre_Musical                0.3214      0.043      7.439      0.000       0.237       0.406
genre_Mystery               -0.0593      0.013     -4.712      0.000      -0.084      -0.035
genre_News               -5.267e-19   4.12e-18     -0.128      0.898   -8.61e-18    7.56e-18
genre_Romance               -0.0190      0.010     -1.846      0.065      -0.039       0.001
genre_Sci_Fi                -0.0131      0.014     -0.966      0.334      -0.040       0.014
genre_Short              -6.364e-18   1.92e-18     -3.307      0.001   -1.01e-17   -2.59e-18
genre_Sport                 -0.0360      0.021     -1.740      0.082      -0.077       0.005
genre_Thriller              -0.0737      0.011     -6.918      0.000      -0.095      -0.053
genre_War                    0.0078      0.029      0.268      0.789      -0.049       0.065
genre_Western               -0.0461      0.051     -0.896      0.370      -0.147       0.055
==============================================================================
Omnibus:                     1658.768   Durbin-Watson:                   2.007
Prob(Omnibus):                  0.000   Jarque-Bera (JB):            13582.503
Skew:                           1.760   Prob(JB):                         0.00
Kurtosis:                      11.298   Cond. No.                     1.02e+16
==============================================================================

Notes:
[1] Standard Errors assume that the covariance matrix of the errors is correctly specified.
[2] The smallest eigenvalue is 6.39e-27. This might indicate that there are
strong multicollinearity problems or that the design matrix is singular.