                            OLS Regression Results                            
==============================================================================
Dep. Variable:              sd_pooled   R-squared:                       0.560
Model:                            OLS   Adj. R-squared:                  0.553
Method:                 Least Squares   F-statistic:                     78.54
Date:                Tue, 31 Mar 2026   Prob (F-statistic):               0.00
Time:                        15:54:21   Log-Likelihood:                 524.98
No. Observations:                4012   AIC:                            -920.0
Df Residuals:                    3947   BIC:                            -510.7
Df Model:                          64                                         
Covariance Type:            nonrobust                                         
============================================================================================
                               coef    std err          t      P>|t|      [0.025      0.975]
--------------------------------------------------------------------------------------------
const                        3.3757      0.049     69.029      0.000       3.280       3.472
FLead                        0.0447      0.008      5.563      0.000       0.029       0.060
mean_pooled                 -0.2323      0.004    -52.739      0.000      -0.241      -0.224
kim_violence_gore            0.0062      0.003      2.436      0.015       0.001       0.011
kim_sex_nudity               0.0130      0.002      6.473      0.000       0.009       0.017
kim_language                -0.0136      0.002     -7.364      0.000      -0.017      -0.010
major                       -0.0406      0.008     -5.042      0.000      -0.056      -0.025
log_bom_opening_theaters     0.0060      0.002      3.403      0.001       0.003       0.009
genres_count                -0.0056      0.007     -0.840      0.401      -0.019       0.008
yr_1993                     -0.0027      0.035     -0.080      0.937      -0.070       0.065
yr_1994                     -0.0015      0.035     -0.042      0.967      -0.071       0.068
yr_1995                      0.0470      0.035      1.353      0.176      -0.021       0.115
yr_1996                      0.0122      0.034      0.357      0.721      -0.055       0.079
yr_1997                      0.0165      0.035      0.473      0.636      -0.052       0.085
yr_1998                      0.0602      0.034      1.794      0.073      -0.006       0.126
yr_1999                      0.0657      0.033      2.015      0.044       0.002       0.130
yr_2000                     -0.0050      0.034     -0.148      0.883      -0.071       0.061
yr_2001                      0.0626      0.033      1.896      0.058      -0.002       0.127
yr_2002                      0.0201      0.033      0.617      0.537      -0.044       0.084
yr_2003                      0.0049      0.033      0.149      0.882      -0.059       0.069
yr_2004                      0.0679      0.032      2.092      0.036       0.004       0.132
yr_2005                      0.0552      0.032      1.713      0.087      -0.008       0.118
yr_2006                      0.1055      0.032      3.302      0.001       0.043       0.168
yr_2007                      0.1183      0.032      3.712      0.000       0.056       0.181
yr_2008                      0.0592      0.032      1.846      0.065      -0.004       0.122
yr_2009                      0.0389      0.032      1.198      0.231      -0.025       0.103
yr_2010                      0.0348      0.032      1.076      0.282      -0.029       0.098
yr_2011                      0.0368      0.032      1.157      0.248      -0.026       0.099
yr_2012                      0.0208      0.032      0.656      0.512      -0.041       0.083
yr_2013                      0.0137      0.032      0.431      0.667      -0.049       0.076
yr_2014                      0.0435      0.032      1.348      0.178      -0.020       0.107
yr_2015                     -0.0280      0.032     -0.874      0.382      -0.091       0.035
yr_2016                     -0.0312      0.032     -0.965      0.334      -0.094       0.032
yr_2017                      0.0241      0.033      0.739      0.460      -0.040       0.088
yr_2018                      0.0196      0.033      0.598      0.550      -0.045       0.084
mo_2                         0.0071      0.019      0.366      0.714      -0.031       0.045
mo_3                        -0.0043      0.019     -0.232      0.817      -0.041       0.032
mo_4                         0.0015      0.019      0.081      0.935      -0.035       0.038
mo_5                        -0.0128      0.020     -0.649      0.516      -0.052       0.026
mo_6                        -0.0260      0.019     -1.335      0.182      -0.064       0.012
mo_7                        -0.0237      0.019     -1.249      0.212      -0.061       0.013
mo_8                        -0.0261      0.018     -1.431      0.153      -0.062       0.010
mo_9                        -0.0291      0.019     -1.564      0.118      -0.066       0.007
mo_10                       -0.0056      0.018     -0.307      0.759      -0.041       0.030
mo_11                       -0.0239      0.019     -1.270      0.204      -0.061       0.013
mo_12                       -0.0257      0.018     -1.413      0.158      -0.061       0.010
genre_Action                -0.0473      0.010     -4.526      0.000      -0.068      -0.027
genre_Adventure             -0.0047      0.011     -0.420      0.675      -0.027       0.017
genre_Animation             -0.0343      0.018     -1.915      0.056      -0.070       0.001
genre_Biography             -0.0959      0.014     -6.740      0.000      -0.124      -0.068
genre_Comedy                -0.0141      0.009     -1.535      0.125      -0.032       0.004
genre_Crime                 -0.0844      0.010     -8.274      0.000      -0.104      -0.064
genre_Drama                  0.0101      0.009      1.062      0.289      -0.009       0.029
genre_Family                 0.0657      0.015      4.517      0.000       0.037       0.094
genre_Fantasy                0.0057      0.013      0.454      0.650      -0.019       0.031
genre_History                0.0222      0.020      1.084      0.278      -0.018       0.062
genre_Horror                -0.0179      0.014     -1.271      0.204      -0.046       0.010
genre_Music                  0.1016      0.019      5.345      0.000       0.064       0.139
genre_Musical                0.3142      0.043      7.261      0.000       0.229       0.399
genre_Mystery               -0.0593      0.013     -4.704      0.000      -0.084      -0.035
genre_News                -1.37e-17   1.15e-17     -1.194      0.233   -3.62e-17     8.8e-18
genre_Romance               -0.0285      0.010     -2.833      0.005      -0.048      -0.009
genre_Sci_Fi                -0.0122      0.014     -0.901      0.367      -0.039       0.014
genre_Short               6.243e-18   2.55e-17      0.245      0.807   -4.38e-17    5.63e-17
genre_Sport                 -0.0414      0.021     -1.997      0.046      -0.082      -0.001
genre_Thriller              -0.0729      0.011     -6.831      0.000      -0.094      -0.052
genre_War                    0.0230      0.029      0.790      0.430      -0.034       0.080
genre_Western               -0.0350      0.051     -0.680      0.497      -0.136       0.066
==============================================================================
Omnibus:                     1660.949   Durbin-Watson:                   2.003
Prob(Omnibus):                  0.000   Jarque-Bera (JB):            13672.575
Skew:                           1.761   Prob(JB):                         0.00
Kurtosis:                      11.330   Cond. No.                     1.02e+16
==============================================================================

Notes:
[1] Standard Errors assume that the covariance matrix of the errors is correctly specified.
[2] The smallest eigenvalue is 6.41e-27. This might indicate that there are
strong multicollinearity problems or that the design matrix is singular.