                            OLS Regression Results                            
==============================================================================
Dep. Variable:              sd_pooled   R-squared:                       0.561
Model:                            OLS   Adj. R-squared:                  0.553
Method:                 Least Squares   F-statistic:                     78.66
Date:                Tue, 31 Mar 2026   Prob (F-statistic):               0.00
Time:                        18:48:21   Log-Likelihood:                 526.74
No. Observations:                4012   AIC:                            -923.5
Df Residuals:                    3947   BIC:                            -514.2
Df Model:                          64                                         
Covariance Type:            nonrobust                                         
============================================================================================
                               coef    std err          t      P>|t|      [0.025      0.975]
--------------------------------------------------------------------------------------------
const                        3.3810      0.048     69.760      0.000       3.286       3.476
FLead                        0.0476      0.008      5.909      0.000       0.032       0.063
mean_pooled                 -0.2341      0.004    -53.096      0.000      -0.243      -0.225
kim_violence_gore            0.0117      0.003      4.571      0.000       0.007       0.017
kim_sex_nudity               0.0108      0.002      5.313      0.000       0.007       0.015
kim_language                -0.0131      0.002     -7.086      0.000      -0.017      -0.009
major                       -0.0397      0.008     -4.926      0.000      -0.055      -0.024
log_bom_opening_theaters     0.0057      0.002      3.206      0.001       0.002       0.009
genres_count                -0.0089      0.007     -1.319      0.187      -0.022       0.004
yr_1993                     -0.0083      0.034     -0.239      0.811      -0.076       0.059
yr_1994                     -0.0043      0.035     -0.122      0.903      -0.073       0.065
yr_1995                      0.0412      0.035      1.186      0.236      -0.027       0.109
yr_1996                      0.0059      0.034      0.172      0.863      -0.061       0.073
yr_1997                      0.0090      0.035      0.260      0.795      -0.059       0.077
yr_1998                      0.0567      0.033      1.692      0.091      -0.009       0.122
yr_1999                      0.0568      0.033      1.742      0.082      -0.007       0.121
yr_2000                     -0.0113      0.034     -0.336      0.737      -0.077       0.055
yr_2001                      0.0528      0.033      1.599      0.110      -0.012       0.118
yr_2002                      0.0133      0.032      0.410      0.682      -0.050       0.077
yr_2003                     -0.0021      0.033     -0.064      0.949      -0.066       0.062
yr_2004                      0.0604      0.032      1.860      0.063      -0.003       0.124
yr_2005                      0.0461      0.032      1.430      0.153      -0.017       0.109
yr_2006                      0.0964      0.032      3.010      0.003       0.034       0.159
yr_2007                      0.1085      0.032      3.404      0.001       0.046       0.171
yr_2008                      0.0503      0.032      1.566      0.117      -0.013       0.113
yr_2009                      0.0296      0.033      0.911      0.363      -0.034       0.093
yr_2010                      0.0237      0.032      0.731      0.465      -0.040       0.087
yr_2011                      0.0276      0.032      0.865      0.387      -0.035       0.090
yr_2012                      0.0124      0.032      0.391      0.695      -0.050       0.075
yr_2013                      0.0042      0.032      0.131      0.896      -0.058       0.067
yr_2014                      0.0362      0.032      1.122      0.262      -0.027       0.099
yr_2015                     -0.0354      0.032     -1.107      0.268      -0.098       0.027
yr_2016                     -0.0387      0.032     -1.200      0.230      -0.102       0.025
yr_2017                      0.0177      0.033      0.542      0.588      -0.046       0.082
yr_2018                      0.0095      0.033      0.291      0.771      -0.055       0.074
mo_2                         0.0091      0.019      0.469      0.639      -0.029       0.047
mo_3                        -0.0043      0.019     -0.232      0.817      -0.041       0.032
mo_4                         0.0007      0.019      0.035      0.972      -0.036       0.037
mo_5                        -0.0115      0.020     -0.582      0.561      -0.050       0.027
mo_6                        -0.0250      0.019     -1.285      0.199      -0.063       0.013
mo_7                        -0.0232      0.019     -1.224      0.221      -0.060       0.014
mo_8                        -0.0252      0.018     -1.380      0.168      -0.061       0.011
mo_9                        -0.0279      0.019     -1.503      0.133      -0.064       0.008
mo_10                       -0.0069      0.018     -0.378      0.705      -0.043       0.029
mo_11                       -0.0229      0.019     -1.218      0.223      -0.060       0.014
mo_12                       -0.0254      0.018     -1.402      0.161      -0.061       0.010
genre_Action                -0.0562      0.011     -5.289      0.000      -0.077      -0.035
genre_Adventure             -0.0039      0.011     -0.348      0.728      -0.026       0.018
genre_Animation             -0.0258      0.018     -1.434      0.152      -0.061       0.009
genre_Biography             -0.0921      0.014     -6.459      0.000      -0.120      -0.064
genre_Comedy                -0.0055      0.010     -0.583      0.560      -0.024       0.013
genre_Crime                 -0.0914      0.010     -8.919      0.000      -0.111      -0.071
genre_Drama                  0.0125      0.010      1.316      0.188      -0.006       0.031
genre_Family                 0.0726      0.015      4.975      0.000       0.044       0.101
genre_Fantasy                0.0048      0.013      0.380      0.704      -0.020       0.030
genre_History                0.0203      0.020      0.993      0.321      -0.020       0.060
genre_Horror                -0.0360      0.015     -2.462      0.014      -0.065      -0.007
genre_Music                  0.1101      0.019      5.749      0.000       0.073       0.148
genre_Musical                0.3212      0.043      7.426      0.000       0.236       0.406
genre_Mystery               -0.0592      0.013     -4.698      0.000      -0.084      -0.034
genre_News               -7.584e-18   2.89e-18     -2.626      0.009   -1.32e-17   -1.92e-18
genre_Romance               -0.0176      0.010     -1.709      0.088      -0.038       0.003
genre_Sci_Fi                -0.0137      0.014     -1.005      0.315      -0.040       0.013
genre_Short               2.192e-18   1.99e-18      1.099      0.272   -1.72e-18     6.1e-18
genre_Sport                 -0.0389      0.021     -1.873      0.061      -0.080       0.002
genre_Thriller              -0.0755      0.011     -7.080      0.000      -0.096      -0.055
genre_War                    0.0113      0.029      0.386      0.699      -0.046       0.069
genre_Western               -0.0460      0.052     -0.892      0.372      -0.147       0.055
==============================================================================
Omnibus:                     1666.430   Durbin-Watson:                   2.006
Prob(Omnibus):                  0.000   Jarque-Bera (JB):            13786.863
Skew:                           1.767   Prob(JB):                         0.00
Kurtosis:                      11.366   Cond. No.                     1.02e+16
==============================================================================

Notes:
[1] Standard Errors assume that the covariance matrix of the errors is correctly specified.
[2] The smallest eigenvalue is 6.38e-27. This might indicate that there are
strong multicollinearity problems or that the design matrix is singular.