                            OLS Regression Results                            
==============================================================================
Dep. Variable:              sd_pooled   R-squared:                       0.562
Model:                            OLS   Adj. R-squared:                  0.555
Method:                 Least Squares   F-statistic:                     79.14
Date:                Sun, 29 Mar 2026   Prob (F-statistic):               0.00
Time:                        15:56:01   Log-Likelihood:                 533.62
No. Observations:                4012   AIC:                            -937.2
Df Residuals:                    3947   BIC:                            -527.9
Df Model:                          64                                         
Covariance Type:            nonrobust                                         
============================================================================================
                               coef    std err          t      P>|t|      [0.025      0.975]
--------------------------------------------------------------------------------------------
const                        3.3800      0.048     69.865      0.000       3.285       3.475
FLead                        0.0482      0.008      6.009      0.000       0.032       0.064
mean_pooled                 -0.2339      0.004    -53.150      0.000      -0.243      -0.225
kim_violence_gore            0.0116      0.003      4.594      0.000       0.007       0.017
kim_sex_nudity               0.0115      0.002      5.683      0.000       0.008       0.016
kim_language                -0.0152      0.002     -7.997      0.000      -0.019      -0.011
major                       -0.0399      0.008     -4.958      0.000      -0.056      -0.024
log_bom_opening_theaters     0.0057      0.002      3.252      0.001       0.002       0.009
genres_count                -0.0089      0.007     -1.308      0.191      -0.022       0.004
yr_1993                     -0.0054      0.034     -0.158      0.874      -0.073       0.062
yr_1994                     -0.0006      0.035     -0.018      0.986      -0.070       0.068
yr_1995                      0.0442      0.035      1.273      0.203      -0.024       0.112
yr_1996                      0.0098      0.034      0.289      0.773      -0.057       0.077
yr_1997                      0.0135      0.035      0.390      0.697      -0.054       0.082
yr_1998                      0.0595      0.033      1.779      0.075      -0.006       0.125
yr_1999                      0.0603      0.033      1.852      0.064      -0.004       0.124
yr_2000                     -0.0093      0.034     -0.278      0.781      -0.075       0.056
yr_2001                      0.0572      0.033      1.733      0.083      -0.007       0.122
yr_2002                      0.0150      0.032      0.462      0.644      -0.049       0.079
yr_2003                      0.0004      0.033      0.013      0.990      -0.064       0.064
yr_2004                      0.0617      0.032      1.902      0.057      -0.002       0.125
yr_2005                      0.0497      0.032      1.543      0.123      -0.013       0.113
yr_2006                      0.0977      0.032      3.055      0.002       0.035       0.160
yr_2007                      0.1116      0.032      3.507      0.000       0.049       0.174
yr_2008                      0.0519      0.032      1.618      0.106      -0.011       0.115
yr_2009                      0.0319      0.032      0.983      0.326      -0.032       0.096
yr_2010                      0.0255      0.032      0.789      0.430      -0.038       0.089
yr_2011                      0.0304      0.032      0.955      0.340      -0.032       0.093
yr_2012                      0.0162      0.032      0.510      0.610      -0.046       0.078
yr_2013                      0.0088      0.032      0.275      0.783      -0.054       0.071
yr_2014                      0.0399      0.032      1.238      0.216      -0.023       0.103
yr_2015                     -0.0325      0.032     -1.016      0.310      -0.095       0.030
yr_2016                     -0.0355      0.032     -1.102      0.271      -0.099       0.028
yr_2017                      0.0202      0.033      0.620      0.535      -0.044       0.084
yr_2018                      0.0150      0.033      0.460      0.646      -0.049       0.079
mo_2                         0.0091      0.019      0.467      0.640      -0.029       0.047
mo_3                        -0.0034      0.019     -0.182      0.856      -0.040       0.033
mo_4                         0.0014      0.019      0.075      0.940      -0.035       0.038
mo_5                        -0.0119      0.020     -0.602      0.547      -0.051       0.027
mo_6                        -0.0236      0.019     -1.212      0.226      -0.062       0.015
mo_7                        -0.0221      0.019     -1.170      0.242      -0.059       0.015
mo_8                        -0.0252      0.018     -1.380      0.168      -0.061       0.011
mo_9                        -0.0268      0.019     -1.447      0.148      -0.063       0.010
mo_10                       -0.0064      0.018     -0.352      0.725      -0.042       0.029
mo_11                       -0.0239      0.019     -1.272      0.203      -0.061       0.013
mo_12                       -0.0252      0.018     -1.392      0.164      -0.061       0.010
genre_Action                -0.0539      0.011     -5.081      0.000      -0.075      -0.033
genre_Adventure             -0.0061      0.011     -0.539      0.590      -0.028       0.016
genre_Animation             -0.0281      0.018     -1.565      0.118      -0.063       0.007
genre_Biography             -0.0916      0.014     -6.440      0.000      -0.120      -0.064
genre_Comedy                -0.0040      0.010     -0.418      0.676      -0.023       0.015
genre_Crime                 -0.0910      0.010     -8.928      0.000      -0.111      -0.071
genre_Drama                  0.0135      0.010      1.419      0.156      -0.005       0.032
genre_Family                 0.0702      0.015      4.816      0.000       0.042       0.099
genre_Fantasy                0.0049      0.013      0.387      0.699      -0.020       0.030
genre_History                0.0193      0.020      0.947      0.344      -0.021       0.059
genre_Horror                -0.0346      0.015     -2.370      0.018      -0.063      -0.006
genre_Music                  0.1081      0.019      5.660      0.000       0.071       0.146
genre_Musical                0.3190      0.043      7.389      0.000       0.234       0.404
genre_Mystery               -0.0584      0.013     -4.644      0.000      -0.083      -0.034
genre_News                 1.26e-17    4.5e-18      2.800      0.005    3.78e-18    2.14e-17
genre_Romance               -0.0189      0.010     -1.829      0.067      -0.039       0.001
genre_Sci_Fi                -0.0121      0.014     -0.892      0.372      -0.039       0.014
genre_Short               9.083e-18    1.7e-17      0.534      0.593   -2.43e-17    4.24e-17
genre_Sport                 -0.0378      0.021     -1.824      0.068      -0.078       0.003
genre_Thriller              -0.0750      0.011     -7.057      0.000      -0.096      -0.054
genre_War                    0.0127      0.029      0.436      0.663      -0.044       0.070
genre_Western               -0.0451      0.051     -0.876      0.381      -0.146       0.056
==============================================================================
Omnibus:                     1648.816   Durbin-Watson:                   2.005
Prob(Omnibus):                  0.000   Jarque-Bera (JB):            13393.663
Skew:                           1.750   Prob(JB):                         0.00
Kurtosis:                      11.238   Cond. No.                     1.02e+16
==============================================================================

Notes:
[1] Standard Errors assume that the covariance matrix of the errors is correctly specified.
[2] The smallest eigenvalue is 6.34e-27. This might indicate that there are
strong multicollinearity problems or that the design matrix is singular.