                            OLS Regression Results                            
==============================================================================
Dep. Variable:              sd_pooled   R-squared:                       0.561
Model:                            OLS   Adj. R-squared:                  0.554
Method:                 Least Squares   F-statistic:                     78.70
Date:                Tue, 31 Mar 2026   Prob (F-statistic):               0.00
Time:                        22:29:25   Log-Likelihood:                 527.25
No. Observations:                4012   AIC:                            -924.5
Df Residuals:                    3947   BIC:                            -515.2
Df Model:                          64                                         
Covariance Type:            nonrobust                                         
============================================================================================
                               coef    std err          t      P>|t|      [0.025      0.975]
--------------------------------------------------------------------------------------------
const                        3.4107      0.049     70.007      0.000       3.315       3.506
FLead                        0.0522      0.008      6.526      0.000       0.037       0.068
mean_pooled                 -0.2358      0.004    -53.675      0.000      -0.244      -0.227
kim_violence_gore            0.0095      0.002      3.790      0.000       0.005       0.014
kim_sex_nudity               0.0091      0.002      4.654      0.000       0.005       0.013
kim_language                -0.0165      0.002     -7.157      0.000      -0.021      -0.012
major                       -0.0375      0.008     -4.657      0.000      -0.053      -0.022
log_bom_opening_theaters     0.0052      0.002      2.953      0.003       0.002       0.009
genres_count                -0.0083      0.007     -1.220      0.223      -0.022       0.005
yr_1993                     -0.0017      0.035     -0.048      0.961      -0.069       0.066
yr_1994                      0.0015      0.035      0.042      0.967      -0.068       0.071
yr_1995                      0.0420      0.035      1.208      0.227      -0.026       0.110
yr_1996                      0.0070      0.034      0.206      0.837      -0.060       0.074
yr_1997                      0.0110      0.035      0.316      0.752      -0.057       0.079
yr_1998                      0.0615      0.034      1.835      0.067      -0.004       0.127
yr_1999                      0.0598      0.033      1.834      0.067      -0.004       0.124
yr_2000                     -0.0114      0.034     -0.338      0.735      -0.077       0.055
yr_2001                      0.0583      0.033      1.763      0.078      -0.007       0.123
yr_2002                      0.0170      0.033      0.523      0.601      -0.047       0.081
yr_2003                      0.0026      0.033      0.079      0.937      -0.062       0.067
yr_2004                      0.0674      0.032      2.075      0.038       0.004       0.131
yr_2005                      0.0524      0.032      1.626      0.104      -0.011       0.116
yr_2006                      0.1032      0.032      3.223      0.001       0.040       0.166
yr_2007                      0.1158      0.032      3.629      0.000       0.053       0.178
yr_2008                      0.0558      0.032      1.738      0.082      -0.007       0.119
yr_2009                      0.0373      0.033      1.146      0.252      -0.026       0.101
yr_2010                      0.0274      0.032      0.845      0.398      -0.036       0.091
yr_2011                      0.0339      0.032      1.064      0.287      -0.029       0.096
yr_2012                      0.0129      0.032      0.406      0.685      -0.049       0.075
yr_2013                      0.0041      0.032      0.128      0.898      -0.058       0.067
yr_2014                      0.0355      0.032      1.102      0.271      -0.028       0.099
yr_2015                     -0.0341      0.032     -1.066      0.286      -0.097       0.029
yr_2016                     -0.0417      0.032     -1.294      0.196      -0.105       0.022
yr_2017                      0.0149      0.033      0.457      0.648      -0.049       0.079
yr_2018                      0.0099      0.033      0.303      0.762      -0.054       0.074
mo_2                         0.0097      0.019      0.498      0.619      -0.028       0.048
mo_3                        -0.0063      0.019     -0.337      0.736      -0.043       0.030
mo_4                         0.0032      0.019      0.171      0.864      -0.034       0.040
mo_5                        -0.0114      0.020     -0.576      0.565      -0.050       0.027
mo_6                        -0.0264      0.019     -1.356      0.175      -0.065       0.012
mo_7                        -0.0241      0.019     -1.272      0.203      -0.061       0.013
mo_8                        -0.0256      0.018     -1.402      0.161      -0.061       0.010
mo_9                        -0.0253      0.019     -1.361      0.174      -0.062       0.011
mo_10                       -0.0105      0.018     -0.576      0.565      -0.046       0.025
mo_11                       -0.0234      0.019     -1.244      0.213      -0.060       0.013
mo_12                       -0.0270      0.018     -1.488      0.137      -0.063       0.009
genre_Action                -0.0537      0.011     -5.046      0.000      -0.075      -0.033
genre_Adventure             -0.0030      0.011     -0.269      0.788      -0.025       0.019
genre_Animation             -0.0296      0.018     -1.639      0.101      -0.065       0.006
genre_Biography             -0.0956      0.014     -6.714      0.000      -0.124      -0.068
genre_Comedy                -0.0094      0.009     -1.001      0.317      -0.028       0.009
genre_Crime                 -0.0965      0.010     -9.522      0.000      -0.116      -0.077
genre_Drama                  0.0137      0.010      1.439      0.150      -0.005       0.032
genre_Family                 0.0666      0.015      4.533      0.000       0.038       0.095
genre_Fantasy                0.0082      0.013      0.649      0.517      -0.017       0.033
genre_History                0.0258      0.020      1.264      0.206      -0.014       0.066
genre_Horror                -0.0329      0.015     -2.247      0.025      -0.062      -0.004
genre_Music                  0.1064      0.019      5.564      0.000       0.069       0.144
genre_Musical                0.3227      0.043      7.463      0.000       0.238       0.407
genre_Mystery               -0.0564      0.013     -4.476      0.000      -0.081      -0.032
genre_News                1.491e-17    4.5e-17      0.331      0.741   -7.34e-17    1.03e-16
genre_Romance               -0.0166      0.010     -1.605      0.109      -0.037       0.004
genre_Sci_Fi                -0.0106      0.014     -0.778      0.437      -0.037       0.016
genre_Short              -2.915e-18   2.32e-18     -1.257      0.209   -7.46e-18    1.63e-18
genre_Sport                 -0.0369      0.021     -1.780      0.075      -0.078       0.004
genre_Thriller              -0.0741      0.011     -6.935      0.000      -0.095      -0.053
genre_War                    0.0059      0.029      0.202      0.840      -0.051       0.063
genre_Western               -0.0422      0.052     -0.819      0.413      -0.143       0.059
==============================================================================
Omnibus:                     1683.922   Durbin-Watson:                   2.007
Prob(Omnibus):                  0.000   Jarque-Bera (JB):            14114.606
Skew:                           1.785   Prob(JB):                         0.00
Kurtosis:                      11.467   Cond. No.                     1.02e+16
==============================================================================

Notes:
[1] Standard Errors assume that the covariance matrix of the errors is correctly specified.
[2] The smallest eigenvalue is 6.11e-27. This might indicate that there are
strong multicollinearity problems or that the design matrix is singular.