                            OLS Regression Results                            
==============================================================================
Dep. Variable:              sd_pooled   R-squared:                       0.562
Model:                            OLS   Adj. R-squared:                  0.555
Method:                 Least Squares   F-statistic:                     79.22
Date:                Wed, 01 Apr 2026   Prob (F-statistic):               0.00
Time:                        00:41:18   Log-Likelihood:                 534.67
No. Observations:                4012   AIC:                            -939.3
Df Residuals:                    3947   BIC:                            -530.0
Df Model:                          64                                         
Covariance Type:            nonrobust                                         
============================================================================================
                               coef    std err          t      P>|t|      [0.025      0.975]
--------------------------------------------------------------------------------------------
const                        3.3822      0.048     70.972      0.000       3.289       3.476
FLead                        0.0465      0.008      5.787      0.000       0.031       0.062
mean_pooled                 -0.2339      0.004    -53.561      0.000      -0.243      -0.225
kim_violence_gore            0.0123      0.003      4.849      0.000       0.007       0.017
kim_sex_nudity               0.0115      0.002      5.655      0.000       0.007       0.015
kim_language                -0.0151      0.002     -8.043      0.000      -0.019      -0.011
major                       -0.0370      0.008     -4.805      0.000      -0.052      -0.022
log_bom_opening_theaters     0.0066      0.002      3.491      0.000       0.003       0.010
genres_count                -0.0097      0.007     -1.437      0.151      -0.023       0.004
yr_1993                     -0.0053      0.034     -0.154      0.878      -0.073       0.062
yr_1994                     -0.0032      0.035     -0.090      0.928      -0.072       0.066
yr_1995                      0.0441      0.035      1.272      0.203      -0.024       0.112
yr_1996                      0.0093      0.034      0.274      0.784      -0.057       0.076
yr_1997                      0.0142      0.035      0.409      0.682      -0.054       0.082
yr_1998                      0.0608      0.033      1.818      0.069      -0.005       0.126
yr_1999                      0.0613      0.033      1.881      0.060      -0.003       0.125
yr_2000                     -0.0064      0.034     -0.190      0.849      -0.072       0.059
yr_2001                      0.0578      0.033      1.753      0.080      -0.007       0.123
yr_2002                      0.0173      0.032      0.532      0.595      -0.046       0.081
yr_2003                      0.0023      0.033      0.071      0.944      -0.062       0.066
yr_2004                      0.0632      0.032      1.949      0.051      -0.000       0.127
yr_2005                      0.0501      0.032      1.557      0.120      -0.013       0.113
yr_2006                      0.0979      0.032      3.062      0.002       0.035       0.161
yr_2007                      0.1122      0.032      3.523      0.000       0.050       0.175
yr_2008                      0.0543      0.032      1.694      0.090      -0.009       0.117
yr_2009                      0.0342      0.032      1.054      0.292      -0.029       0.098
yr_2010                      0.0291      0.032      0.900      0.368      -0.034       0.093
yr_2011                      0.0318      0.032      0.999      0.318      -0.031       0.094
yr_2012                      0.0168      0.032      0.532      0.595      -0.045       0.079
yr_2013                      0.0090      0.032      0.283      0.777      -0.053       0.071
yr_2014                      0.0431      0.032      1.336      0.182      -0.020       0.106
yr_2015                     -0.0286      0.032     -0.893      0.372      -0.091       0.034
yr_2016                     -0.0314      0.032     -0.974      0.330      -0.095       0.032
yr_2017                      0.0230      0.033      0.708      0.479      -0.041       0.087
yr_2018                      0.0183      0.033      0.561      0.575      -0.046       0.082
mo_2                         0.0085      0.019      0.437      0.662      -0.030       0.047
mo_3                        -0.0046      0.019     -0.248      0.804      -0.041       0.032
mo_4                         0.0002      0.019      0.008      0.993      -0.037       0.037
mo_5                        -0.0124      0.020     -0.629      0.529      -0.051       0.026
mo_6                        -0.0252      0.019     -1.295      0.195      -0.063       0.013
mo_7                        -0.0240      0.019     -1.271      0.204      -0.061       0.013
mo_8                        -0.0251      0.018     -1.379      0.168      -0.061       0.011
mo_9                        -0.0281      0.019     -1.516      0.130      -0.064       0.008
mo_10                       -0.0068      0.018     -0.376      0.707      -0.043       0.029
mo_11                       -0.0237      0.019     -1.263      0.207      -0.060       0.013
mo_12                       -0.0275      0.018     -1.525      0.127      -0.063       0.008
genre_Action                -0.0541      0.011     -5.113      0.000      -0.075      -0.033
genre_Adventure             -0.0054      0.011     -0.478      0.633      -0.027       0.017
genre_Animation             -0.0272      0.018     -1.516      0.129      -0.062       0.008
genre_Biography             -0.0929      0.014     -6.545      0.000      -0.121      -0.065
genre_Comedy                -0.0031      0.010     -0.330      0.741      -0.022       0.016
genre_Crime                 -0.0895      0.010     -8.740      0.000      -0.110      -0.069
genre_Drama                  0.0119      0.009      1.262      0.207      -0.007       0.030
genre_Family                 0.0711      0.015      4.886      0.000       0.043       0.100
genre_Fantasy                0.0044      0.013      0.352      0.725      -0.020       0.029
genre_History                0.0168      0.020      0.825      0.409      -0.023       0.057
genre_Horror                -0.0345      0.015     -2.363      0.018      -0.063      -0.006
genre_Music                  0.1129      0.019      5.906      0.000       0.075       0.150
genre_Musical                0.3168      0.043      7.338      0.000       0.232       0.401
genre_Mystery               -0.0581      0.013     -4.618      0.000      -0.083      -0.033
genre_News               -3.371e-18   4.32e-18     -0.780      0.435   -1.18e-17     5.1e-18
genre_Romance               -0.0186      0.010     -1.809      0.071      -0.039       0.002
genre_Sci_Fi                -0.0116      0.014     -0.856      0.392      -0.038       0.015
genre_Short               1.286e-18   2.36e-18      0.545      0.586   -3.35e-18    5.92e-18
genre_Sport                 -0.0376      0.021     -1.815      0.070      -0.078       0.003
genre_Thriller              -0.0738      0.011     -6.937      0.000      -0.095      -0.053
genre_War                    0.0093      0.029      0.320      0.749      -0.048       0.066
genre_Western               -0.0465      0.051     -0.904      0.366      -0.147       0.054
==============================================================================
Omnibus:                     1644.799   Durbin-Watson:                   2.008
Prob(Omnibus):                  0.000   Jarque-Bera (JB):            13290.330
Skew:                           1.747   Prob(JB):                         0.00
Kurtosis:                      11.204   Cond. No.                     1.02e+16
==============================================================================

Notes:
[1] Standard Errors assume that the covariance matrix of the errors is correctly specified.
[2] The smallest eigenvalue is 5.78e-27. This might indicate that there are
strong multicollinearity problems or that the design matrix is singular.