                            OLS Regression Results                            
==============================================================================
Dep. Variable:              sd_pooled   R-squared:                       0.562
Model:                            OLS   Adj. R-squared:                  0.555
Method:                 Least Squares   F-statistic:                     79.13
Date:                Tue, 31 Mar 2026   Prob (F-statistic):               0.00
Time:                        22:04:39   Log-Likelihood:                 533.37
No. Observations:                4012   AIC:                            -936.7
Df Residuals:                    3947   BIC:                            -527.4
Df Model:                          64                                         
Covariance Type:            nonrobust                                         
============================================================================================
                               coef    std err          t      P>|t|      [0.025      0.975]
--------------------------------------------------------------------------------------------
const                        3.3795      0.048     69.764      0.000       3.284       3.474
FLead                        0.0470      0.008      5.847      0.000       0.031       0.063
mean_pooled                 -0.2332      0.004    -52.685      0.000      -0.242      -0.225
kim_violence_gore            0.0122      0.003      4.794      0.000       0.007       0.017
kim_sex_nudity               0.0115      0.002      5.653      0.000       0.007       0.015
kim_language                -0.0150      0.002     -7.987      0.000      -0.019      -0.011
major                       -0.0394      0.008     -4.906      0.000      -0.055      -0.024
log_bom_opening_theaters     0.0053      0.002      3.102      0.002       0.002       0.009
genres_count                -0.0096      0.007     -1.420      0.156      -0.023       0.004
yr_1993                     -0.0058      0.034     -0.168      0.867      -0.073       0.062
yr_1994                     -0.0032      0.035     -0.090      0.928      -0.072       0.066
yr_1995                      0.0439      0.035      1.265      0.206      -0.024       0.112
yr_1996                      0.0084      0.034      0.248      0.804      -0.058       0.075
yr_1997                      0.0133      0.035      0.384      0.701      -0.055       0.081
yr_1998                      0.0593      0.033      1.772      0.076      -0.006       0.125
yr_1999                      0.0607      0.033      1.862      0.063      -0.003       0.125
yr_2000                     -0.0084      0.034     -0.249      0.803      -0.074       0.057
yr_2001                      0.0564      0.033      1.709      0.087      -0.008       0.121
yr_2002                      0.0169      0.032      0.522      0.602      -0.047       0.081
yr_2003                   1.652e-05      0.033      0.001      1.000      -0.064       0.064
yr_2004                      0.0616      0.032      1.899      0.058      -0.002       0.125
yr_2005                      0.0480      0.032      1.493      0.136      -0.015       0.111
yr_2006                      0.0973      0.032      3.042      0.002       0.035       0.160
yr_2007                      0.1106      0.032      3.475      0.001       0.048       0.173
yr_2008                      0.0522      0.032      1.628      0.104      -0.011       0.115
yr_2009                      0.0319      0.032      0.981      0.327      -0.032       0.096
yr_2010                      0.0265      0.032      0.818      0.413      -0.037       0.090
yr_2011                      0.0302      0.032      0.950      0.342      -0.032       0.093
yr_2012                      0.0145      0.032      0.457      0.648      -0.048       0.077
yr_2013                      0.0074      0.032      0.233      0.815      -0.055       0.070
yr_2014                      0.0397      0.032      1.234      0.217      -0.023       0.103
yr_2015                     -0.0313      0.032     -0.978      0.328      -0.094       0.031
yr_2016                     -0.0344      0.032     -1.066      0.286      -0.098       0.029
yr_2017                      0.0215      0.033      0.660      0.509      -0.042       0.085
yr_2018                      0.0156      0.033      0.478      0.633      -0.048       0.080
mo_2                         0.0079      0.019      0.408      0.683      -0.030       0.046
mo_3                        -0.0047      0.019     -0.252      0.801      -0.041       0.032
mo_4                         0.0008      0.019      0.041      0.968      -0.036       0.037
mo_5                        -0.0131      0.020     -0.667      0.505      -0.052       0.026
mo_6                        -0.0255      0.019     -1.309      0.191      -0.064       0.013
mo_7                        -0.0238      0.019     -1.259      0.208      -0.061       0.013
mo_8                        -0.0247      0.018     -1.355      0.176      -0.060       0.011
mo_9                        -0.0279      0.019     -1.506      0.132      -0.064       0.008
mo_10                       -0.0070      0.018     -0.381      0.703      -0.043       0.029
mo_11                       -0.0242      0.019     -1.292      0.196      -0.061       0.013
mo_12                       -0.0270      0.018     -1.493      0.135      -0.062       0.008
genre_Action                -0.0551      0.011     -5.200      0.000      -0.076      -0.034
genre_Adventure             -0.0057      0.011     -0.506      0.613      -0.028       0.016
genre_Animation             -0.0285      0.018     -1.589      0.112      -0.064       0.007
genre_Biography             -0.0924      0.014     -6.493      0.000      -0.120      -0.064
genre_Comedy                -0.0031      0.010     -0.322      0.747      -0.022       0.016
genre_Crime                 -0.0885      0.010     -8.638      0.000      -0.109      -0.068
genre_Drama                  0.0132      0.009      1.394      0.163      -0.005       0.032
genre_Family                 0.0712      0.015      4.892      0.000       0.043       0.100
genre_Fantasy                0.0044      0.013      0.348      0.728      -0.020       0.029
genre_History                0.0181      0.020      0.888      0.374      -0.022       0.058
genre_Horror                -0.0338      0.015     -2.314      0.021      -0.062      -0.005
genre_Music                  0.1118      0.019      5.850      0.000       0.074       0.149
genre_Musical                0.3180      0.043      7.365      0.000       0.233       0.403
genre_Mystery               -0.0587      0.013     -4.667      0.000      -0.083      -0.034
genre_News                7.607e-18   3.51e-18      2.169      0.030     7.3e-19    1.45e-17
genre_Romance               -0.0184      0.010     -1.785      0.074      -0.039       0.002
genre_Sci_Fi                -0.0122      0.014     -0.898      0.369      -0.039       0.014
genre_Short               4.345e-18    4.4e-18      0.988      0.323   -4.28e-18     1.3e-17
genre_Sport                 -0.0372      0.021     -1.797      0.072      -0.078       0.003
genre_Thriller              -0.0742      0.011     -6.969      0.000      -0.095      -0.053
genre_War                    0.0103      0.029      0.352      0.725      -0.047       0.067
genre_Western               -0.0490      0.051     -0.952      0.341      -0.150       0.052
==============================================================================
Omnibus:                     1648.579   Durbin-Watson:                   2.007
Prob(Omnibus):                  0.000   Jarque-Bera (JB):            13365.715
Skew:                           1.750   Prob(JB):                         0.00
Kurtosis:                      11.228   Cond. No.                     1.02e+16
==============================================================================

Notes:
[1] Standard Errors assume that the covariance matrix of the errors is correctly specified.
[2] The smallest eigenvalue is 6.34e-27. This might indicate that there are
strong multicollinearity problems or that the design matrix is singular.