                            OLS Regression Results                            
==============================================================================
Dep. Variable:              sd_pooled   R-squared:                       0.562
Model:                            OLS   Adj. R-squared:                  0.555
Method:                 Least Squares   F-statistic:                     79.08
Date:                Tue, 31 Mar 2026   Prob (F-statistic):               0.00
Time:                        22:03:08   Log-Likelihood:                 532.70
No. Observations:                4012   AIC:                            -935.4
Df Residuals:                    3947   BIC:                            -526.1
Df Model:                          64                                         
Covariance Type:            nonrobust                                         
============================================================================================
                               coef    std err          t      P>|t|      [0.025      0.975]
--------------------------------------------------------------------------------------------
const                        3.3836      0.048     69.933      0.000       3.289       3.478
FLead                        0.0468      0.008      5.821      0.000       0.031       0.063
mean_pooled                 -0.2336      0.004    -52.900      0.000      -0.242      -0.225
kim_violence_gore            0.0123      0.003      4.816      0.000       0.007       0.017
kim_sex_nudity               0.0114      0.002      5.645      0.000       0.007       0.015
kim_language                -0.0149      0.002     -7.980      0.000      -0.019      -0.011
major                       -0.0386      0.008     -4.812      0.000      -0.054      -0.023
log_bom_opening_theaters     0.0049      0.002      2.881      0.004       0.002       0.008
genres_count                -0.0094      0.007     -1.381      0.167      -0.023       0.004
yr_1993                     -0.0064      0.034     -0.187      0.852      -0.074       0.061
yr_1994                     -0.0029      0.035     -0.082      0.935      -0.072       0.066
yr_1995                      0.0445      0.035      1.281      0.200      -0.024       0.112
yr_1996                      0.0086      0.034      0.252      0.801      -0.058       0.075
yr_1997                      0.0134      0.035      0.386      0.699      -0.055       0.081
yr_1998                      0.0593      0.033      1.772      0.076      -0.006       0.125
yr_1999                      0.0604      0.033      1.854      0.064      -0.003       0.124
yr_2000                     -0.0089      0.034     -0.266      0.791      -0.075       0.057
yr_2001                      0.0558      0.033      1.692      0.091      -0.009       0.121
yr_2002                      0.0161      0.032      0.496      0.620      -0.048       0.080
yr_2003                     -0.0002      0.033     -0.005      0.996      -0.064       0.064
yr_2004                      0.0614      0.032      1.892      0.059      -0.002       0.125
yr_2005                      0.0476      0.032      1.478      0.139      -0.016       0.111
yr_2006                      0.0967      0.032      3.025      0.002       0.034       0.159
yr_2007                      0.1113      0.032      3.497      0.000       0.049       0.174
yr_2008                      0.0524      0.032      1.633      0.102      -0.010       0.115
yr_2009                      0.0325      0.032      1.001      0.317      -0.031       0.096
yr_2010                      0.0267      0.032      0.826      0.409      -0.037       0.090
yr_2011                      0.0299      0.032      0.938      0.348      -0.033       0.092
yr_2012                      0.0151      0.032      0.476      0.634      -0.047       0.077
yr_2013                      0.0078      0.032      0.244      0.807      -0.055       0.070
yr_2014                      0.0400      0.032      1.241      0.215      -0.023       0.103
yr_2015                     -0.0311      0.032     -0.971      0.331      -0.094       0.032
yr_2016                     -0.0350      0.032     -1.087      0.277      -0.098       0.028
yr_2017                      0.0210      0.033      0.646      0.518      -0.043       0.085
yr_2018                      0.0160      0.033      0.490      0.624      -0.048       0.080
mo_2                         0.0078      0.019      0.400      0.689      -0.030       0.046
mo_3                        -0.0044      0.019     -0.238      0.812      -0.041       0.032
mo_4                      3.313e-05      0.019      0.002      0.999      -0.037       0.037
mo_5                        -0.0129      0.020     -0.656      0.512      -0.052       0.026
mo_6                        -0.0260      0.019     -1.336      0.181      -0.064       0.012
mo_7                        -0.0241      0.019     -1.275      0.202      -0.061       0.013
mo_8                        -0.0254      0.018     -1.391      0.164      -0.061       0.010
mo_9                        -0.0279      0.019     -1.501      0.133      -0.064       0.009
mo_10                       -0.0075      0.018     -0.410      0.682      -0.043       0.028
mo_11                       -0.0247      0.019     -1.319      0.187      -0.062       0.012
mo_12                       -0.0272      0.018     -1.505      0.132      -0.063       0.008
genre_Action                -0.0554      0.011     -5.218      0.000      -0.076      -0.035
genre_Adventure             -0.0057      0.011     -0.509      0.611      -0.028       0.016
genre_Animation             -0.0276      0.018     -1.536      0.125      -0.063       0.008
genre_Biography             -0.0927      0.014     -6.519      0.000      -0.121      -0.065
genre_Comedy                -0.0030      0.010     -0.319      0.749      -0.022       0.016
genre_Crime                 -0.0888      0.010     -8.664      0.000      -0.109      -0.069
genre_Drama                  0.0129      0.009      1.361      0.174      -0.006       0.032
genre_Family                 0.0710      0.015      4.874      0.000       0.042       0.100
genre_Fantasy                0.0045      0.013      0.359      0.720      -0.020       0.029
genre_History                0.0181      0.020      0.885      0.376      -0.022       0.058
genre_Horror                -0.0342      0.015     -2.341      0.019      -0.063      -0.006
genre_Music                  0.1114      0.019      5.824      0.000       0.074       0.149
genre_Musical                0.3184      0.043      7.373      0.000       0.234       0.403
genre_Mystery               -0.0587      0.013     -4.664      0.000      -0.083      -0.034
genre_News               -1.263e-17   3.38e-18     -3.734      0.000   -1.93e-17      -6e-18
genre_Romance               -0.0187      0.010     -1.811      0.070      -0.039       0.002
genre_Sci_Fi                -0.0130      0.014     -0.961      0.336      -0.040       0.014
genre_Short               3.739e-18   1.78e-18      2.101      0.036     2.5e-19    7.23e-18
genre_Sport                 -0.0365      0.021     -1.763      0.078      -0.077       0.004
genre_Thriller              -0.0740      0.011     -6.948      0.000      -0.095      -0.053
genre_War                    0.0097      0.029      0.332      0.740      -0.047       0.067
genre_Western               -0.0471      0.051     -0.915      0.360      -0.148       0.054
==============================================================================
Omnibus:                     1647.463   Durbin-Watson:                   2.007
Prob(Omnibus):                  0.000   Jarque-Bera (JB):            13322.199
Skew:                           1.750   Prob(JB):                         0.00
Kurtosis:                      11.213   Cond. No.                     1.02e+16
==============================================================================

Notes:
[1] Standard Errors assume that the covariance matrix of the errors is correctly specified.
[2] The smallest eigenvalue is 6.34e-27. This might indicate that there are
strong multicollinearity problems or that the design matrix is singular.