                            OLS Regression Results                            
==============================================================================
Dep. Variable:              sd_pooled   R-squared:                       0.561
Model:                            OLS   Adj. R-squared:                  0.554
Method:                 Least Squares   F-statistic:                     78.91
Date:                Sun, 29 Mar 2026   Prob (F-statistic):               0.00
Time:                        15:16:50   Log-Likelihood:                 530.28
No. Observations:                4012   AIC:                            -930.6
Df Residuals:                    3947   BIC:                            -521.2
Df Model:                          64                                         
Covariance Type:            nonrobust                                         
============================================================================================
                               coef    std err          t      P>|t|      [0.025      0.975]
--------------------------------------------------------------------------------------------
const                        3.3715      0.049     69.341      0.000       3.276       3.467
FLead                        0.0455      0.008      5.665      0.000       0.030       0.061
mean_pooled                 -0.2330      0.004    -52.901      0.000      -0.242      -0.224
kim_violence_gore            0.0100      0.002      4.048      0.000       0.005       0.015
kim_sex_nudity               0.0123      0.002      6.124      0.000       0.008       0.016
kim_language                -0.0141      0.002     -7.610      0.000      -0.018      -0.010
major                       -0.0396      0.008     -4.916      0.000      -0.055      -0.024
log_bom_opening_theaters     0.0059      0.002      3.345      0.001       0.002       0.009
genres_count                -0.0075      0.007     -1.110      0.267      -0.021       0.006
yr_1993                     -0.0016      0.034     -0.047      0.962      -0.069       0.066
yr_1994                     -0.0018      0.035     -0.050      0.960      -0.071       0.067
yr_1995                      0.0468      0.035      1.348      0.178      -0.021       0.115
yr_1996                      0.0109      0.034      0.320      0.749      -0.056       0.078
yr_1997                      0.0168      0.035      0.484      0.628      -0.051       0.085
yr_1998                      0.0603      0.033      1.802      0.072      -0.005       0.126
yr_1999                      0.0618      0.033      1.897      0.058      -0.002       0.126
yr_2000                     -0.0053      0.034     -0.158      0.875      -0.071       0.061
yr_2001                      0.0625      0.033      1.897      0.058      -0.002       0.127
yr_2002                      0.0191      0.032      0.588      0.557      -0.045       0.083
yr_2003                      0.0034      0.033      0.105      0.916      -0.061       0.067
yr_2004                      0.0648      0.032      1.999      0.046       0.001       0.128
yr_2005                      0.0528      0.032      1.641      0.101      -0.010       0.116
yr_2006                      0.1025      0.032      3.212      0.001       0.040       0.165
yr_2007                      0.1167      0.032      3.670      0.000       0.054       0.179
yr_2008                      0.0577      0.032      1.802      0.072      -0.005       0.120
yr_2009                      0.0372      0.032      1.147      0.252      -0.026       0.101
yr_2010                      0.0337      0.032      1.044      0.297      -0.030       0.097
yr_2011                      0.0347      0.032      1.092      0.275      -0.028       0.097
yr_2012                      0.0187      0.032      0.592      0.554      -0.043       0.081
yr_2013                      0.0110      0.032      0.346      0.729      -0.051       0.073
yr_2014                      0.0419      0.032      1.302      0.193      -0.021       0.105
yr_2015                     -0.0290      0.032     -0.905      0.365      -0.092       0.034
yr_2016                     -0.0326      0.032     -1.010      0.313      -0.096       0.031
yr_2017                      0.0236      0.033      0.726      0.468      -0.040       0.087
yr_2018                      0.0180      0.033      0.551      0.582      -0.046       0.082
mo_2                         0.0088      0.019      0.453      0.651      -0.029       0.047
mo_3                        -0.0038      0.019     -0.203      0.839      -0.040       0.033
mo_4                         0.0017      0.019      0.090      0.928      -0.035       0.038
mo_5                        -0.0109      0.020     -0.552      0.581      -0.050       0.028
mo_6                        -0.0256      0.019     -1.315      0.188      -0.064       0.013
mo_7                        -0.0235      0.019     -1.244      0.214      -0.061       0.014
mo_8                        -0.0254      0.018     -1.390      0.165      -0.061       0.010
mo_9                        -0.0286      0.019     -1.538      0.124      -0.065       0.008
mo_10                       -0.0053      0.018     -0.289      0.773      -0.041       0.030
mo_11                       -0.0238      0.019     -1.270      0.204      -0.061       0.013
mo_12                       -0.0247      0.018     -1.360      0.174      -0.060       0.011
genre_Action                -0.0511      0.010     -4.871      0.000      -0.072      -0.031
genre_Adventure             -0.0063      0.011     -0.564      0.573      -0.028       0.016
genre_Animation             -0.0325      0.018     -1.817      0.069      -0.068       0.003
genre_Biography             -0.0941      0.014     -6.614      0.000      -0.122      -0.066
genre_Comedy                -0.0104      0.009     -1.137      0.255      -0.028       0.008
genre_Crime                 -0.0876      0.010     -8.554      0.000      -0.108      -0.068
genre_Drama                  0.0108      0.009      1.146      0.252      -0.008       0.029
genre_Family                 0.0675      0.015      4.646      0.000       0.039       0.096
genre_Fantasy                0.0045      0.013      0.359      0.720      -0.020       0.029
genre_History                0.0224      0.020      1.100      0.272      -0.018       0.062
genre_Horror                -0.0236      0.014     -1.676      0.094      -0.051       0.004
genre_Music                  0.1035      0.019      5.460      0.000       0.066       0.141
genre_Musical                0.3199      0.043      7.398      0.000       0.235       0.405
genre_Mystery               -0.0594      0.013     -4.722      0.000      -0.084      -0.035
genre_News               -1.147e-18   6.95e-18     -0.165      0.869   -1.48e-17    1.25e-17
genre_Romance               -0.0255      0.010     -2.539      0.011      -0.045      -0.006
genre_Sci_Fi                -0.0134      0.014     -0.990      0.322      -0.040       0.013
genre_Short               1.144e-17   1.66e-17      0.688      0.491   -2.12e-17    4.41e-17
genre_Sport                 -0.0407      0.021     -1.968      0.049      -0.081      -0.000
genre_Thriller              -0.0736      0.011     -6.912      0.000      -0.095      -0.053
genre_War                    0.0184      0.029      0.636      0.525      -0.038       0.075
genre_Western               -0.0362      0.051     -0.704      0.482      -0.137       0.065
==============================================================================
Omnibus:                     1640.808   Durbin-Watson:                   2.002
Prob(Omnibus):                  0.000   Jarque-Bera (JB):            13209.434
Skew:                           1.743   Prob(JB):                         0.00
Kurtosis:                      11.178   Cond. No.                     1.02e+16
==============================================================================

Notes:
[1] Standard Errors assume that the covariance matrix of the errors is correctly specified.
[2] The smallest eigenvalue is 6.39e-27. This might indicate that there are
strong multicollinearity problems or that the design matrix is singular.