                            OLS Regression Results                            
==============================================================================
Dep. Variable:              sd_pooled   R-squared:                       0.562
Model:                            OLS   Adj. R-squared:                  0.555
Method:                 Least Squares   F-statistic:                     79.14
Date:                Sun, 29 Mar 2026   Prob (F-statistic):               0.00
Time:                        15:47:05   Log-Likelihood:                 533.53
No. Observations:                4012   AIC:                            -937.1
Df Residuals:                    3947   BIC:                            -527.8
Df Model:                          64                                         
Covariance Type:            nonrobust                                         
============================================================================================
                               coef    std err          t      P>|t|      [0.025      0.975]
--------------------------------------------------------------------------------------------
const                        3.3784      0.048     69.703      0.000       3.283       3.473
FLead                        0.0469      0.008      5.834      0.000       0.031       0.063
mean_pooled                 -0.2341      0.004    -53.582      0.000      -0.243      -0.226
kim_violence_gore            0.0121      0.003      4.765      0.000       0.007       0.017
kim_sex_nudity               0.0114      0.002      5.609      0.000       0.007       0.015
kim_language                -0.0150      0.002     -8.002      0.000      -0.019      -0.011
major                       -0.0365      0.008     -4.727      0.000      -0.052      -0.021
log_bom_opening_theaters     0.0063      0.002      3.152      0.002       0.002       0.010
genres_count                -0.0095      0.007     -1.409      0.159      -0.023       0.004
yr_1993                     -0.0064      0.034     -0.186      0.853      -0.074       0.061
yr_1994                     -0.0032      0.035     -0.090      0.929      -0.072       0.066
yr_1995                      0.0442      0.035      1.273      0.203      -0.024       0.112
yr_1996                      0.0092      0.034      0.270      0.787      -0.058       0.076
yr_1997                      0.0123      0.035      0.354      0.724      -0.056       0.080
yr_1998                      0.0588      0.033      1.758      0.079      -0.007       0.124
yr_1999                      0.0605      0.033      1.856      0.064      -0.003       0.124
yr_2000                     -0.0097      0.034     -0.289      0.772      -0.076       0.056
yr_2001                      0.0567      0.033      1.717      0.086      -0.008       0.121
yr_2002                      0.0165      0.032      0.508      0.612      -0.047       0.080
yr_2003                     -0.0005      0.033     -0.016      0.987      -0.065       0.063
yr_2004                      0.0629      0.032      1.939      0.053      -0.001       0.127
yr_2005                      0.0479      0.032      1.489      0.137      -0.015       0.111
yr_2006                      0.0974      0.032      3.047      0.002       0.035       0.160
yr_2007                      0.1103      0.032      3.463      0.001       0.048       0.173
yr_2008                      0.0532      0.032      1.659      0.097      -0.010       0.116
yr_2009                      0.0314      0.032      0.968      0.333      -0.032       0.095
yr_2010                      0.0262      0.032      0.809      0.419      -0.037       0.090
yr_2011                      0.0293      0.032      0.922      0.357      -0.033       0.092
yr_2012                      0.0141      0.032      0.445      0.656      -0.048       0.076
yr_2013                      0.0056      0.032      0.177      0.859      -0.057       0.068
yr_2014                      0.0385      0.032      1.195      0.232      -0.025       0.102
yr_2015                     -0.0300      0.032     -0.938      0.348      -0.093       0.033
yr_2016                     -0.0349      0.032     -1.083      0.279      -0.098       0.028
yr_2017                      0.0209      0.033      0.642      0.521      -0.043       0.085
yr_2018                      0.0162      0.033      0.495      0.621      -0.048       0.080
mo_2                         0.0091      0.019      0.469      0.639      -0.029       0.047
mo_3                        -0.0037      0.019     -0.200      0.841      -0.040       0.033
mo_4                         0.0013      0.019      0.067      0.947      -0.035       0.038
mo_5                        -0.0122      0.020     -0.620      0.536      -0.051       0.026
mo_6                        -0.0253      0.019     -1.301      0.193      -0.063       0.013
mo_7                        -0.0227      0.019     -1.200      0.230      -0.060       0.014
mo_8                        -0.0248      0.018     -1.361      0.173      -0.061       0.011
mo_9                        -0.0271      0.019     -1.458      0.145      -0.063       0.009
mo_10                       -0.0074      0.018     -0.409      0.683      -0.043       0.028
mo_11                       -0.0241      0.019     -1.285      0.199      -0.061       0.013
mo_12                       -0.0278      0.018     -1.541      0.123      -0.063       0.008
genre_Action                -0.0535      0.011     -5.052      0.000      -0.074      -0.033
genre_Adventure             -0.0054      0.011     -0.484      0.628      -0.027       0.017
genre_Animation             -0.0274      0.018     -1.528      0.127      -0.063       0.008
genre_Biography             -0.0937      0.014     -6.599      0.000      -0.121      -0.066
genre_Comedy                -0.0032      0.010     -0.331      0.741      -0.022       0.016
genre_Crime                 -0.0891      0.010     -8.695      0.000      -0.109      -0.069
genre_Drama                  0.0127      0.009      1.342      0.180      -0.006       0.031
genre_Family                 0.0714      0.015      4.902      0.000       0.043       0.100
genre_Fantasy                0.0041      0.013      0.327      0.744      -0.021       0.029
genre_History                0.0159      0.020      0.777      0.437      -0.024       0.056
genre_Horror                -0.0323      0.015     -2.215      0.027      -0.061      -0.004
genre_Music                  0.1105      0.019      5.779      0.000       0.073       0.148
genre_Musical                0.3172      0.043      7.344      0.000       0.232       0.402
genre_Mystery               -0.0590      0.013     -4.687      0.000      -0.084      -0.034
genre_News                1.216e-17   4.62e-18      2.632      0.009     3.1e-18    2.12e-17
genre_Romance               -0.0186      0.010     -1.802      0.072      -0.039       0.002
genre_Sci_Fi                -0.0126      0.014     -0.927      0.354      -0.039       0.014
genre_Short              -9.235e-18   6.29e-18     -1.469      0.142   -2.16e-17    3.09e-18
genre_Sport                 -0.0364      0.021     -1.759      0.079      -0.077       0.004
genre_Thriller              -0.0736      0.011     -6.911      0.000      -0.094      -0.053
genre_War                    0.0088      0.029      0.302      0.762      -0.048       0.066
genre_Western               -0.0454      0.051     -0.882      0.378      -0.146       0.055
==============================================================================
Omnibus:                     1654.111   Durbin-Watson:                   2.007
Prob(Omnibus):                  0.000   Jarque-Bera (JB):            13529.775
Skew:                           1.754   Prob(JB):                         0.00
Kurtosis:                      11.284   Cond. No.                     1.02e+16
==============================================================================

Notes:
[1] Standard Errors assume that the covariance matrix of the errors is correctly specified.
[2] The smallest eigenvalue is 6.35e-27. This might indicate that there are
strong multicollinearity problems or that the design matrix is singular.