                            OLS Regression Results                            
==============================================================================
Dep. Variable:              sd_pooled   R-squared:                       0.559
Model:                            OLS   Adj. R-squared:                  0.551
Method:                 Least Squares   F-statistic:                     78.05
Date:                Tue, 31 Mar 2026   Prob (F-statistic):               0.00
Time:                        19:47:33   Log-Likelihood:                 517.99
No. Observations:                4012   AIC:                            -906.0
Df Residuals:                    3947   BIC:                            -496.7
Df Model:                          64                                         
Covariance Type:            nonrobust                                         
============================================================================================
                               coef    std err          t      P>|t|      [0.025      0.975]
--------------------------------------------------------------------------------------------
const                        3.3836      0.049     69.635      0.000       3.288       3.479
FLead                        0.0486      0.008      6.022      0.000       0.033       0.064
mean_pooled                 -0.2355      0.004    -53.410      0.000      -0.244      -0.227
kim_violence_gore            0.0110      0.003      4.294      0.000       0.006       0.016
kim_sex_nudity               0.0101      0.002      4.919      0.000       0.006       0.014
kim_language                -0.0101      0.002     -5.729      0.000      -0.014      -0.007
major                       -0.0396      0.008     -4.909      0.000      -0.055      -0.024
log_bom_opening_theaters     0.0055      0.002      3.112      0.002       0.002       0.009
genres_count                -0.0068      0.007     -0.997      0.319      -0.020       0.007
yr_1993                     -0.0082      0.035     -0.237      0.813      -0.076       0.060
yr_1994                     -0.0060      0.035     -0.170      0.865      -0.075       0.063
yr_1995                      0.0369      0.035      1.060      0.289      -0.031       0.105
yr_1996                     -0.0027      0.034     -0.079      0.937      -0.070       0.064
yr_1997                   6.783e-05      0.035      0.002      0.998      -0.068       0.068
yr_1998                      0.0488      0.034      1.454      0.146      -0.017       0.115
yr_1999                      0.0501      0.033      1.533      0.125      -0.014       0.114
yr_2000                     -0.0199      0.034     -0.592      0.554      -0.086       0.046
yr_2001                      0.0490      0.033      1.481      0.139      -0.016       0.114
yr_2002                      0.0079      0.033      0.243      0.808      -0.056       0.072
yr_2003                     -0.0078      0.033     -0.237      0.813      -0.072       0.056
yr_2004                      0.0577      0.033      1.771      0.077      -0.006       0.122
yr_2005                      0.0444      0.032      1.375      0.169      -0.019       0.108
yr_2006                      0.0933      0.032      2.906      0.004       0.030       0.156
yr_2007                      0.1072      0.032      3.353      0.001       0.045       0.170
yr_2008                      0.0470      0.032      1.460      0.144      -0.016       0.110
yr_2009                      0.0266      0.033      0.815      0.415      -0.037       0.090
yr_2010                      0.0171      0.032      0.525      0.600      -0.047       0.081
yr_2011                      0.0255      0.032      0.798      0.425      -0.037       0.088
yr_2012                      0.0080      0.032      0.253      0.801      -0.054       0.070
yr_2013                     -0.0023      0.032     -0.073      0.942      -0.065       0.060
yr_2014                      0.0280      0.032      0.866      0.386      -0.035       0.091
yr_2015                     -0.0420      0.032     -1.310      0.190      -0.105       0.021
yr_2016                     -0.0456      0.032     -1.411      0.158      -0.109       0.018
yr_2017                      0.0114      0.033      0.349      0.727      -0.053       0.075
yr_2018                      0.0018      0.033      0.054      0.957      -0.062       0.066
mo_2                         0.0105      0.020      0.537      0.592      -0.028       0.049
mo_3                        -0.0035      0.019     -0.187      0.852      -0.040       0.033
mo_4                         0.0036      0.019      0.192      0.848      -0.033       0.040
mo_5                        -0.0073      0.020     -0.370      0.711      -0.046       0.031
mo_6                        -0.0240      0.020     -1.228      0.220      -0.062       0.014
mo_7                        -0.0227      0.019     -1.198      0.231      -0.060       0.014
mo_8                        -0.0238      0.018     -1.302      0.193      -0.060       0.012
mo_9                        -0.0275      0.019     -1.478      0.139      -0.064       0.009
mo_10                       -0.0079      0.018     -0.431      0.667      -0.044       0.028
mo_11                       -0.0201      0.019     -1.066      0.286      -0.057       0.017
mo_12                       -0.0232      0.018     -1.275      0.203      -0.059       0.012
genre_Action                -0.0564      0.011     -5.295      0.000      -0.077      -0.035
genre_Adventure             -0.0013      0.011     -0.112      0.910      -0.023       0.021
genre_Animation             -0.0172      0.018     -0.957      0.339      -0.052       0.018
genre_Biography             -0.0938      0.014     -6.567      0.000      -0.122      -0.066
genre_Comedy                -0.0107      0.009     -1.130      0.258      -0.029       0.008
genre_Crime                 -0.0992      0.010     -9.783      0.000      -0.119      -0.079
genre_Drama                  0.0103      0.010      1.077      0.281      -0.008       0.029
genre_Family                 0.0781      0.015      5.364      0.000       0.050       0.107
genre_Fantasy                0.0079      0.013      0.620      0.535      -0.017       0.033
genre_History                0.0251      0.020      1.227      0.220      -0.015       0.065
genre_Horror                -0.0377      0.015     -2.577      0.010      -0.066      -0.009
genre_Music                  0.1057      0.019      5.516      0.000       0.068       0.143
genre_Musical                0.3325      0.043      7.679      0.000       0.248       0.417
genre_Mystery               -0.0585      0.013     -4.637      0.000      -0.083      -0.034
genre_News               -1.233e-17   8.14e-18     -1.516      0.130   -2.83e-17    3.62e-18
genre_Romance               -0.0179      0.010     -1.733      0.083      -0.038       0.002
genre_Sci_Fi                -0.0136      0.014     -0.998      0.319      -0.040       0.013
genre_Short               4.697e-17   8.66e-17      0.542      0.588   -1.23e-16    2.17e-16
genre_Sport                 -0.0382      0.021     -1.837      0.066      -0.079       0.003
genre_Thriller              -0.0797      0.011     -7.492      0.000      -0.101      -0.059
genre_War                    0.0071      0.029      0.244      0.807      -0.050       0.065
genre_Western               -0.0493      0.052     -0.955      0.340      -0.151       0.052
==============================================================================
Omnibus:                     1671.253   Durbin-Watson:                   2.004
Prob(Omnibus):                  0.000   Jarque-Bera (JB):            13780.648
Skew:                           1.774   Prob(JB):                         0.00
Kurtosis:                      11.358   Cond. No.                     1.02e+16
==============================================================================

Notes:
[1] Standard Errors assume that the covariance matrix of the errors is correctly specified.
[2] The smallest eigenvalue is 6.4e-27. This might indicate that there are
strong multicollinearity problems or that the design matrix is singular.