                            OLS Regression Results                            
==============================================================================
Dep. Variable:              sd_pooled   R-squared:                       0.561
Model:                            OLS   Adj. R-squared:                  0.554
Method:                 Least Squares   F-statistic:                     78.96
Date:                Sun, 29 Mar 2026   Prob (F-statistic):               0.00
Time:                        15:32:07   Log-Likelihood:                 530.95
No. Observations:                4012   AIC:                            -931.9
Df Residuals:                    3947   BIC:                            -522.6
Df Model:                          64                                         
Covariance Type:            nonrobust                                         
============================================================================================
                               coef    std err          t      P>|t|      [0.025      0.975]
--------------------------------------------------------------------------------------------
const                        3.3801      0.048     69.726      0.000       3.285       3.475
FLead                        0.0469      0.008      5.825      0.000       0.031       0.063
mean_pooled                 -0.2338      0.004    -53.048      0.000      -0.242      -0.225
kim_violence_gore            0.0125      0.003      4.925      0.000       0.008       0.018
kim_sex_nudity               0.0106      0.002      5.208      0.000       0.007       0.015
kim_language                -0.0145      0.002     -7.782      0.000      -0.018      -0.011
major                       -0.0395      0.008     -4.909      0.000      -0.055      -0.024
log_bom_opening_theaters     0.0055      0.002      3.105      0.002       0.002       0.009
genres_count                -0.0100      0.007     -1.472      0.141      -0.023       0.003
yr_1993                     -0.0055      0.034     -0.161      0.872      -0.073       0.062
yr_1994                     -0.0020      0.035     -0.056      0.955      -0.071       0.067
yr_1995                      0.0435      0.035      1.253      0.210      -0.025       0.112
yr_1996                      0.0086      0.034      0.252      0.801      -0.058       0.075
yr_1997                      0.0131      0.035      0.378      0.706      -0.055       0.081
yr_1998                      0.0599      0.033      1.789      0.074      -0.006       0.125
yr_1999                      0.0617      0.033      1.893      0.058      -0.002       0.126
yr_2000                     -0.0069      0.034     -0.205      0.837      -0.073       0.059
yr_2001                      0.0578      0.033      1.750      0.080      -0.007       0.122
yr_2002                      0.0171      0.032      0.528      0.597      -0.046       0.081
yr_2003                      0.0022      0.033      0.068      0.945      -0.062       0.066
yr_2004                      0.0639      0.032      1.970      0.049       0.000       0.128
yr_2005                      0.0498      0.032      1.549      0.121      -0.013       0.113
yr_2006                      0.0997      0.032      3.121      0.002       0.037       0.162
yr_2007                      0.1123      0.032      3.525      0.000       0.050       0.175
yr_2008                      0.0548      0.032      1.708      0.088      -0.008       0.118
yr_2009                      0.0339      0.032      1.045      0.296      -0.030       0.098
yr_2010                      0.0295      0.032      0.913      0.362      -0.034       0.093
yr_2011                      0.0319      0.032      1.002      0.316      -0.030       0.094
yr_2012                      0.0167      0.032      0.527      0.598      -0.045       0.079
yr_2013                      0.0086      0.032      0.271      0.786      -0.054       0.071
yr_2014                      0.0412      0.032      1.279      0.201      -0.022       0.104
yr_2015                     -0.0296      0.032     -0.926      0.354      -0.092       0.033
yr_2016                     -0.0344      0.032     -1.065      0.287      -0.098       0.029
yr_2017                      0.0222      0.033      0.682      0.495      -0.042       0.086
yr_2018                      0.0167      0.033      0.509      0.610      -0.047       0.081
mo_2                         0.0083      0.019      0.424      0.672      -0.030       0.046
mo_3                        -0.0040      0.019     -0.215      0.830      -0.040       0.032
mo_4                         0.0002      0.019      0.009      0.993      -0.037       0.037
mo_5                        -0.0123      0.020     -0.624      0.533      -0.051       0.026
mo_6                        -0.0253      0.019     -1.300      0.194      -0.063       0.013
mo_7                        -0.0230      0.019     -1.214      0.225      -0.060       0.014
mo_8                        -0.0251      0.018     -1.374      0.169      -0.061       0.011
mo_9                        -0.0278      0.019     -1.498      0.134      -0.064       0.009
mo_10                       -0.0071      0.018     -0.390      0.696      -0.043       0.029
mo_11                       -0.0240      0.019     -1.278      0.201      -0.061       0.013
mo_12                       -0.0261      0.018     -1.437      0.151      -0.062       0.009
genre_Action                -0.0563      0.011     -5.308      0.000      -0.077      -0.035
genre_Adventure             -0.0063      0.011     -0.563      0.573      -0.028       0.016
genre_Animation             -0.0289      0.018     -1.606      0.108      -0.064       0.006
genre_Biography             -0.0918      0.014     -6.446      0.000      -0.120      -0.064
genre_Comedy                -0.0025      0.010     -0.267      0.790      -0.021       0.016
genre_Crime                 -0.0888      0.010     -8.664      0.000      -0.109      -0.069
genre_Drama                  0.0142      0.010      1.492      0.136      -0.004       0.033
genre_Family                 0.0699      0.015      4.799      0.000       0.041       0.098
genre_Fantasy                0.0041      0.013      0.322      0.748      -0.021       0.029
genre_History                0.0179      0.020      0.876      0.381      -0.022       0.058
genre_Horror                -0.0347      0.015     -2.377      0.018      -0.063      -0.006
genre_Music                  0.1120      0.019      5.853      0.000       0.074       0.149
genre_Musical                0.3202      0.043      7.413      0.000       0.236       0.405
genre_Mystery               -0.0589      0.013     -4.679      0.000      -0.084      -0.034
genre_News               -4.177e-18   7.16e-18     -0.583      0.560   -1.82e-17    9.87e-18
genre_Romance               -0.0171      0.010     -1.663      0.096      -0.037       0.003
genre_Sci_Fi                -0.0132      0.014     -0.969      0.332      -0.040       0.013
genre_Short              -3.469e-18   6.08e-18     -0.571      0.568   -1.54e-17    8.45e-18
genre_Sport                 -0.0376      0.021     -1.812      0.070      -0.078       0.003
genre_Thriller              -0.0740      0.011     -6.946      0.000      -0.095      -0.053
genre_War                    0.0102      0.029      0.351      0.726      -0.047       0.067
genre_Western               -0.0484      0.051     -0.940      0.347      -0.149       0.053
==============================================================================
Omnibus:                     1646.809   Durbin-Watson:                   2.006
Prob(Omnibus):                  0.000   Jarque-Bera (JB):            13317.054
Skew:                           1.749   Prob(JB):                         0.00
Kurtosis:                      11.212   Cond. No.                     1.02e+16
==============================================================================

Notes:
[1] Standard Errors assume that the covariance matrix of the errors is correctly specified.
[2] The smallest eigenvalue is 6.39e-27. This might indicate that there are
strong multicollinearity problems or that the design matrix is singular.