                            OLS Regression Results                            
==============================================================================
Dep. Variable:              sd_pooled   R-squared:                       0.562
Model:                            OLS   Adj. R-squared:                  0.555
Method:                 Least Squares   F-statistic:                     79.16
Date:                Wed, 01 Apr 2026   Prob (F-statistic):               0.00
Time:                        00:37:35   Log-Likelihood:                 533.85
No. Observations:                4012   AIC:                            -937.7
Df Residuals:                    3947   BIC:                            -528.4
Df Model:                          64                                         
Covariance Type:            nonrobust                                         
============================================================================================
                               coef    std err          t      P>|t|      [0.025      0.975]
--------------------------------------------------------------------------------------------
const                        3.3834      0.048     70.730      0.000       3.290       3.477
FLead                        0.0465      0.008      5.792      0.000       0.031       0.062
mean_pooled                 -0.2322      0.004    -51.635      0.000      -0.241      -0.223
kim_violence_gore            0.0121      0.003      4.740      0.000       0.007       0.017
kim_sex_nudity               0.0114      0.002      5.620      0.000       0.007       0.015
kim_language                -0.0147      0.002     -7.850      0.000      -0.018      -0.011
major                       -0.0407      0.008     -5.004      0.000      -0.057      -0.025
log_bom_opening_theaters     0.0050      0.002      3.250      0.001       0.002       0.008
genres_count                -0.0096      0.007     -1.421      0.155      -0.023       0.004
yr_1993                     -0.0110      0.034     -0.319      0.749      -0.079       0.057
yr_1994                     -0.0047      0.035     -0.134      0.893      -0.074       0.064
yr_1995                      0.0402      0.035      1.159      0.246      -0.028       0.108
yr_1996                      0.0054      0.034      0.159      0.874      -0.061       0.072
yr_1997                      0.0092      0.035      0.266      0.790      -0.059       0.077
yr_1998                      0.0551      0.033      1.648      0.099      -0.010       0.121
yr_1999                      0.0575      0.033      1.766      0.077      -0.006       0.121
yr_2000                     -0.0119      0.034     -0.355      0.723      -0.078       0.054
yr_2001                      0.0539      0.033      1.632      0.103      -0.011       0.119
yr_2002                      0.0153      0.032      0.470      0.638      -0.048       0.079
yr_2003                     -0.0020      0.033     -0.061      0.952      -0.066       0.062
yr_2004                      0.0591      0.032      1.821      0.069      -0.005       0.123
yr_2005                      0.0455      0.032      1.413      0.158      -0.018       0.109
yr_2006                      0.0938      0.032      2.935      0.003       0.031       0.156
yr_2007                      0.1094      0.032      3.435      0.001       0.047       0.172
yr_2008                      0.0499      0.032      1.557      0.120      -0.013       0.113
yr_2009                      0.0309      0.032      0.953      0.341      -0.033       0.095
yr_2010                      0.0252      0.032      0.780      0.436      -0.038       0.089
yr_2011                      0.0273      0.032      0.858      0.391      -0.035       0.090
yr_2012                      0.0117      0.032      0.369      0.712      -0.050       0.074
yr_2013                      0.0040      0.032      0.125      0.901      -0.058       0.066
yr_2014                      0.0379      0.032      1.177      0.239      -0.025       0.101
yr_2015                     -0.0329      0.032     -1.029      0.303      -0.096       0.030
yr_2016                     -0.0366      0.032     -1.136      0.256      -0.100       0.027
yr_2017                      0.0191      0.033      0.588      0.556      -0.045       0.083
yr_2018                      0.0150      0.033      0.459      0.646      -0.049       0.079
mo_2                         0.0073      0.019      0.375      0.708      -0.031       0.045
mo_3                        -0.0055      0.019     -0.300      0.764      -0.042       0.031
mo_4                     -8.081e-05      0.019     -0.004      0.997      -0.037       0.037
mo_5                        -0.0142      0.020     -0.723      0.470      -0.053       0.024
mo_6                        -0.0269      0.019     -1.383      0.167      -0.065       0.011
mo_7                        -0.0243      0.019     -1.289      0.197      -0.061       0.013
mo_8                        -0.0257      0.018     -1.408      0.159      -0.061       0.010
mo_9                        -0.0290      0.019     -1.566      0.117      -0.065       0.007
mo_10                       -0.0088      0.018     -0.482      0.630      -0.044       0.027
mo_11                       -0.0258      0.019     -1.376      0.169      -0.063       0.011
mo_12                       -0.0296      0.018     -1.642      0.101      -0.065       0.006
genre_Action                -0.0547      0.011     -5.158      0.000      -0.075      -0.034
genre_Adventure             -0.0061      0.011     -0.546      0.585      -0.028       0.016
genre_Animation             -0.0275      0.018     -1.532      0.126      -0.063       0.008
genre_Biography             -0.0937      0.014     -6.606      0.000      -0.122      -0.066
genre_Comedy                -0.0032      0.010     -0.339      0.734      -0.022       0.015
genre_Crime                 -0.0895      0.010     -8.739      0.000      -0.110      -0.069
genre_Drama                  0.0110      0.009      1.174      0.241      -0.007       0.029
genre_Family                 0.0728      0.015      4.998      0.000       0.044       0.101
genre_Fantasy                0.0040      0.013      0.313      0.754      -0.021       0.029
genre_History                0.0179      0.020      0.875      0.381      -0.022       0.058
genre_Horror                -0.0339      0.015     -2.323      0.020      -0.063      -0.005
genre_Music                  0.1106      0.019      5.784      0.000       0.073       0.148
genre_Musical                0.3183      0.043      7.371      0.000       0.234       0.403
genre_Mystery               -0.0586      0.013     -4.662      0.000      -0.083      -0.034
genre_News                7.421e-19   5.12e-18      0.145      0.885    -9.3e-18    1.08e-17
genre_Romance               -0.0181      0.010     -1.757      0.079      -0.038       0.002
genre_Sci_Fi                -0.0130      0.014     -0.962      0.336      -0.040       0.014
genre_Short              -3.614e-18   1.85e-18     -1.956      0.051   -7.24e-18    9.31e-21
genre_Sport                 -0.0350      0.021     -1.695      0.090      -0.076       0.005
genre_Thriller              -0.0742      0.011     -6.972      0.000      -0.095      -0.053
genre_War                    0.0098      0.029      0.338      0.736      -0.047       0.067
genre_Western               -0.0462      0.051     -0.898      0.369      -0.147       0.055
==============================================================================
Omnibus:                     1651.512   Durbin-Watson:                   2.006
Prob(Omnibus):                  0.000   Jarque-Bera (JB):            13419.777
Skew:                           1.753   Prob(JB):                         0.00
Kurtosis:                      11.245   Cond. No.                     1.02e+16
==============================================================================

Notes:
[1] Standard Errors assume that the covariance matrix of the errors is correctly specified.
[2] The smallest eigenvalue is 6.02e-27. This might indicate that there are
strong multicollinearity problems or that the design matrix is singular.