                            OLS Regression Results                            
==============================================================================
Dep. Variable:              sd_pooled   R-squared:                       0.562
Model:                            OLS   Adj. R-squared:                  0.554
Method:                 Least Squares   F-statistic:                     78.99
Date:                Wed, 01 Apr 2026   Prob (F-statistic):               0.00
Time:                        00:46:55   Log-Likelihood:                 531.47
No. Observations:                4012   AIC:                            -932.9
Df Residuals:                    3947   BIC:                            -523.6
Df Model:                          64                                         
Covariance Type:            nonrobust                                         
============================================================================================
                               coef    std err          t      P>|t|      [0.025      0.975]
--------------------------------------------------------------------------------------------
const                        3.3890      0.049     69.699      0.000       3.294       3.484
FLead                        0.0467      0.008      5.810      0.000       0.031       0.062
mean_pooled                 -0.2328      0.005    -51.217      0.000      -0.242      -0.224
kim_violence_gore            0.0122      0.003      4.763      0.000       0.007       0.017
kim_sex_nudity               0.0114      0.002      5.602      0.000       0.007       0.015
kim_language                -0.0149      0.002     -7.963      0.000      -0.019      -0.011
major                       -0.0377      0.008     -4.659      0.000      -0.054      -0.022
log_bom_opening_theaters     0.0037      0.002      2.425      0.015       0.001       0.007
genres_count                -0.0083      0.007     -1.230      0.219      -0.022       0.005
yr_1993                     -0.0068      0.034     -0.197      0.844      -0.074       0.061
yr_1994                     -0.0029      0.035     -0.083      0.933      -0.072       0.066
yr_1995                      0.0442      0.035      1.273      0.203      -0.024       0.112
yr_1996                      0.0090      0.034      0.263      0.792      -0.058       0.076
yr_1997                      0.0135      0.035      0.389      0.697      -0.055       0.082
yr_1998                      0.0599      0.033      1.789      0.074      -0.006       0.126
yr_1999                      0.0596      0.033      1.829      0.068      -0.004       0.124
yr_2000                     -0.0084      0.034     -0.250      0.802      -0.074       0.057
yr_2001                      0.0567      0.033      1.718      0.086      -0.008       0.121
yr_2002                      0.0162      0.032      0.499      0.618      -0.047       0.080
yr_2003                      0.0003      0.033      0.009      0.993      -0.064       0.064
yr_2004                      0.0630      0.032      1.940      0.052      -0.001       0.127
yr_2005                      0.0478      0.032      1.484      0.138      -0.015       0.111
yr_2006                      0.0970      0.032      3.033      0.002       0.034       0.160
yr_2007                      0.1123      0.032      3.524      0.000       0.050       0.175
yr_2008                      0.0535      0.032      1.668      0.095      -0.009       0.116
yr_2009                      0.0328      0.032      1.010      0.312      -0.031       0.097
yr_2010                      0.0269      0.032      0.829      0.407      -0.037       0.090
yr_2011                      0.0299      0.032      0.938      0.348      -0.033       0.092
yr_2012                      0.0142      0.032      0.448      0.654      -0.048       0.076
yr_2013                      0.0071      0.032      0.224      0.823      -0.055       0.070
yr_2014                      0.0404      0.032      1.254      0.210      -0.023       0.104
yr_2015                     -0.0315      0.032     -0.985      0.325      -0.094       0.031
yr_2016                     -0.0330      0.032     -1.022      0.307      -0.096       0.030
yr_2017                      0.0230      0.033      0.707      0.479      -0.041       0.087
yr_2018                      0.0173      0.033      0.530      0.596      -0.047       0.081
mo_2                         0.0079      0.019      0.409      0.683      -0.030       0.046
mo_3                        -0.0050      0.019     -0.273      0.785      -0.041       0.031
mo_4                        -0.0011      0.019     -0.058      0.954      -0.038       0.036
mo_5                        -0.0146      0.020     -0.742      0.458      -0.053       0.024
mo_6                        -0.0266      0.019     -1.366      0.172      -0.065       0.012
mo_7                        -0.0252      0.019     -1.333      0.183      -0.062       0.012
mo_8                        -0.0262      0.018     -1.437      0.151      -0.062       0.010
mo_9                        -0.0284      0.019     -1.530      0.126      -0.065       0.008
mo_10                       -0.0088      0.018     -0.485      0.628      -0.045       0.027
mo_11                       -0.0256      0.019     -1.367      0.172      -0.062       0.011
mo_12                       -0.0305      0.018     -1.692      0.091      -0.066       0.005
genre_Action                -0.0541      0.011     -5.104      0.000      -0.075      -0.033
genre_Adventure             -0.0057      0.011     -0.507      0.612      -0.028       0.016
genre_Animation             -0.0274      0.018     -1.525      0.127      -0.063       0.008
genre_Biography             -0.0950      0.014     -6.700      0.000      -0.123      -0.067
genre_Comedy                -0.0035      0.010     -0.371      0.711      -0.022       0.015
genre_Crime                 -0.0887      0.010     -8.660      0.000      -0.109      -0.069
genre_Drama                  0.0100      0.009      1.066      0.287      -0.008       0.028
genre_Family                 0.0709      0.015      4.866      0.000       0.042       0.100
genre_Fantasy                0.0042      0.013      0.330      0.742      -0.021       0.029
genre_History                0.0170      0.020      0.834      0.404      -0.023       0.057
genre_Horror                -0.0333      0.015     -2.277      0.023      -0.062      -0.005
genre_Music                  0.1106      0.019      5.778      0.000       0.073       0.148
genre_Musical                0.3223      0.043      7.459      0.000       0.238       0.407
genre_Mystery               -0.0594      0.013     -4.720      0.000      -0.084      -0.035
genre_News               -1.337e-17   4.21e-18     -3.172      0.002   -2.16e-17    -5.1e-18
genre_Romance               -0.0184      0.010     -1.788      0.074      -0.039       0.002
genre_Sci_Fi                -0.0122      0.014     -0.901      0.367      -0.039       0.014
genre_Short              -1.159e-18   1.71e-18     -0.678      0.498   -4.51e-18    2.19e-18
genre_Sport                 -0.0323      0.021     -1.565      0.118      -0.073       0.008
genre_Thriller              -0.0741      0.011     -6.959      0.000      -0.095      -0.053
genre_War                    0.0063      0.029      0.215      0.830      -0.051       0.063
genre_Western               -0.0453      0.051     -0.879      0.379      -0.146       0.056
==============================================================================
Omnibus:                     1665.439   Durbin-Watson:                   2.008
Prob(Omnibus):                  0.000   Jarque-Bera (JB):            13743.279
Skew:                           1.766   Prob(JB):                         0.00
Kurtosis:                      11.351   Cond. No.                     1.02e+16
==============================================================================

Notes:
[1] Standard Errors assume that the covariance matrix of the errors is correctly specified.
[2] The smallest eigenvalue is 5.96e-27. This might indicate that there are
strong multicollinearity problems or that the design matrix is singular.