                            OLS Regression Results                            
==============================================================================
Dep. Variable:              sd_pooled   R-squared:                       0.562
Model:                            OLS   Adj. R-squared:                  0.555
Method:                 Least Squares   F-statistic:                     79.14
Date:                Sun, 29 Mar 2026   Prob (F-statistic):               0.00
Time:                        10:19:11   Log-Likelihood:                 533.57
No. Observations:                4012   AIC:                            -937.1
Df Residuals:                    3947   BIC:                            -527.8
Df Model:                          64                                         
Covariance Type:            nonrobust                                         
============================================================================================
                               coef    std err          t      P>|t|      [0.025      0.975]
--------------------------------------------------------------------------------------------
const                        3.3789      0.048     69.827      0.000       3.284       3.474
FLead                        0.0469      0.008      5.841      0.000       0.031       0.063
mean_pooled                 -0.2335      0.004    -53.016      0.000      -0.242      -0.225
kim_violence_gore            0.0121      0.003      4.757      0.000       0.007       0.017
kim_sex_nudity               0.0115      0.002      5.685      0.000       0.008       0.016
kim_language                -0.0149      0.002     -7.986      0.000      -0.019      -0.011
major                       -0.0395      0.008     -4.921      0.000      -0.055      -0.024
log_bom_opening_theaters     0.0056      0.002      3.163      0.002       0.002       0.009
genres_count                -0.0095      0.007     -1.409      0.159      -0.023       0.004
yr_1993                     -0.0055      0.034     -0.160      0.873      -0.073       0.062
yr_1994                     -0.0028      0.035     -0.081      0.936      -0.072       0.066
yr_1995                      0.0443      0.035      1.276      0.202      -0.024       0.112
yr_1996                      0.0090      0.034      0.266      0.791      -0.058       0.076
yr_1997                      0.0135      0.035      0.390      0.696      -0.054       0.082
yr_1998                      0.0599      0.033      1.791      0.073      -0.006       0.125
yr_1999                      0.0610      0.033      1.874      0.061      -0.003       0.125
yr_2000                     -0.0078      0.034     -0.232      0.817      -0.074       0.058
yr_2001                      0.0564      0.033      1.710      0.087      -0.008       0.121
yr_2002                      0.0173      0.032      0.532      0.595      -0.046       0.081
yr_2003                      0.0006      0.033      0.017      0.986      -0.063       0.065
yr_2004                      0.0617      0.032      1.902      0.057      -0.002       0.125
yr_2005                      0.0487      0.032      1.514      0.130      -0.014       0.112
yr_2006                      0.0971      0.032      3.040      0.002       0.034       0.160
yr_2007                      0.1110      0.032      3.486      0.000       0.049       0.173
yr_2008                      0.0524      0.032      1.635      0.102      -0.010       0.115
yr_2009                      0.0322      0.032      0.991      0.322      -0.031       0.096
yr_2010                      0.0271      0.032      0.836      0.403      -0.036       0.091
yr_2011                      0.0302      0.032      0.949      0.343      -0.032       0.093
yr_2012                      0.0151      0.032      0.477      0.633      -0.047       0.077
yr_2013                      0.0076      0.032      0.240      0.810      -0.055       0.070
yr_2014                      0.0401      0.032      1.245      0.213      -0.023       0.103
yr_2015                     -0.0310      0.032     -0.969      0.332      -0.094       0.032
yr_2016                     -0.0355      0.032     -1.100      0.271      -0.099       0.028
yr_2017                      0.0213      0.033      0.655      0.513      -0.042       0.085
yr_2018                      0.0159      0.033      0.486      0.627      -0.048       0.080
mo_2                         0.0077      0.019      0.396      0.692      -0.030       0.046
mo_3                        -0.0042      0.019     -0.225      0.822      -0.040       0.032
mo_4                         0.0005      0.019      0.027      0.978      -0.036       0.037
mo_5                        -0.0126      0.020     -0.639      0.523      -0.051       0.026
mo_6                        -0.0255      0.019     -1.309      0.190      -0.064       0.013
mo_7                        -0.0234      0.019     -1.238      0.216      -0.060       0.014
mo_8                        -0.0251      0.018     -1.379      0.168      -0.061       0.011
mo_9                        -0.0277      0.019     -1.491      0.136      -0.064       0.009
mo_10                       -0.0069      0.018     -0.376      0.707      -0.043       0.029
mo_11                       -0.0242      0.019     -1.290      0.197      -0.061       0.013
mo_12                       -0.0262      0.018     -1.448      0.148      -0.062       0.009
genre_Action                -0.0555      0.011     -5.237      0.000      -0.076      -0.035
genre_Adventure             -0.0060      0.011     -0.531      0.596      -0.028       0.016
genre_Animation             -0.0282      0.018     -1.569      0.117      -0.063       0.007
genre_Biography             -0.0920      0.014     -6.467      0.000      -0.120      -0.064
genre_Comedy                -0.0031      0.010     -0.330      0.742      -0.022       0.016
genre_Crime                 -0.0890      0.010     -8.687      0.000      -0.109      -0.069
genre_Drama                  0.0136      0.010      1.433      0.152      -0.005       0.032
genre_Family                 0.0710      0.015      4.876      0.000       0.042       0.100
genre_Fantasy                0.0043      0.013      0.338      0.735      -0.021       0.029
genre_History                0.0182      0.020      0.893      0.372      -0.022       0.058
genre_Horror                -0.0342      0.015     -2.346      0.019      -0.063      -0.006
genre_Music                  0.1117      0.019      5.843      0.000       0.074       0.149
genre_Musical                0.3183      0.043      7.372      0.000       0.234       0.403
genre_Mystery               -0.0587      0.013     -4.664      0.000      -0.083      -0.034
genre_News                9.343e-18   4.59e-18      2.038      0.042    3.54e-19    1.83e-17
genre_Romance               -0.0187      0.010     -1.816      0.069      -0.039       0.001
genre_Sci_Fi                -0.0126      0.014     -0.928      0.353      -0.039       0.014
genre_Short                   2e-18    1.5e-17      0.133      0.894   -2.75e-17    3.15e-17
genre_Sport                 -0.0376      0.021     -1.814      0.070      -0.078       0.003
genre_Thriller              -0.0741      0.011     -6.961      0.000      -0.095      -0.053
genre_War                    0.0105      0.029      0.359      0.720      -0.047       0.068
genre_Western               -0.0475      0.051     -0.922      0.356      -0.148       0.053
==============================================================================
Omnibus:                     1647.118   Durbin-Watson:                   2.006
Prob(Omnibus):                  0.000   Jarque-Bera (JB):            13338.382
Skew:                           1.749   Prob(JB):                         0.00
Kurtosis:                      11.219   Cond. No.                     1.02e+16
==============================================================================

Notes:
[1] Standard Errors assume that the covariance matrix of the errors is correctly specified.
[2] The smallest eigenvalue is 6.38e-27. This might indicate that there are
strong multicollinearity problems or that the design matrix is singular.