                            OLS Regression Results                            
==============================================================================
Dep. Variable:              sd_pooled   R-squared:                       0.561
Model:                            OLS   Adj. R-squared:                  0.554
Method:                 Least Squares   F-statistic:                     78.86
Date:                Sun, 29 Mar 2026   Prob (F-statistic):               0.00
Time:                        15:35:43   Log-Likelihood:                 529.58
No. Observations:                4012   AIC:                            -929.2
Df Residuals:                    3947   BIC:                            -519.9
Df Model:                          64                                         
Covariance Type:            nonrobust                                         
============================================================================================
                               coef    std err          t      P>|t|      [0.025      0.975]
--------------------------------------------------------------------------------------------
const                        3.3859      0.048     69.888      0.000       3.291       3.481
FLead                        0.0482      0.008      6.005      0.000       0.032       0.064
mean_pooled                 -0.2341      0.004    -53.156      0.000      -0.243      -0.226
kim_violence_gore            0.0115      0.003      4.536      0.000       0.007       0.016
kim_sex_nudity               0.0106      0.002      5.290      0.000       0.007       0.015
kim_language                -0.0141      0.002     -7.475      0.000      -0.018      -0.010
major                       -0.0392      0.008     -4.875      0.000      -0.055      -0.023
log_bom_opening_theaters     0.0055      0.002      3.125      0.002       0.002       0.009
genres_count                -0.0090      0.007     -1.334      0.182      -0.022       0.004
yr_1993                     -0.0074      0.034     -0.215      0.830      -0.075       0.060
yr_1994                     -0.0014      0.035     -0.041      0.968      -0.070       0.068
yr_1995                      0.0416      0.035      1.199      0.231      -0.026       0.110
yr_1996                      0.0070      0.034      0.207      0.836      -0.060       0.074
yr_1997                      0.0104      0.035      0.299      0.765      -0.058       0.078
yr_1998                      0.0592      0.033      1.768      0.077      -0.006       0.125
yr_1999                      0.0577      0.033      1.769      0.077      -0.006       0.122
yr_2000                     -0.0110      0.034     -0.327      0.744      -0.077       0.055
yr_2001                      0.0549      0.033      1.663      0.096      -0.010       0.120
yr_2002                      0.0142      0.032      0.438      0.661      -0.049       0.078
yr_2003                     -0.0022      0.033     -0.067      0.947      -0.066       0.062
yr_2004                      0.0623      0.032      1.919      0.055      -0.001       0.126
yr_2005                      0.0475      0.032      1.474      0.140      -0.016       0.111
yr_2006                      0.0956      0.032      2.989      0.003       0.033       0.158
yr_2007                      0.1093      0.032      3.429      0.001       0.047       0.172
yr_2008                      0.0524      0.032      1.631      0.103      -0.011       0.115
yr_2009                      0.0301      0.032      0.926      0.355      -0.034       0.094
yr_2010                      0.0261      0.032      0.806      0.420      -0.037       0.090
yr_2011                      0.0282      0.032      0.885      0.376      -0.034       0.091
yr_2012                      0.0130      0.032      0.410      0.681      -0.049       0.075
yr_2013                      0.0062      0.032      0.195      0.845      -0.056       0.069
yr_2014                      0.0366      0.032      1.134      0.257      -0.027       0.100
yr_2015                     -0.0342      0.032     -1.070      0.285      -0.097       0.028
yr_2016                     -0.0359      0.032     -1.112      0.266      -0.099       0.027
yr_2017                      0.0191      0.033      0.588      0.557      -0.045       0.083
yr_2018                      0.0125      0.033      0.383      0.701      -0.052       0.077
mo_2                         0.0096      0.019      0.491      0.623      -0.029       0.048
mo_3                        -0.0029      0.019     -0.155      0.877      -0.039       0.033
mo_4                         0.0011      0.019      0.058      0.954      -0.036       0.038
mo_5                        -0.0111      0.020     -0.565      0.572      -0.050       0.028
mo_6                        -0.0231      0.019     -1.187      0.235      -0.061       0.015
mo_7                        -0.0213      0.019     -1.128      0.259      -0.058       0.016
mo_8                        -0.0244      0.018     -1.338      0.181      -0.060       0.011
mo_9                        -0.0272      0.019     -1.463      0.144      -0.064       0.009
mo_10                       -0.0063      0.018     -0.345      0.730      -0.042       0.029
mo_11                       -0.0214      0.019     -1.139      0.255      -0.058       0.015
mo_12                       -0.0247      0.018     -1.362      0.173      -0.060       0.011
genre_Action                -0.0557      0.011     -5.249      0.000      -0.077      -0.035
genre_Adventure             -0.0042      0.011     -0.373      0.709      -0.026       0.018
genre_Animation             -0.0255      0.018     -1.422      0.155      -0.061       0.010
genre_Biography             -0.0913      0.014     -6.411      0.000      -0.119      -0.063
genre_Comedy                -0.0050      0.010     -0.521      0.602      -0.024       0.014
genre_Crime                 -0.0916      0.010     -8.972      0.000      -0.112      -0.072
genre_Drama                  0.0124      0.010      1.299      0.194      -0.006       0.031
genre_Family                 0.0721      0.015      4.948      0.000       0.044       0.101
genre_Fantasy                0.0060      0.013      0.479      0.632      -0.019       0.031
genre_History                0.0199      0.020      0.975      0.330      -0.020       0.060
genre_Horror                -0.0363      0.015     -2.488      0.013      -0.065      -0.008
genre_Music                  0.1112      0.019      5.810      0.000       0.074       0.149
genre_Musical                0.3202      0.043      7.408      0.000       0.235       0.405
genre_Mystery               -0.0576      0.013     -4.576      0.000      -0.082      -0.033
genre_News                1.079e-17   7.24e-18      1.490      0.136   -3.41e-18     2.5e-17
genre_Romance               -0.0183      0.010     -1.775      0.076      -0.039       0.002
genre_Sci_Fi                -0.0123      0.014     -0.903      0.366      -0.039       0.014
genre_Short              -9.207e-18   4.58e-18     -2.010      0.045   -1.82e-17   -2.25e-19
genre_Sport                 -0.0386      0.021     -1.863      0.063      -0.079       0.002
genre_Thriller              -0.0756      0.011     -7.100      0.000      -0.096      -0.055
genre_War                    0.0087      0.029      0.300      0.764      -0.048       0.066
genre_Western               -0.0475      0.052     -0.921      0.357      -0.148       0.054
==============================================================================
Omnibus:                     1652.247   Durbin-Watson:                   2.007
Prob(Omnibus):                  0.000   Jarque-Bera (JB):            13440.337
Skew:                           1.754   Prob(JB):                         0.00
Kurtosis:                      11.252   Cond. No.                     1.02e+16
==============================================================================

Notes:
[1] Standard Errors assume that the covariance matrix of the errors is correctly specified.
[2] The smallest eigenvalue is 6.39e-27. This might indicate that there are
strong multicollinearity problems or that the design matrix is singular.