                            OLS Regression Results                            
==============================================================================
Dep. Variable:              sd_pooled   R-squared:                       0.560
Model:                            OLS   Adj. R-squared:                  0.553
Method:                 Least Squares   F-statistic:                     78.59
Date:                Tue, 31 Mar 2026   Prob (F-statistic):               0.00
Time:                        12:42:30   Log-Likelihood:                 525.76
No. Observations:                4012   AIC:                            -921.5
Df Residuals:                    3947   BIC:                            -512.2
Df Model:                          64                                         
Covariance Type:            nonrobust                                         
============================================================================================
                               coef    std err          t      P>|t|      [0.025      0.975]
--------------------------------------------------------------------------------------------
const                        3.3773      0.048     69.677      0.000       3.282       3.472
FLead                        0.0478      0.008      5.936      0.000       0.032       0.064
mean_pooled                 -0.2339      0.004    -52.966      0.000      -0.243      -0.225
kim_violence_gore            0.0117      0.003      4.575      0.000       0.007       0.017
kim_sex_nudity               0.0106      0.002      5.249      0.000       0.007       0.015
kim_language                -0.0129      0.002     -6.946      0.000      -0.017      -0.009
major                       -0.0395      0.008     -4.908      0.000      -0.055      -0.024
log_bom_opening_theaters     0.0056      0.002      3.180      0.001       0.002       0.009
genres_count                -0.0085      0.007     -1.258      0.208      -0.022       0.005
yr_1993                     -0.0062      0.035     -0.179      0.858      -0.074       0.061
yr_1994                     -0.0007      0.035     -0.020      0.984      -0.070       0.068
yr_1995                      0.0420      0.035      1.209      0.227      -0.026       0.110
yr_1996                      0.0066      0.034      0.193      0.847      -0.060       0.073
yr_1997                      0.0102      0.035      0.294      0.769      -0.058       0.078
yr_1998                      0.0552      0.033      1.647      0.100      -0.011       0.121
yr_1999                      0.0580      0.033      1.776      0.076      -0.006       0.122
yr_2000                     -0.0114      0.034     -0.338      0.735      -0.077       0.055
yr_2001                      0.0541      0.033      1.638      0.102      -0.011       0.119
yr_2002                      0.0144      0.033      0.444      0.657      -0.049       0.078
yr_2003                     -0.0022      0.033     -0.066      0.947      -0.066       0.062
yr_2004                      0.0625      0.033      1.923      0.055      -0.001       0.126
yr_2005                      0.0490      0.032      1.520      0.129      -0.014       0.112
yr_2006                      0.0966      0.032      3.016      0.003       0.034       0.159
yr_2007                      0.1098      0.032      3.444      0.001       0.047       0.172
yr_2008                      0.0510      0.032      1.587      0.113      -0.012       0.114
yr_2009                      0.0314      0.033      0.966      0.334      -0.032       0.095
yr_2010                      0.0248      0.032      0.764      0.445      -0.039       0.088
yr_2011                      0.0291      0.032      0.913      0.361      -0.033       0.092
yr_2012                      0.0125      0.032      0.395      0.693      -0.050       0.075
yr_2013                      0.0039      0.032      0.123      0.902      -0.059       0.066
yr_2014                      0.0379      0.032      1.176      0.240      -0.025       0.101
yr_2015                     -0.0339      0.032     -1.058      0.290      -0.097       0.029
yr_2016                     -0.0376      0.032     -1.163      0.245      -0.101       0.026
yr_2017                      0.0186      0.033      0.570      0.569      -0.045       0.082
yr_2018                      0.0114      0.033      0.349      0.727      -0.053       0.076
mo_2                         0.0085      0.019      0.435      0.664      -0.030       0.047
mo_3                        -0.0034      0.019     -0.185      0.853      -0.040       0.033
mo_4                         0.0015      0.019      0.082      0.935      -0.035       0.038
mo_5                        -0.0114      0.020     -0.578      0.563      -0.050       0.027
mo_6                        -0.0257      0.019     -1.318      0.188      -0.064       0.013
mo_7                        -0.0226      0.019     -1.194      0.232      -0.060       0.015
mo_8                        -0.0255      0.018     -1.397      0.163      -0.061       0.010
mo_9                        -0.0278      0.019     -1.497      0.134      -0.064       0.009
mo_10                       -0.0076      0.018     -0.416      0.678      -0.043       0.028
mo_11                       -0.0239      0.019     -1.272      0.203      -0.061       0.013
mo_12                       -0.0254      0.018     -1.401      0.161      -0.061       0.010
genre_Action                -0.0564      0.011     -5.310      0.000      -0.077      -0.036
genre_Adventure             -0.0043      0.011     -0.380      0.704      -0.026       0.018
genre_Animation             -0.0254      0.018     -1.413      0.158      -0.061       0.010
genre_Biography             -0.0931      0.014     -6.529      0.000      -0.121      -0.065
genre_Comedy                -0.0059      0.010     -0.618      0.537      -0.025       0.013
genre_Crime                 -0.0916      0.010     -8.940      0.000      -0.112      -0.072
genre_Drama                  0.0121      0.010      1.276      0.202      -0.007       0.031
genre_Family                 0.0729      0.015      4.999      0.000       0.044       0.102
genre_Fantasy                0.0057      0.013      0.449      0.654      -0.019       0.030
genre_History                0.0208      0.020      1.019      0.308      -0.019       0.061
genre_Horror                -0.0353      0.015     -2.414      0.016      -0.064      -0.007
genre_Music                  0.1106      0.019      5.771      0.000       0.073       0.148
genre_Musical                0.3231      0.043      7.470      0.000       0.238       0.408
genre_Mystery               -0.0583      0.013     -4.630      0.000      -0.083      -0.034
genre_News               -6.071e-19   4.05e-18     -0.150      0.881   -8.55e-18    7.34e-18
genre_Romance               -0.0174      0.010     -1.690      0.091      -0.038       0.003
genre_Sci_Fi                -0.0136      0.014     -1.001      0.317      -0.040       0.013
genre_Short               5.827e-19   3.88e-18      0.150      0.881   -7.03e-18    8.19e-18
genre_Sport                 -0.0372      0.021     -1.790      0.074      -0.078       0.004
genre_Thriller              -0.0766      0.011     -7.197      0.000      -0.098      -0.056
genre_War                    0.0088      0.029      0.302      0.763      -0.048       0.066
genre_Western               -0.0474      0.052     -0.920      0.358      -0.149       0.054
==============================================================================
Omnibus:                     1653.222   Durbin-Watson:                   2.006
Prob(Omnibus):                  0.000   Jarque-Bera (JB):            13458.086
Skew:                           1.755   Prob(JB):                         0.00
Kurtosis:                      11.258   Cond. No.                     1.02e+16
==============================================================================

Notes:
[1] Standard Errors assume that the covariance matrix of the errors is correctly specified.
[2] The smallest eigenvalue is 6.39e-27. This might indicate that there are
strong multicollinearity problems or that the design matrix is singular.