                            OLS Regression Results                            
==============================================================================
Dep. Variable:              sd_pooled   R-squared:                       0.557
Model:                            OLS   Adj. R-squared:                  0.550
Method:                 Least Squares   F-statistic:                     77.66
Date:                Tue, 31 Mar 2026   Prob (F-statistic):               0.00
Time:                        20:28:58   Log-Likelihood:                 512.43
No. Observations:                4012   AIC:                            -894.9
Df Residuals:                    3947   BIC:                            -485.5
Df Model:                          64                                         
Covariance Type:            nonrobust                                         
============================================================================================
                               coef    std err          t      P>|t|      [0.025      0.975]
--------------------------------------------------------------------------------------------
const                        3.3827      0.049     69.510      0.000       3.287       3.478
FLead                        0.0501      0.008      6.207      0.000       0.034       0.066
mean_pooled                 -0.2357      0.004    -53.366      0.000      -0.244      -0.227
kim_violence_gore            0.0096      0.003      3.806      0.000       0.005       0.015
kim_sex_nudity               0.0090      0.002      4.421      0.000       0.005       0.013
kim_language                -0.0077      0.002     -4.668      0.000      -0.011      -0.004
major                       -0.0387      0.008     -4.792      0.000      -0.055      -0.023
log_bom_opening_theaters     0.0056      0.002      3.139      0.002       0.002       0.009
genres_count                -0.0064      0.007     -0.943      0.346      -0.020       0.007
yr_1993                     -0.0064      0.035     -0.185      0.853      -0.074       0.061
yr_1994                     -0.0021      0.035     -0.059      0.953      -0.071       0.067
yr_1995                      0.0375      0.035      1.076      0.282      -0.031       0.106
yr_1996                  -9.803e-05      0.034     -0.003      0.998      -0.067       0.067
yr_1997                  -9.308e-05      0.035     -0.003      0.998      -0.068       0.068
yr_1998                      0.0488      0.034      1.452      0.146      -0.017       0.115
yr_1999                      0.0495      0.033      1.514      0.130      -0.015       0.114
yr_2000                     -0.0191      0.034     -0.567      0.571      -0.085       0.047
yr_2001                      0.0513      0.033      1.548      0.122      -0.014       0.116
yr_2002                      0.0107      0.033      0.328      0.743      -0.053       0.075
yr_2003                     -0.0062      0.033     -0.190      0.849      -0.071       0.058
yr_2004                      0.0637      0.033      1.954      0.051      -0.000       0.128
yr_2005                      0.0471      0.032      1.458      0.145      -0.016       0.111
yr_2006                      0.0982      0.032      3.054      0.002       0.035       0.161
yr_2007                      0.1099      0.032      3.434      0.001       0.047       0.173
yr_2008                      0.0495      0.032      1.534      0.125      -0.014       0.113
yr_2009                      0.0298      0.033      0.914      0.361      -0.034       0.094
yr_2010                      0.0244      0.033      0.749      0.454      -0.039       0.088
yr_2011                      0.0280      0.032      0.876      0.381      -0.035       0.091
yr_2012                      0.0090      0.032      0.282      0.778      -0.053       0.071
yr_2013                     -0.0004      0.032     -0.014      0.989      -0.063       0.062
yr_2014                      0.0302      0.032      0.933      0.351      -0.033       0.094
yr_2015                     -0.0402      0.032     -1.252      0.211      -0.103       0.023
yr_2016                     -0.0443      0.032     -1.369      0.171      -0.108       0.019
yr_2017                      0.0122      0.033      0.372      0.710      -0.052       0.076
yr_2018                      0.0031      0.033      0.095      0.925      -0.061       0.067
mo_2                         0.0119      0.020      0.608      0.543      -0.026       0.050
mo_3                        -0.0023      0.019     -0.122      0.903      -0.039       0.034
mo_4                         0.0020      0.019      0.107      0.915      -0.035       0.039
mo_5                        -0.0075      0.020     -0.379      0.705      -0.046       0.031
mo_6                        -0.0244      0.020     -1.247      0.212      -0.063       0.014
mo_7                        -0.0226      0.019     -1.192      0.233      -0.060       0.015
mo_8                        -0.0250      0.018     -1.363      0.173      -0.061       0.011
mo_9                        -0.0288      0.019     -1.542      0.123      -0.065       0.008
mo_10                       -0.0079      0.018     -0.430      0.667      -0.044       0.028
mo_11                       -0.0209      0.019     -1.111      0.267      -0.058       0.016
mo_12                       -0.0236      0.018     -1.297      0.195      -0.059       0.012
genre_Action                -0.0575      0.011     -5.398      0.000      -0.078      -0.037
genre_Adventure              0.0008      0.011      0.070      0.944      -0.021       0.023
genre_Animation             -0.0156      0.018     -0.869      0.385      -0.051       0.020
genre_Biography             -0.0948      0.014     -6.630      0.000      -0.123      -0.067
genre_Comedy                -0.0141      0.009     -1.495      0.135      -0.033       0.004
genre_Crime                 -0.1006      0.010     -9.922      0.000      -0.121      -0.081
genre_Drama                  0.0088      0.010      0.919      0.358      -0.010       0.027
genre_Family                 0.0808      0.015      5.550      0.000       0.052       0.109
genre_Fantasy                0.0097      0.013      0.769      0.442      -0.015       0.035
genre_History                0.0309      0.020      1.515      0.130      -0.009       0.071
genre_Horror                -0.0367      0.015     -2.498      0.013      -0.065      -0.008
genre_Music                  0.1056      0.019      5.502      0.000       0.068       0.143
genre_Musical                0.3327      0.043      7.672      0.000       0.248       0.418
genre_Mystery               -0.0608      0.013     -4.808      0.000      -0.086      -0.036
genre_News                1.258e-17    9.1e-18      1.382      0.167   -5.27e-18    3.04e-17
genre_Romance               -0.0185      0.010     -1.789      0.074      -0.039       0.002
genre_Sci_Fi                -0.0139      0.014     -1.016      0.310      -0.041       0.013
genre_Short              -3.019e-18   1.17e-17     -0.258      0.796    -2.6e-17    1.99e-17
genre_Sport                 -0.0399      0.021     -1.918      0.055      -0.081       0.001
genre_Thriller              -0.0818      0.011     -7.690      0.000      -0.103      -0.061
genre_War                    0.0024      0.029      0.083      0.934      -0.055       0.060
genre_Western               -0.0440      0.052     -0.850      0.395      -0.145       0.057
==============================================================================
Omnibus:                     1690.015   Durbin-Watson:                   2.001
Prob(Omnibus):                  0.000   Jarque-Bera (JB):            14148.718
Skew:                           1.793   Prob(JB):                         0.00
Kurtosis:                      11.472   Cond. No.                     1.02e+16
==============================================================================

Notes:
[1] Standard Errors assume that the covariance matrix of the errors is correctly specified.
[2] The smallest eigenvalue is 6.39e-27. This might indicate that there are
strong multicollinearity problems or that the design matrix is singular.