                            OLS Regression Results                            
==============================================================================
Dep. Variable:              sd_pooled   R-squared:                       0.568
Model:                            OLS   Adj. R-squared:                  0.559
Method:                 Least Squares   F-statistic:                     64.62
Date:                Sun, 29 Mar 2026   Prob (F-statistic):               0.00
Time:                        15:13:41   Log-Likelihood:                 429.15
No. Observations:                3210   AIC:                            -728.3
Df Residuals:                    3145   BIC:                            -333.5
Df Model:                          64                                         
Covariance Type:            nonrobust                                         
============================================================================================
                               coef    std err          t      P>|t|      [0.025      0.975]
--------------------------------------------------------------------------------------------
const                        3.3993      0.054     62.540      0.000       3.293       3.506
FLead                        0.0505      0.009      5.573      0.000       0.033       0.068
mean_pooled                 -0.2358      0.005    -47.557      0.000      -0.246      -0.226
kim_violence_gore            0.0104      0.003      3.606      0.000       0.005       0.016
kim_sex_nudity               0.0133      0.002      5.875      0.000       0.009       0.018
kim_language                -0.0151      0.002     -7.170      0.000      -0.019      -0.011
major                       -0.0466      0.009     -5.140      0.000      -0.064      -0.029
log_bom_opening_theaters     0.0058      0.002      2.966      0.003       0.002       0.010
genres_count                -0.0088      0.007     -1.171      0.242      -0.023       0.006
yr_1993                     -0.0011      0.039     -0.028      0.978      -0.078       0.076
yr_1994                     -0.0142      0.039     -0.361      0.718      -0.091       0.063
yr_1995                      0.0340      0.039      0.882      0.378      -0.042       0.110
yr_1996                     -0.0045      0.038     -0.118      0.906      -0.080       0.071
yr_1997                      0.0274      0.039      0.707      0.479      -0.049       0.103
yr_1998                      0.0506      0.038      1.349      0.178      -0.023       0.124
yr_1999                      0.0553      0.037      1.511      0.131      -0.016       0.127
yr_2000                     -0.0070      0.038     -0.186      0.852      -0.081       0.067
yr_2001                      0.0476      0.037      1.289      0.198      -0.025       0.120
yr_2002                      0.0209      0.037      0.571      0.568      -0.051       0.093
yr_2003                     -0.0109      0.037     -0.295      0.768      -0.083       0.061
yr_2004                      0.0557      0.037      1.520      0.129      -0.016       0.128
yr_2005                      0.0405      0.036      1.123      0.261      -0.030       0.111
yr_2006                      0.0940      0.036      2.609      0.009       0.023       0.165
yr_2007                      0.1036      0.036      2.905      0.004       0.034       0.174
yr_2008                      0.0371      0.036      1.035      0.301      -0.033       0.107
yr_2009                      0.0269      0.036      0.739      0.460      -0.045       0.098
yr_2010                      0.0201      0.037      0.549      0.583      -0.052       0.092
yr_2011                      0.0264      0.036      0.734      0.463      -0.044       0.097
yr_2012                     -0.0072      0.036     -0.199      0.842      -0.078       0.064
yr_2013                     -0.0104      0.036     -0.289      0.773      -0.081       0.060
yr_2014                      0.0331      0.036      0.916      0.360      -0.038       0.104
yr_2015                     -0.0368      0.036     -1.023      0.306      -0.107       0.034
yr_2016                     -0.0543      0.036     -1.505      0.132      -0.125       0.016
yr_2017                     -0.0087      0.037     -0.232      0.816      -0.082       0.064
yr_2018                      0.0029      0.037      0.080      0.936      -0.069       0.075
mo_2                         0.0257      0.022      1.177      0.239      -0.017       0.068
mo_3                         0.0167      0.021      0.803      0.422      -0.024       0.057
mo_4                         0.0075      0.021      0.356      0.722      -0.034       0.049
mo_5                        -0.0054      0.022     -0.245      0.806      -0.049       0.038
mo_6                        -0.0132      0.022     -0.601      0.548      -0.056       0.030
mo_7                        -0.0153      0.021     -0.722      0.470      -0.057       0.026
mo_8                        -0.0148      0.021     -0.721      0.471      -0.055       0.025
mo_9                        -0.0181      0.021     -0.880      0.379      -0.059       0.022
mo_10                        0.0008      0.021      0.037      0.970      -0.040       0.041
mo_11                       -0.0233      0.021     -1.103      0.270      -0.065       0.018
mo_12                       -0.0168      0.020     -0.828      0.408      -0.057       0.023
genre_Action                -0.0559      0.012     -4.709      0.000      -0.079      -0.033
genre_Adventure              0.0029      0.013      0.231      0.818      -0.022       0.028
genre_Animation             -0.0239      0.020     -1.187      0.235      -0.063       0.016
genre_Biography             -0.0798      0.016     -5.038      0.000      -0.111      -0.049
genre_Comedy                -0.0110      0.011     -1.035      0.301      -0.032       0.010
genre_Crime                 -0.0865      0.011     -7.645      0.000      -0.109      -0.064
genre_Drama                  0.0117      0.011      1.114      0.265      -0.009       0.032
genre_Family                 0.0724      0.016      4.456      0.000       0.041       0.104
genre_Fantasy                0.0053      0.014      0.372      0.710      -0.023       0.033
genre_History               -0.0082      0.023     -0.356      0.722      -0.053       0.037
genre_Horror                -0.0377      0.016     -2.291      0.022      -0.070      -0.005
genre_Music                  0.0831      0.021      3.993      0.000       0.042       0.124
genre_Musical                0.3225      0.045      7.109      0.000       0.234       0.411
genre_Mystery               -0.0553      0.014     -3.961      0.000      -0.083      -0.028
genre_News               -7.607e-19   7.15e-18     -0.106      0.915   -1.48e-17    1.33e-17
genre_Romance               -0.0265      0.011     -2.331      0.020      -0.049      -0.004
genre_Sci_Fi                -0.0110      0.015     -0.721      0.471      -0.041       0.019
genre_Short               -6.62e-18   2.64e-18     -2.511      0.012   -1.18e-17   -1.45e-18
genre_Sport                 -0.0378      0.023     -1.645      0.100      -0.083       0.007
genre_Thriller              -0.0715      0.012     -5.958      0.000      -0.095      -0.048
genre_War                    0.0331      0.031      1.053      0.293      -0.029       0.095
genre_Western               -0.0347      0.055     -0.630      0.529      -0.143       0.073
==============================================================================
Omnibus:                     1212.220   Durbin-Watson:                   1.992
Prob(Omnibus):                  0.000   Jarque-Bera (JB):             7217.111
Skew:                           1.680   Prob(JB):                         0.00
Kurtosis:                       9.532   Cond. No.                     1.02e+16
==============================================================================

Notes:
[1] Standard Errors assume that the covariance matrix of the errors is correctly specified.
[2] The smallest eigenvalue is 5.12e-27. This might indicate that there are
strong multicollinearity problems or that the design matrix is singular.