                            OLS Regression Results                            
==============================================================================
Dep. Variable:              sd_pooled   R-squared:                       0.571
Model:                            OLS   Adj. R-squared:                  0.562
Method:                 Least Squares   F-statistic:                     65.35
Date:                Tue, 31 Mar 2026   Prob (F-statistic):               0.00
Time:                        14:06:48   Log-Likelihood:                 466.13
No. Observations:                3210   AIC:                            -802.3
Df Residuals:                    3145   BIC:                            -407.4
Df Model:                          64                                         
Covariance Type:            nonrobust                                         
============================================================================================
                               coef    std err          t      P>|t|      [0.025      0.975]
--------------------------------------------------------------------------------------------
const                        3.3568      0.054     62.710      0.000       3.252       3.462
FLead                        0.0571      0.009      6.350      0.000       0.039       0.075
mean_pooled                 -0.2331      0.005    -47.268      0.000      -0.243      -0.223
kim_violence_gore            0.0124      0.003      4.376      0.000       0.007       0.018
kim_sex_nudity               0.0108      0.002      4.801      0.000       0.006       0.015
kim_language                -0.0150      0.002     -7.300      0.000      -0.019      -0.011
major                       -0.0354      0.009     -3.976      0.000      -0.053      -0.018
log_bom_opening_theaters     0.0044      0.002      2.220      0.026       0.001       0.008
genres_count                -0.0070      0.008     -0.909      0.363      -0.022       0.008
yr_1993                      0.0079      0.038      0.208      0.835      -0.067       0.083
yr_1994                      0.0134      0.038      0.351      0.726      -0.061       0.088
yr_1995                      0.0584      0.038      1.555      0.120      -0.015       0.132
yr_1996                      0.0231      0.037      0.630      0.529      -0.049       0.095
yr_1997                      0.0286      0.038      0.758      0.449      -0.045       0.102
yr_1998                      0.0818      0.036      2.253      0.024       0.011       0.153
yr_1999                      0.0731      0.036      2.056      0.040       0.003       0.143
yr_2000                      0.0058      0.036      0.159      0.874      -0.066       0.077
yr_2001                      0.0866      0.036      2.403      0.016       0.016       0.157
yr_2002                      0.0323      0.036      0.902      0.367      -0.038       0.103
yr_2003                      0.0153      0.036      0.429      0.668      -0.054       0.085
yr_2004                      0.0843      0.035      2.404      0.016       0.016       0.153
yr_2005                      0.0760      0.035      2.188      0.029       0.008       0.144
yr_2006                      0.1364      0.035      3.945      0.000       0.069       0.204
yr_2007                      0.1284      0.035      3.720      0.000       0.061       0.196
yr_2008                      0.0923      0.035      2.645      0.008       0.024       0.161
yr_2009                      0.0461      0.036      1.299      0.194      -0.024       0.116
yr_2010                      0.0404      0.036      1.136      0.256      -0.029       0.110
yr_2011                      0.0412      0.035      1.187      0.235      -0.027       0.109
yr_2012                      0.0154      0.035      0.445      0.657      -0.052       0.083
yr_2013                      0.0376      0.035      1.080      0.280      -0.031       0.106
yr_2014                      0.0637      0.035      1.815      0.070      -0.005       0.133
yr_2015                     -0.0046      0.035     -0.131      0.895      -0.073       0.064
yr_2016                     -0.0020      0.035     -0.057      0.954      -0.071       0.067
yr_2017                      0.0391      0.035      1.105      0.269      -0.030       0.108
yr_2018                      0.0495      0.036      1.375      0.169      -0.021       0.120
mo_2                         0.0190      0.021      0.887      0.375      -0.023       0.061
mo_3                        -0.0110      0.021     -0.531      0.595      -0.052       0.030
mo_4                        -0.0068      0.021     -0.330      0.741      -0.047       0.034
mo_5                        -0.0100      0.022     -0.458      0.647      -0.053       0.033
mo_6                        -0.0205      0.022     -0.947      0.344      -0.063       0.022
mo_7                        -0.0182      0.021     -0.875      0.382      -0.059       0.023
mo_8                        -0.0235      0.020     -1.172      0.241      -0.063       0.016
mo_9                        -0.0257      0.020     -1.257      0.209      -0.066       0.014
mo_10                       -0.0038      0.020     -0.186      0.853      -0.043       0.036
mo_11                       -0.0147      0.021     -0.711      0.477      -0.055       0.026
mo_12                       -0.0139      0.020     -0.690      0.490      -0.053       0.026
genre_Action                -0.0539      0.012     -4.528      0.000      -0.077      -0.031
genre_Adventure             -0.0106      0.013     -0.841      0.400      -0.035       0.014
genre_Animation             -0.0278      0.020     -1.392      0.164      -0.067       0.011
genre_Biography             -0.0981      0.016     -6.192      0.000      -0.129      -0.067
genre_Comedy                -0.0045      0.011     -0.427      0.670      -0.025       0.016
genre_Crime                 -0.0889      0.011     -7.791      0.000      -0.111      -0.066
genre_Drama                  0.0149      0.011      1.385      0.166      -0.006       0.036
genre_Family                 0.0691      0.016      4.229      0.000       0.037       0.101
genre_Fantasy               -0.0134      0.014     -0.943      0.346      -0.041       0.014
genre_History               -0.0095      0.024     -0.402      0.688      -0.056       0.037
genre_Horror                -0.0361      0.016     -2.217      0.027      -0.068      -0.004
genre_Music                  0.1104      0.022      5.046      0.000       0.068       0.153
genre_Musical                0.3704      0.055      6.785      0.000       0.263       0.477
genre_Mystery               -0.0600      0.014     -4.280      0.000      -0.087      -0.032
genre_News               -1.614e-17   6.47e-18     -2.495      0.013   -2.88e-17   -3.45e-18
genre_Romance               -0.0173      0.012     -1.504      0.133      -0.040       0.005
genre_Sci_Fi                -0.0196      0.015     -1.293      0.196      -0.049       0.010
genre_Short              -3.766e-18   2.65e-18     -1.419      0.156   -8.97e-18    1.44e-18
genre_Sport                 -0.0516      0.022     -2.305      0.021      -0.095      -0.008
genre_Thriller              -0.0819      0.012     -6.785      0.000      -0.106      -0.058
genre_War                    0.0258      0.032      0.804      0.421      -0.037       0.089
genre_Western               -0.0244      0.061     -0.397      0.691      -0.145       0.096
==============================================================================
Omnibus:                     1159.054   Durbin-Watson:                   1.970
Prob(Omnibus):                  0.000   Jarque-Bera (JB):             6741.692
Skew:                           1.603   Prob(JB):                         0.00
Kurtosis:                       9.335   Cond. No.                     1.02e+16
==============================================================================

Notes:
[1] Standard Errors assume that the covariance matrix of the errors is correctly specified.
[2] The smallest eigenvalue is 5.1e-27. This might indicate that there are
strong multicollinearity problems or that the design matrix is singular.