                            OLS Regression Results                            
==============================================================================
Dep. Variable:              sd_pooled   R-squared:                       0.557
Model:                            OLS   Adj. R-squared:                  0.548
Method:                 Least Squares   F-statistic:                     61.90
Date:                Sun, 29 Mar 2026   Prob (F-statistic):               0.00
Time:                        15:38:48   Log-Likelihood:                 353.63
No. Observations:                3210   AIC:                            -577.3
Df Residuals:                    3145   BIC:                            -182.4
Df Model:                          64                                         
Covariance Type:            nonrobust                                         
============================================================================================
                               coef    std err          t      P>|t|      [0.025      0.975]
--------------------------------------------------------------------------------------------
const                        3.3831      0.055     61.972      0.000       3.276       3.490
FLead                        0.0460      0.009      5.022      0.000       0.028       0.064
mean_pooled                 -0.2335      0.005    -46.250      0.000      -0.243      -0.224
kim_violence_gore            0.0128      0.003      4.477      0.000       0.007       0.018
kim_sex_nudity               0.0090      0.002      3.903      0.000       0.004       0.013
kim_language                -0.0142      0.002     -6.671      0.000      -0.018      -0.010
major                       -0.0435      0.009     -4.738      0.000      -0.061      -0.025
log_bom_opening_theaters     0.0058      0.002      2.862      0.004       0.002       0.010
genres_count                -0.0119      0.007     -1.595      0.111      -0.026       0.003
yr_1993                     -0.0225      0.039     -0.579      0.562      -0.099       0.054
yr_1994                      0.0082      0.040      0.205      0.838      -0.070       0.087
yr_1995                      0.0405      0.039      1.042      0.298      -0.036       0.117
yr_1996                      0.0005      0.039      0.014      0.989      -0.076       0.077
yr_1997                      0.0181      0.039      0.461      0.645      -0.059       0.095
yr_1998                      0.0617      0.038      1.641      0.101      -0.012       0.135
yr_1999                      0.0622      0.037      1.699      0.089      -0.010       0.134
yr_2000                     -0.0077      0.038     -0.201      0.840      -0.082       0.067
yr_2001                      0.0569      0.037      1.547      0.122      -0.015       0.129
yr_2002                      0.0154      0.037      0.418      0.676      -0.057       0.088
yr_2003                      0.0104      0.037      0.280      0.779      -0.062       0.083
yr_2004                      0.0661      0.036      1.818      0.069      -0.005       0.137
yr_2005                      0.0611      0.037      1.661      0.097      -0.011       0.133
yr_2006                      0.1106      0.036      3.062      0.002       0.040       0.181
yr_2007                      0.1036      0.036      2.857      0.004       0.033       0.175
yr_2008                      0.0448      0.036      1.252      0.211      -0.025       0.115
yr_2009                      0.0438      0.037      1.182      0.237      -0.029       0.116
yr_2010                      0.0313      0.036      0.860      0.390      -0.040       0.103
yr_2011                      0.0244      0.036      0.683      0.495      -0.046       0.094
yr_2012                      0.0118      0.036      0.333      0.739      -0.058       0.082
yr_2013                      0.0258      0.036      0.717      0.473      -0.045       0.096
yr_2014                      0.0488      0.037      1.335      0.182      -0.023       0.121
yr_2015                     -0.0373      0.036     -1.027      0.304      -0.109       0.034
yr_2016                     -0.0266      0.036     -0.731      0.465      -0.098       0.045
yr_2017                      0.0141      0.036      0.389      0.698      -0.057       0.085
yr_2018                      0.0163      0.037      0.442      0.658      -0.056       0.089
mo_2                         0.0050      0.022      0.226      0.822      -0.038       0.048
mo_3                         0.0035      0.021      0.166      0.868      -0.038       0.045
mo_4                        -0.0016      0.021     -0.074      0.941      -0.043       0.040
mo_5                        -0.0062      0.023     -0.273      0.785      -0.051       0.038
mo_6                        -0.0279      0.022     -1.268      0.205      -0.071       0.015
mo_7                        -0.0202      0.022     -0.929      0.353      -0.063       0.022
mo_8                        -0.0212      0.021     -1.020      0.308      -0.062       0.020
mo_9                        -0.0235      0.021     -1.109      0.267      -0.065       0.018
mo_10                       -0.0072      0.021     -0.347      0.729      -0.048       0.033
mo_11                       -0.0275      0.021     -1.283      0.200      -0.070       0.015
mo_12                       -0.0299      0.021     -1.440      0.150      -0.071       0.011
genre_Action                -0.0526      0.012     -4.268      0.000      -0.077      -0.028
genre_Adventure             -0.0053      0.013     -0.402      0.687      -0.031       0.020
genre_Animation             -0.0457      0.021     -2.189      0.029      -0.087      -0.005
genre_Biography             -0.0915      0.016     -5.607      0.000      -0.123      -0.059
genre_Comedy                 0.0039      0.011      0.354      0.723      -0.017       0.025
genre_Crime                 -0.0926      0.012     -7.863      0.000      -0.116      -0.070
genre_Drama                  0.0182      0.011      1.657      0.098      -0.003       0.040
genre_Family                 0.0793      0.017      4.686      0.000       0.046       0.113
genre_Fantasy                0.0032      0.015      0.215      0.830      -0.026       0.032
genre_History                0.0077      0.023      0.334      0.739      -0.038       0.053
genre_Horror                -0.0312      0.017     -1.866      0.062      -0.064       0.002
genre_Music                  0.1084      0.022      4.954      0.000       0.066       0.151
genre_Musical                0.3204      0.045      7.050      0.000       0.231       0.409
genre_Mystery               -0.0605      0.015     -4.146      0.000      -0.089      -0.032
genre_News                1.907e-16   8.21e-17      2.321      0.020    2.96e-17    3.52e-16
genre_Romance               -0.0121      0.012     -1.027      0.304      -0.035       0.011
genre_Sci_Fi                -0.0262      0.016     -1.632      0.103      -0.058       0.005
genre_Short              -2.067e-17   7.01e-18     -2.949      0.003   -3.44e-17   -6.93e-18
genre_Sport                 -0.0438      0.024     -1.840      0.066      -0.091       0.003
genre_Thriller              -0.0761      0.012     -6.228      0.000      -0.100      -0.052
genre_War                    0.0212      0.033      0.652      0.514      -0.043       0.085
genre_Western               -0.0365      0.059     -0.623      0.533      -0.151       0.078
==============================================================================
Omnibus:                     1415.255   Durbin-Watson:                   1.937
Prob(Omnibus):                  0.000   Jarque-Bera (JB):            12765.888
Skew:                           1.864   Prob(JB):                         0.00
Kurtosis:                      12.030   Cond. No.                     1.02e+16
==============================================================================

Notes:
[1] Standard Errors assume that the covariance matrix of the errors is correctly specified.
[2] The smallest eigenvalue is 5.1e-27. This might indicate that there are
strong multicollinearity problems or that the design matrix is singular.