                            OLS Regression Results                            
==============================================================================
Dep. Variable:              sd_pooled   R-squared:                       0.561
Model:                            OLS   Adj. R-squared:                  0.554
Method:                 Least Squares   F-statistic:                     78.82
Date:                Tue, 31 Mar 2026   Prob (F-statistic):               0.00
Time:                        21:14:47   Log-Likelihood:                 528.99
No. Observations:                4012   AIC:                            -928.0
Df Residuals:                    3947   BIC:                            -518.7
Df Model:                          64                                         
Covariance Type:            nonrobust                                         
============================================================================================
                               coef    std err          t      P>|t|      [0.025      0.975]
--------------------------------------------------------------------------------------------
const                        3.3817      0.048     69.808      0.000       3.287       3.477
FLead                        0.0465      0.008      5.775      0.000       0.031       0.062
mean_pooled                 -0.2329      0.004    -52.866      0.000      -0.242      -0.224
kim_violence_gore            0.0091      0.002      3.720      0.000       0.004       0.014
kim_sex_nudity               0.0124      0.002      6.144      0.000       0.008       0.016
kim_language                -0.0144      0.002     -7.718      0.000      -0.018      -0.011
major                       -0.0409      0.008     -5.087      0.000      -0.057      -0.025
log_bom_opening_theaters     0.0059      0.002      3.322      0.001       0.002       0.009
genres_count                -0.0081      0.007     -1.200      0.230      -0.021       0.005
yr_1993                     -0.0033      0.034     -0.095      0.925      -0.071       0.064
yr_1994                     -0.0012      0.035     -0.033      0.973      -0.070       0.068
yr_1995                      0.0456      0.035      1.314      0.189      -0.022       0.114
yr_1996                      0.0112      0.034      0.329      0.742      -0.056       0.078
yr_1997                      0.0154      0.035      0.445      0.657      -0.053       0.083
yr_1998                      0.0606      0.033      1.809      0.071      -0.005       0.126
yr_1999                      0.0642      0.033      1.970      0.049       0.000       0.128
yr_2000                     -0.0061      0.034     -0.182      0.855      -0.072       0.060
yr_2001                      0.0586      0.033      1.774      0.076      -0.006       0.123
yr_2002                      0.0184      0.032      0.566      0.571      -0.045       0.082
yr_2003                      0.0034      0.033      0.105      0.917      -0.061       0.067
yr_2004                      0.0640      0.032      1.973      0.049       0.000       0.128
yr_2005                      0.0505      0.032      1.568      0.117      -0.013       0.114
yr_2006                      0.1006      0.032      3.146      0.002       0.038       0.163
yr_2007                      0.1133      0.032      3.555      0.000       0.051       0.176
yr_2008                      0.0548      0.032      1.709      0.088      -0.008       0.118
yr_2009                      0.0358      0.032      1.101      0.271      -0.028       0.099
yr_2010                      0.0301      0.032      0.930      0.352      -0.033       0.094
yr_2011                      0.0328      0.032      1.030      0.303      -0.030       0.095
yr_2012                      0.0173      0.032      0.544      0.586      -0.045       0.079
yr_2013                      0.0088      0.032      0.277      0.782      -0.054       0.071
yr_2014                      0.0404      0.032      1.253      0.210      -0.023       0.104
yr_2015                     -0.0312      0.032     -0.976      0.329      -0.094       0.032
yr_2016                     -0.0337      0.032     -1.045      0.296      -0.097       0.030
yr_2017                      0.0214      0.033      0.656      0.512      -0.043       0.085
yr_2018                      0.0161      0.033      0.491      0.623      -0.048       0.080
mo_2                         0.0079      0.019      0.405      0.685      -0.030       0.046
mo_3                        -0.0047      0.019     -0.252      0.801      -0.041       0.032
mo_4                         0.0009      0.019      0.047      0.962      -0.036       0.038
mo_5                        -0.0117      0.020     -0.592      0.554      -0.050       0.027
mo_6                        -0.0259      0.019     -1.331      0.183      -0.064       0.012
mo_7                        -0.0237      0.019     -1.252      0.211      -0.061       0.013
mo_8                        -0.0253      0.018     -1.384      0.167      -0.061       0.011
mo_9                        -0.0278      0.019     -1.495      0.135      -0.064       0.009
mo_10                       -0.0062      0.018     -0.340      0.734      -0.042       0.030
mo_11                       -0.0238      0.019     -1.267      0.205      -0.061       0.013
mo_12                       -0.0255      0.018     -1.406      0.160      -0.061       0.010
genre_Action                -0.0517      0.011     -4.902      0.000      -0.072      -0.031
genre_Adventure             -0.0059      0.011     -0.523      0.601      -0.028       0.016
genre_Animation             -0.0304      0.018     -1.693      0.090      -0.066       0.005
genre_Biography             -0.0932      0.014     -6.545      0.000      -0.121      -0.065
genre_Comedy                -0.0091      0.009     -0.975      0.329      -0.027       0.009
genre_Crime                 -0.0878      0.010     -8.559      0.000      -0.108      -0.068
genre_Drama                  0.0111      0.009      1.175      0.240      -0.007       0.030
genre_Family                 0.0692      0.015      4.747      0.000       0.041       0.098
genre_Fantasy                0.0040      0.013      0.319      0.749      -0.021       0.029
genre_History                0.0205      0.020      1.003      0.316      -0.020       0.061
genre_Horror                -0.0232      0.014     -1.636      0.102      -0.051       0.005
genre_Music                  0.1068      0.019      5.601      0.000       0.069       0.144
genre_Musical                0.3144      0.043      7.276      0.000       0.230       0.399
genre_Mystery               -0.0598      0.013     -4.754      0.000      -0.085      -0.035
genre_News               -1.221e-18    2.6e-18     -0.470      0.638   -6.31e-18    3.87e-18
genre_Romance               -0.0232      0.010     -2.272      0.023      -0.043      -0.003
genre_Sci_Fi                -0.0130      0.014     -0.955      0.339      -0.040       0.014
genre_Short              -8.362e-18   8.55e-18     -0.978      0.328   -2.51e-17    8.39e-18
genre_Sport                 -0.0398      0.021     -1.919      0.055      -0.080       0.001
genre_Thriller              -0.0747      0.011     -6.997      0.000      -0.096      -0.054
genre_War                    0.0180      0.029      0.620      0.536      -0.039       0.075
genre_Western               -0.0404      0.051     -0.785      0.432      -0.141       0.060
==============================================================================
Omnibus:                     1647.068   Durbin-Watson:                   2.005
Prob(Omnibus):                  0.000   Jarque-Bera (JB):            13331.555
Skew:                           1.749   Prob(JB):                         0.00
Kurtosis:                      11.217   Cond. No.                     1.02e+16
==============================================================================

Notes:
[1] Standard Errors assume that the covariance matrix of the errors is correctly specified.
[2] The smallest eigenvalue is 6.33e-27. This might indicate that there are
strong multicollinearity problems or that the design matrix is singular.