                            OLS Regression Results                            
==============================================================================
Dep. Variable:              sd_pooled   R-squared:                       0.556
Model:                            OLS   Adj. R-squared:                  0.549
Method:                 Least Squares   F-statistic:                     77.35
Date:                Sun, 29 Mar 2026   Prob (F-statistic):               0.00
Time:                        15:25:22   Log-Likelihood:                 507.87
No. Observations:                4012   AIC:                            -885.7
Df Residuals:                    3947   BIC:                            -476.4
Df Model:                          64                                         
Covariance Type:            nonrobust                                         
============================================================================================
                               coef    std err          t      P>|t|      [0.025      0.975]
--------------------------------------------------------------------------------------------
const                        3.3813      0.049     69.394      0.000       3.286       3.477
FLead                        0.0519      0.008      6.446      0.000       0.036       0.068
mean_pooled                 -0.2364      0.004    -53.540      0.000      -0.245      -0.228
kim_violence_gore            0.0093      0.003      3.667      0.000       0.004       0.014
kim_sex_nudity               0.0082      0.002      4.022      0.000       0.004       0.012
kim_language                -0.0061      0.002     -3.577      0.000      -0.009      -0.003
major                       -0.0379      0.008     -4.692      0.000      -0.054      -0.022
log_bom_opening_theaters     0.0056      0.002      3.140      0.002       0.002       0.009
genres_count                -0.0043      0.007     -0.636      0.525      -0.018       0.009
yr_1993                     -0.0096      0.035     -0.276      0.782      -0.078       0.058
yr_1994                     -0.0081      0.035     -0.228      0.819      -0.078       0.061
yr_1995                      0.0322      0.035      0.923      0.356      -0.036       0.101
yr_1996                     -0.0050      0.034     -0.145      0.885      -0.072       0.062
yr_1997                      0.0001      0.035      0.004      0.997      -0.068       0.068
yr_1998                      0.0458      0.034      1.364      0.173      -0.020       0.112
yr_1999                      0.0458      0.033      1.400      0.162      -0.018       0.110
yr_2000                     -0.0202      0.034     -0.600      0.549      -0.086       0.046
yr_2001                      0.0482      0.033      1.454      0.146      -0.017       0.113
yr_2002                      0.0059      0.033      0.180      0.857      -0.058       0.070
yr_2003                     -0.0068      0.033     -0.208      0.835      -0.071       0.058
yr_2004                      0.0592      0.033      1.813      0.070      -0.005       0.123
yr_2005                      0.0442      0.032      1.364      0.173      -0.019       0.108
yr_2006                      0.0955      0.032      2.968      0.003       0.032       0.159
yr_2007                      0.1078      0.032      3.365      0.001       0.045       0.171
yr_2008                      0.0458      0.032      1.420      0.156      -0.017       0.109
yr_2009                      0.0262      0.033      0.801      0.423      -0.038       0.090
yr_2010                      0.0194      0.033      0.594      0.552      -0.044       0.083
yr_2011                      0.0252      0.032      0.786      0.432      -0.038       0.088
yr_2012                      0.0041      0.032      0.129      0.897      -0.058       0.067
yr_2013                     -0.0040      0.032     -0.124      0.901      -0.067       0.059
yr_2014                      0.0265      0.032      0.820      0.412      -0.037       0.090
yr_2015                     -0.0450      0.032     -1.400      0.161      -0.108       0.018
yr_2016                     -0.0474      0.032     -1.464      0.143      -0.111       0.016
yr_2017                      0.0085      0.033      0.261      0.794      -0.056       0.073
yr_2018                     -0.0006      0.033     -0.019      0.985      -0.065       0.064
mo_2                         0.0130      0.020      0.666      0.505      -0.025       0.051
mo_3                        -0.0032      0.019     -0.171      0.864      -0.040       0.033
mo_4                         0.0024      0.019      0.127      0.899      -0.035       0.039
mo_5                        -0.0074      0.020     -0.371      0.710      -0.046       0.032
mo_6                        -0.0235      0.020     -1.199      0.231      -0.062       0.015
mo_7                        -0.0215      0.019     -1.132      0.258      -0.059       0.016
mo_8                        -0.0234      0.018     -1.276      0.202      -0.059       0.013
mo_9                        -0.0273      0.019     -1.460      0.144      -0.064       0.009
mo_10                       -0.0078      0.018     -0.428      0.669      -0.044       0.028
mo_11                       -0.0201      0.019     -1.063      0.288      -0.057       0.017
mo_12                       -0.0232      0.018     -1.272      0.204      -0.059       0.013
genre_Action                -0.0571      0.011     -5.350      0.000      -0.078      -0.036
genre_Adventure             -0.0009      0.011     -0.081      0.936      -0.023       0.021
genre_Animation             -0.0134      0.018     -0.747      0.455      -0.049       0.022
genre_Biography             -0.0946      0.014     -6.605      0.000      -0.123      -0.066
genre_Comedy                -0.0139      0.009     -1.471      0.141      -0.032       0.005
genre_Crime                 -0.1019      0.010    -10.041      0.000      -0.122      -0.082
genre_Drama                  0.0081      0.010      0.849      0.396      -0.011       0.027
genre_Family                 0.0791      0.015      5.409      0.000       0.050       0.108
genre_Fantasy                0.0104      0.013      0.822      0.411      -0.014       0.035
genre_History                0.0310      0.020      1.513      0.130      -0.009       0.071
genre_Horror                -0.0383      0.015     -2.607      0.009      -0.067      -0.009
genre_Music                  0.1048      0.019      5.451      0.000       0.067       0.142
genre_Musical                0.3318      0.043      7.643      0.000       0.247       0.417
genre_Mystery               -0.0586      0.013     -4.630      0.000      -0.083      -0.034
genre_News                1.032e-18   1.54e-17      0.067      0.947   -2.91e-17    3.12e-17
genre_Romance               -0.0178      0.010     -1.715      0.086      -0.038       0.003
genre_Sci_Fi                -0.0161      0.014     -1.183      0.237      -0.043       0.011
genre_Short              -2.243e-18   5.08e-18     -0.441      0.659   -1.22e-17    7.72e-18
genre_Sport                 -0.0412      0.021     -1.978      0.048      -0.082      -0.000
genre_Thriller              -0.0824      0.011     -7.731      0.000      -0.103      -0.061
genre_War                    0.0092      0.029      0.314      0.753      -0.048       0.067
genre_Western               -0.0426      0.052     -0.822      0.411      -0.144       0.059
==============================================================================
Omnibus:                     1701.510   Durbin-Watson:                   2.004
Prob(Omnibus):                  0.000   Jarque-Bera (JB):            14607.165
Skew:                           1.800   Prob(JB):                         0.00
Kurtosis:                      11.627   Cond. No.                     1.02e+16
==============================================================================

Notes:
[1] Standard Errors assume that the covariance matrix of the errors is correctly specified.
[2] The smallest eigenvalue is 6.4e-27. This might indicate that there are
strong multicollinearity problems or that the design matrix is singular.