                            OLS Regression Results                            
==============================================================================
Dep. Variable:              sd_pooled   R-squared:                       0.559
Model:                            OLS   Adj. R-squared:                  0.552
Method:                 Least Squares   F-statistic:                     78.33
Date:                Sun, 29 Mar 2026   Prob (F-statistic):               0.00
Time:                        16:00:51   Log-Likelihood:                 521.99
No. Observations:                4012   AIC:                            -914.0
Df Residuals:                    3947   BIC:                            -504.7
Df Model:                          64                                         
Covariance Type:            nonrobust                                         
============================================================================================
                               coef    std err          t      P>|t|      [0.025      0.975]
--------------------------------------------------------------------------------------------
const                        3.3915      0.049     69.374      0.000       3.296       3.487
FLead                        0.0440      0.008      5.464      0.000       0.028       0.060
mean_pooled                 -0.2319      0.004    -52.646      0.000      -0.241      -0.223
kim_violence_gore            0.0005      0.003      0.191      0.849      -0.005       0.006
kim_sex_nudity               0.0135      0.002      6.761      0.000       0.010       0.017
kim_language                -0.0130      0.002     -7.043      0.000      -0.017      -0.009
major                       -0.0411      0.008     -5.104      0.000      -0.057      -0.025
log_bom_opening_theaters     0.0063      0.002      3.555      0.000       0.003       0.010
genres_count                -0.0045      0.007     -0.665      0.506      -0.018       0.009
yr_1993                      0.0018      0.035      0.052      0.959      -0.066       0.070
yr_1994                      0.0022      0.035      0.062      0.950      -0.067       0.071
yr_1995                      0.0507      0.035      1.458      0.145      -0.017       0.119
yr_1996                      0.0151      0.034      0.441      0.659      -0.052       0.082
yr_1997                      0.0209      0.035      0.601      0.548      -0.047       0.089
yr_1998                      0.0629      0.034      1.874      0.061      -0.003       0.129
yr_1999                      0.0684      0.033      2.096      0.036       0.004       0.132
yr_2000                     -0.0026      0.034     -0.079      0.937      -0.069       0.063
yr_2001                      0.0677      0.033      2.048      0.041       0.003       0.133
yr_2002                      0.0238      0.033      0.730      0.465      -0.040       0.088
yr_2003                      0.0076      0.033      0.232      0.817      -0.057       0.072
yr_2004                      0.0713      0.033      2.194      0.028       0.008       0.135
yr_2005                      0.0589      0.032      1.827      0.068      -0.004       0.122
yr_2006                      0.1102      0.032      3.445      0.001       0.047       0.173
yr_2007                      0.1234      0.032      3.870      0.000       0.061       0.186
yr_2008                      0.0634      0.032      1.972      0.049       0.000       0.126
yr_2009                      0.0431      0.033      1.325      0.185      -0.021       0.107
yr_2010                      0.0385      0.032      1.186      0.236      -0.025       0.102
yr_2011                      0.0403      0.032      1.264      0.206      -0.022       0.103
yr_2012                      0.0252      0.032      0.793      0.428      -0.037       0.087
yr_2013                      0.0173      0.032      0.541      0.589      -0.045       0.080
yr_2014                      0.0462      0.032      1.430      0.153      -0.017       0.110
yr_2015                     -0.0269      0.032     -0.838      0.402      -0.090       0.036
yr_2016                     -0.0280      0.032     -0.867      0.386      -0.091       0.035
yr_2017                      0.0266      0.033      0.815      0.415      -0.037       0.091
yr_2018                      0.0222      0.033      0.678      0.498      -0.042       0.087
mo_2                         0.0075      0.020      0.384      0.701      -0.031       0.046
mo_3                        -0.0044      0.019     -0.235      0.814      -0.041       0.032
mo_4                         0.0020      0.019      0.109      0.913      -0.035       0.039
mo_5                        -0.0128      0.020     -0.647      0.518      -0.052       0.026
mo_6                        -0.0264      0.020     -1.352      0.176      -0.065       0.012
mo_7                        -0.0245      0.019     -1.295      0.195      -0.062       0.013
mo_8                        -0.0264      0.018     -1.443      0.149      -0.062       0.009
mo_9                        -0.0292      0.019     -1.572      0.116      -0.066       0.007
mo_10                       -0.0057      0.018     -0.312      0.755      -0.042       0.030
mo_11                       -0.0242      0.019     -1.287      0.198      -0.061       0.013
mo_12                       -0.0250      0.018     -1.375      0.169      -0.061       0.011
genre_Action                -0.0447      0.010     -4.265      0.000      -0.065      -0.024
genre_Adventure             -0.0046      0.011     -0.408      0.683      -0.027       0.018
genre_Animation             -0.0360      0.018     -2.000      0.046      -0.071      -0.001
genre_Biography             -0.0965      0.014     -6.777      0.000      -0.124      -0.069
genre_Comedy                -0.0192      0.009     -2.092      0.037      -0.037      -0.001
genre_Crime                 -0.0832      0.010     -8.099      0.000      -0.103      -0.063
genre_Drama                  0.0079      0.009      0.830      0.406      -0.011       0.026
genre_Family                 0.0638      0.015      4.374      0.000       0.035       0.092
genre_Fantasy                0.0059      0.013      0.468      0.640      -0.019       0.031
genre_History                0.0239      0.020      1.169      0.243      -0.016       0.064
genre_Horror                -0.0099      0.014     -0.719      0.472      -0.037       0.017
genre_Music                  0.0979      0.019      5.141      0.000       0.061       0.135
genre_Musical                0.3108      0.043      7.178      0.000       0.226       0.396
genre_Mystery               -0.0598      0.013     -4.743      0.000      -0.085      -0.035
genre_News                -7.65e-18   6.15e-18     -1.243      0.214   -1.97e-17    4.41e-18
genre_Romance               -0.0321      0.010     -3.179      0.001      -0.052      -0.012
genre_Sci_Fi                -0.0115      0.014     -0.848      0.396      -0.038       0.015
genre_Short               -6.47e-18   5.16e-18     -1.254      0.210   -1.66e-17    3.65e-18
genre_Sport                 -0.0435      0.021     -2.099      0.036      -0.084      -0.003
genre_Thriller              -0.0724      0.011     -6.771      0.000      -0.093      -0.051
genre_War                    0.0294      0.029      1.013      0.311      -0.028       0.086
genre_Western               -0.0306      0.052     -0.594      0.553      -0.132       0.070
==============================================================================
Omnibus:                     1662.962   Durbin-Watson:                   2.005
Prob(Omnibus):                  0.000   Jarque-Bera (JB):            13742.093
Skew:                           1.762   Prob(JB):                         0.00
Kurtosis:                      11.354   Cond. No.                     1.02e+16
==============================================================================

Notes:
[1] Standard Errors assume that the covariance matrix of the errors is correctly specified.
[2] The smallest eigenvalue is 6.17e-27. This might indicate that there are
strong multicollinearity problems or that the design matrix is singular.