                            OLS Regression Results                            
==============================================================================
Dep. Variable:              sd_pooled   R-squared:                       0.560
Model:                            OLS   Adj. R-squared:                  0.552
Method:                 Least Squares   F-statistic:                     78.34
Date:                Sun, 29 Mar 2026   Prob (F-statistic):               0.00
Time:                        16:00:46   Log-Likelihood:                 522.13
No. Observations:                4012   AIC:                            -914.3
Df Residuals:                    3947   BIC:                            -505.0
Df Model:                          64                                         
Covariance Type:            nonrobust                                         
============================================================================================
                               coef    std err          t      P>|t|      [0.025      0.975]
--------------------------------------------------------------------------------------------
const                        3.3890      0.049     69.315      0.000       3.293       3.485
FLead                        0.0441      0.008      5.485      0.000       0.028       0.060
mean_pooled                 -0.2319      0.004    -52.641      0.000      -0.241      -0.223
kim_violence_gore            0.0015      0.003      0.571      0.568      -0.004       0.007
kim_sex_nudity               0.0135      0.002      6.720      0.000       0.010       0.017
kim_language                -0.0130      0.002     -7.089      0.000      -0.017      -0.009
major                       -0.0412      0.008     -5.109      0.000      -0.057      -0.025
log_bom_opening_theaters     0.0063      0.002      3.542      0.000       0.003       0.010
genres_count                -0.0047      0.007     -0.701      0.484      -0.018       0.008
yr_1993                      0.0015      0.035      0.044      0.965      -0.066       0.069
yr_1994                      0.0018      0.035      0.052      0.958      -0.067       0.071
yr_1995                      0.0501      0.035      1.440      0.150      -0.018       0.118
yr_1996                      0.0147      0.034      0.431      0.666      -0.052       0.082
yr_1997                      0.0204      0.035      0.588      0.557      -0.048       0.089
yr_1998                      0.0626      0.034      1.867      0.062      -0.003       0.128
yr_1999                      0.0680      0.033      2.082      0.037       0.004       0.132
yr_2000                     -0.0033      0.034     -0.098      0.922      -0.069       0.063
yr_2001                      0.0669      0.033      2.025      0.043       0.002       0.132
yr_2002                      0.0230      0.033      0.706      0.480      -0.041       0.087
yr_2003                      0.0071      0.033      0.217      0.828      -0.057       0.071
yr_2004                      0.0704      0.033      2.165      0.030       0.007       0.134
yr_2005                      0.0579      0.032      1.794      0.073      -0.005       0.121
yr_2006                      0.1092      0.032      3.410      0.001       0.046       0.172
yr_2007                      0.1223      0.032      3.832      0.000       0.060       0.185
yr_2008                      0.0625      0.032      1.944      0.052      -0.001       0.126
yr_2009                      0.0422      0.033      1.297      0.195      -0.022       0.106
yr_2010                      0.0378      0.032      1.167      0.243      -0.026       0.101
yr_2011                      0.0396      0.032      1.240      0.215      -0.023       0.102
yr_2012                      0.0242      0.032      0.762      0.446      -0.038       0.086
yr_2013                      0.0163      0.032      0.509      0.611      -0.046       0.079
yr_2014                      0.0454      0.032      1.403      0.161      -0.018       0.109
yr_2015                     -0.0276      0.032     -0.859      0.390      -0.091       0.035
yr_2016                     -0.0291      0.032     -0.899      0.369      -0.093       0.034
yr_2017                      0.0261      0.033      0.800      0.424      -0.038       0.090
yr_2018                      0.0214      0.033      0.653      0.514      -0.043       0.086
mo_2                         0.0076      0.020      0.388      0.698      -0.031       0.046
mo_3                        -0.0045      0.019     -0.244      0.807      -0.041       0.032
mo_4                         0.0020      0.019      0.107      0.915      -0.035       0.039
mo_5                        -0.0129      0.020     -0.650      0.516      -0.052       0.026
mo_6                        -0.0264      0.020     -1.355      0.175      -0.065       0.012
mo_7                        -0.0245      0.019     -1.293      0.196      -0.062       0.013
mo_8                        -0.0264      0.018     -1.446      0.148      -0.062       0.009
mo_9                        -0.0292      0.019     -1.571      0.116      -0.066       0.007
mo_10                       -0.0060      0.018     -0.326      0.745      -0.042       0.030
mo_11                       -0.0243      0.019     -1.293      0.196      -0.061       0.013
mo_12                       -0.0253      0.018     -1.390      0.165      -0.061       0.010
genre_Action                -0.0452      0.010     -4.315      0.000      -0.066      -0.025
genre_Adventure             -0.0049      0.011     -0.433      0.665      -0.027       0.017
genre_Animation             -0.0354      0.018     -1.967      0.049      -0.071      -0.000
genre_Biography             -0.0964      0.014     -6.770      0.000      -0.124      -0.068
genre_Comedy                -0.0183      0.009     -1.995      0.046      -0.036      -0.000
genre_Crime                 -0.0837      0.010     -8.150      0.000      -0.104      -0.064
genre_Drama                  0.0081      0.009      0.851      0.395      -0.011       0.027
genre_Family                 0.0645      0.015      4.414      0.000       0.036       0.093
genre_Fantasy                0.0057      0.013      0.452      0.651      -0.019       0.031
genre_History                0.0238      0.020      1.166      0.244      -0.016       0.064
genre_Horror                -0.0106      0.014     -0.766      0.444      -0.038       0.017
genre_Music                  0.0986      0.019      5.179      0.000       0.061       0.136
genre_Musical                0.3114      0.043      7.193      0.000       0.227       0.396
genre_Mystery               -0.0601      0.013     -4.763      0.000      -0.085      -0.035
genre_News                7.199e-19   5.65e-18      0.127      0.899   -1.04e-17    1.18e-17
genre_Romance               -0.0314      0.010     -3.105      0.002      -0.051      -0.012
genre_Sci_Fi                -0.0117      0.014     -0.863      0.388      -0.038       0.015
genre_Short              -5.826e-18   3.38e-18     -1.722      0.085   -1.25e-17    8.07e-19
genre_Sport                 -0.0433      0.021     -2.087      0.037      -0.084      -0.003
genre_Thriller              -0.0725      0.011     -6.790      0.000      -0.093      -0.052
genre_War                    0.0282      0.029      0.970      0.332      -0.029       0.085
genre_Western               -0.0316      0.052     -0.612      0.540      -0.133       0.069
==============================================================================
Omnibus:                     1661.779   Durbin-Watson:                   2.005
Prob(Omnibus):                  0.000   Jarque-Bera (JB):            13714.431
Skew:                           1.761   Prob(JB):                         0.00
Kurtosis:                      11.345   Cond. No.                     1.02e+16
==============================================================================

Notes:
[1] Standard Errors assume that the covariance matrix of the errors is correctly specified.
[2] The smallest eigenvalue is 6.16e-27. This might indicate that there are
strong multicollinearity problems or that the design matrix is singular.