                            OLS Regression Results                            
==============================================================================
Dep. Variable:              sd_pooled   R-squared:                       0.564
Model:                            OLS   Adj. R-squared:                  0.555
Method:                 Least Squares   F-statistic:                     63.49
Date:                Sun, 29 Mar 2026   Prob (F-statistic):               0.00
Time:                        15:14:31   Log-Likelihood:                 420.33
No. Observations:                3210   AIC:                            -710.7
Df Residuals:                    3145   BIC:                            -315.8
Df Model:                          64                                         
Covariance Type:            nonrobust                                         
============================================================================================
                               coef    std err          t      P>|t|      [0.025      0.975]
--------------------------------------------------------------------------------------------
const                        3.4065      0.055     62.117      0.000       3.299       3.514
FLead                        0.0485      0.009      5.409      0.000       0.031       0.066
mean_pooled                 -0.2344      0.005    -47.200      0.000      -0.244      -0.225
kim_violence_gore            0.0117      0.003      4.076      0.000       0.006       0.017
kim_sex_nudity               0.0117      0.002      5.147      0.000       0.007       0.016
kim_language                -0.0130      0.002     -6.183      0.000      -0.017      -0.009
major                       -0.0476      0.009     -5.289      0.000      -0.065      -0.030
log_bom_opening_theaters     0.0057      0.002      2.868      0.004       0.002       0.010
genres_count                -0.0122      0.008     -1.620      0.105      -0.027       0.003
yr_1993                     -0.0165      0.040     -0.415      0.678      -0.094       0.061
yr_1994                     -0.0193      0.040     -0.478      0.632      -0.098       0.060
yr_1995                      0.0080      0.040      0.201      0.841      -0.070       0.086
yr_1996                     -0.0271      0.038     -0.707      0.480      -0.102       0.048
yr_1997                      0.0033      0.039      0.084      0.933      -0.074       0.081
yr_1998                      0.0377      0.038      0.991      0.322      -0.037       0.112
yr_1999                      0.0345      0.037      0.928      0.353      -0.038       0.107
yr_2000                     -0.0294      0.038     -0.768      0.443      -0.105       0.046
yr_2001                      0.0422      0.038      1.121      0.263      -0.032       0.116
yr_2002                     -0.0104      0.037     -0.282      0.778      -0.083       0.062
yr_2003                     -0.0322      0.037     -0.863      0.388      -0.105       0.041
yr_2004                      0.0393      0.037      1.061      0.289      -0.033       0.112
yr_2005                      0.0233      0.037      0.634      0.526      -0.049       0.095
yr_2006                      0.0720      0.037      1.957      0.050      -0.000       0.144
yr_2007                      0.0877      0.036      2.409      0.016       0.016       0.159
yr_2008                      0.0202      0.037      0.546      0.585      -0.052       0.093
yr_2009                      0.0136      0.038      0.362      0.718      -0.060       0.087
yr_2010                     -0.0100      0.037     -0.271      0.787      -0.083       0.063
yr_2011                      0.0129      0.037      0.353      0.724      -0.059       0.085
yr_2012                      0.0081      0.036      0.223      0.823      -0.063       0.079
yr_2013                     -0.0278      0.037     -0.757      0.449      -0.100       0.044
yr_2014                      0.0014      0.037      0.037      0.971      -0.071       0.074
yr_2015                     -0.0514      0.037     -1.389      0.165      -0.124       0.021
yr_2016                     -0.0614      0.037     -1.668      0.095      -0.134       0.011
yr_2017                     -0.0097      0.037     -0.260      0.795      -0.083       0.064
yr_2018                     -0.0102      0.038     -0.269      0.788      -0.084       0.064
mo_2                         0.0143      0.022      0.655      0.513      -0.029       0.057
mo_3                         0.0027      0.021      0.131      0.896      -0.038       0.044
mo_4                         0.0130      0.021      0.622      0.534      -0.028       0.054
mo_5                        -0.0128      0.022     -0.579      0.562      -0.056       0.031
mo_6                        -0.0298      0.022     -1.369      0.171      -0.072       0.013
mo_7                        -0.0244      0.021     -1.153      0.249      -0.066       0.017
mo_8                        -0.0310      0.021     -1.503      0.133      -0.071       0.009
mo_9                        -0.0338      0.021     -1.630      0.103      -0.074       0.007
mo_10                       -0.0096      0.020     -0.473      0.636      -0.050       0.030
mo_11                       -0.0196      0.021     -0.932      0.351      -0.061       0.022
mo_12                       -0.0209      0.020     -1.033      0.302      -0.060       0.019
genre_Action                -0.0505      0.012     -4.207      0.000      -0.074      -0.027
genre_Adventure             -0.0086      0.013     -0.675      0.500      -0.033       0.016
genre_Animation             -0.0152      0.020     -0.754      0.451      -0.055       0.024
genre_Biography             -0.0923      0.016     -5.839      0.000      -0.123      -0.061
genre_Comedy                 0.0016      0.011      0.154      0.878      -0.019       0.022
genre_Crime                 -0.0971      0.011     -8.449      0.000      -0.120      -0.075
genre_Drama                  0.0219      0.011      2.047      0.041       0.001       0.043
genre_Family                 0.0778      0.016      4.820      0.000       0.046       0.109
genre_Fantasy                0.0089      0.014      0.632      0.528      -0.019       0.037
genre_History                0.0169      0.023      0.739      0.460      -0.028       0.062
genre_Horror                -0.0321      0.016     -1.957      0.050      -0.064    6.87e-05
genre_Music                  0.1062      0.022      4.853      0.000       0.063       0.149
genre_Musical                0.3404      0.048      7.114      0.000       0.247       0.434
genre_Mystery               -0.0628      0.014     -4.493      0.000      -0.090      -0.035
genre_News                9.693e-17   3.92e-17      2.475      0.013    2.01e-17    1.74e-16
genre_Romance               -0.0280      0.011     -2.436      0.015      -0.051      -0.005
genre_Sci_Fi                -0.0088      0.015     -0.567      0.570      -0.039       0.021
genre_Short              -2.302e-17    6.4e-18     -3.596      0.000   -3.56e-17   -1.05e-17
genre_Sport                 -0.0315      0.023     -1.346      0.178      -0.077       0.014
genre_Thriller              -0.0747      0.012     -6.242      0.000      -0.098      -0.051
genre_War                   -0.0468      0.033     -1.420      0.156      -0.111       0.018
genre_Western               -0.0376      0.057     -0.657      0.511      -0.150       0.075
==============================================================================
Omnibus:                     1343.617   Durbin-Watson:                   1.967
Prob(Omnibus):                  0.000   Jarque-Bera (JB):            11418.112
Skew:                           1.767   Prob(JB):                         0.00
Kurtosis:                      11.537   Cond. No.                     1.02e+16
==============================================================================

Notes:
[1] Standard Errors assume that the covariance matrix of the errors is correctly specified.
[2] The smallest eigenvalue is 5.11e-27. This might indicate that there are
strong multicollinearity problems or that the design matrix is singular.