                            OLS Regression Results                            
==============================================================================
Dep. Variable:              sd_pooled   R-squared:                       0.557
Model:                            OLS   Adj. R-squared:                  0.549
Method:                 Least Squares   F-statistic:                     73.57
Date:                Tue, 31 Mar 2026   Prob (F-statistic):               0.00
Time:                        18:47:36   Log-Likelihood:                 485.75
No. Observations:                3812   AIC:                            -841.5
Df Residuals:                    3747   BIC:                            -435.5
Df Model:                          64                                         
Covariance Type:            nonrobust                                         
============================================================================================
                               coef    std err          t      P>|t|      [0.025      0.975]
--------------------------------------------------------------------------------------------
const                        3.3729      0.050     67.775      0.000       3.275       3.470
FLead                        0.0476      0.008      5.755      0.000       0.031       0.064
mean_pooled                 -0.2324      0.005    -50.890      0.000      -0.241      -0.223
kim_violence_gore            0.0124      0.003      4.720      0.000       0.007       0.017
kim_sex_nudity               0.0122      0.002      5.836      0.000       0.008       0.016
kim_language                -0.0159      0.002     -8.242      0.000      -0.020      -0.012
major                       -0.0407      0.008     -4.899      0.000      -0.057      -0.024
log_bom_opening_theaters     0.0057      0.002      3.117      0.002       0.002       0.009
genres_count                -0.0083      0.007     -1.175      0.240      -0.022       0.006
yr_1993                     -0.0075      0.035     -0.214      0.831      -0.077       0.062
yr_1994                     -0.0031      0.036     -0.086      0.931      -0.074       0.067
yr_1995                      0.0452      0.036      1.268      0.205      -0.025       0.115
yr_1996                      0.0073      0.035      0.211      0.833      -0.061       0.075
yr_1997                      0.0101      0.035      0.286      0.775      -0.059       0.080
yr_1998                      0.0578      0.034      1.697      0.090      -0.009       0.125
yr_1999                      0.0669      0.033      2.007      0.045       0.002       0.132
yr_2000                     -0.0080      0.034     -0.233      0.816      -0.075       0.059
yr_2001                      0.0495      0.034      1.467      0.142      -0.017       0.116
yr_2002                      0.0176      0.033      0.534      0.593      -0.047       0.082
yr_2003                     -0.0121      0.033     -0.361      0.718      -0.078       0.054
yr_2004                      0.0605      0.033      1.832      0.067      -0.004       0.125
yr_2005                      0.0456      0.033      1.388      0.165      -0.019       0.110
yr_2006                      0.0921      0.033      2.825      0.005       0.028       0.156
yr_2007                      0.1007      0.033      3.097      0.002       0.037       0.164
yr_2008                      0.0484      0.033      1.476      0.140      -0.016       0.113
yr_2009                      0.0239      0.033      0.721      0.471      -0.041       0.089
yr_2010                      0.0294      0.033      0.888      0.374      -0.036       0.094
yr_2011                      0.0264      0.032      0.816      0.415      -0.037       0.090
yr_2012                      0.0159      0.032      0.494      0.621      -0.047       0.079
yr_2013                      0.0030      0.033      0.092      0.927      -0.061       0.067
yr_2014                      0.0427      0.033      1.295      0.195      -0.022       0.107
yr_2015                     -0.0248      0.033     -0.759      0.448      -0.089       0.039
yr_2016                     -0.0299      0.033     -0.904      0.366      -0.095       0.035
yr_2017                      0.0195      0.033      0.588      0.557      -0.046       0.085
yr_2018                      0.0167      0.033      0.500      0.617      -0.049       0.082
mo_2                         0.0039      0.020      0.192      0.847      -0.035       0.043
mo_3                        -0.0034      0.019     -0.176      0.861      -0.041       0.034
mo_4                        -0.0018      0.019     -0.091      0.927      -0.040       0.036
mo_5                        -0.0186      0.020     -0.909      0.364      -0.059       0.022
mo_6                        -0.0295      0.020     -1.462      0.144      -0.069       0.010
mo_7                        -0.0282      0.020     -1.445      0.149      -0.067       0.010
mo_8                        -0.0244      0.019     -1.293      0.196      -0.061       0.013
mo_9                        -0.0289      0.019     -1.504      0.133      -0.067       0.009
mo_10                       -0.0088      0.019     -0.464      0.643      -0.046       0.028
mo_11                       -0.0257      0.019     -1.323      0.186      -0.064       0.012
mo_12                       -0.0282      0.019     -1.506      0.132      -0.065       0.009
genre_Action                -0.0543      0.011     -4.923      0.000      -0.076      -0.033
genre_Adventure             -0.0065      0.012     -0.558      0.577      -0.029       0.016
genre_Animation             -0.0262      0.019     -1.406      0.160      -0.063       0.010
genre_Biography             -0.0950      0.015     -6.390      0.000      -0.124      -0.066
genre_Comedy                -0.0018      0.010     -0.177      0.860      -0.021       0.018
genre_Crime                 -0.0900      0.011     -8.391      0.000      -0.111      -0.069
genre_Drama                  0.0136      0.010      1.365      0.172      -0.006       0.033
genre_Family                 0.0754      0.015      5.005      0.000       0.046       0.105
genre_Fantasy                0.0043      0.013      0.327      0.744      -0.021       0.030
genre_History                0.0180      0.021      0.852      0.394      -0.023       0.060
genre_Horror                -0.0353      0.015     -2.344      0.019      -0.065      -0.006
genre_Music                  0.1182      0.020      5.915      0.000       0.079       0.157
genre_Musical                0.3219      0.048      6.737      0.000       0.228       0.416
genre_Mystery               -0.0573      0.013     -4.375      0.000      -0.083      -0.032
genre_News               -1.237e-17   6.28e-18     -1.970      0.049   -2.47e-17   -6.05e-20
genre_Romance               -0.0214      0.011     -2.010      0.045      -0.042      -0.001
genre_Sci_Fi                -0.0137      0.014     -0.969      0.332      -0.041       0.014
genre_Short               2.291e-18   1.41e-18      1.620      0.105   -4.82e-19    5.06e-18
genre_Sport                 -0.0385      0.021     -1.808      0.071      -0.080       0.003
genre_Thriller              -0.0739      0.011     -6.674      0.000      -0.096      -0.052
genre_War                    0.0091      0.029      0.310      0.757      -0.049       0.067
genre_Western               -0.0550      0.057     -0.958      0.338      -0.168       0.058
==============================================================================
Omnibus:                     1575.970   Durbin-Watson:                   2.012
Prob(Omnibus):                  0.000   Jarque-Bera (JB):            12852.614
Skew:                           1.760   Prob(JB):                         0.00
Kurtosis:                      11.278   Cond. No.                     1.02e+16
==============================================================================

Notes:
[1] Standard Errors assume that the covariance matrix of the errors is correctly specified.
[2] The smallest eigenvalue is 6.06e-27. This might indicate that there are
strong multicollinearity problems or that the design matrix is singular.