                            OLS Regression Results                            
==============================================================================
Dep. Variable:              sd_pooled   R-squared:                       0.562
Model:                            OLS   Adj. R-squared:                  0.554
Method:                 Least Squares   F-statistic:                     78.99
Date:                Tue, 31 Mar 2026   Prob (F-statistic):               0.00
Time:                        20:47:01   Log-Likelihood:                 531.36
No. Observations:                4012   AIC:                            -932.7
Df Residuals:                    3947   BIC:                            -523.4
Df Model:                          64                                         
Covariance Type:            nonrobust                                         
============================================================================================
                               coef    std err          t      P>|t|      [0.025      0.975]
--------------------------------------------------------------------------------------------
const                        3.3804      0.048     69.828      0.000       3.285       3.475
FLead                        0.0465      0.008      5.781      0.000       0.031       0.062
mean_pooled                 -0.2333      0.004    -52.941      0.000      -0.242      -0.225
kim_violence_gore            0.0109      0.003      4.303      0.000       0.006       0.016
kim_sex_nudity               0.0117      0.002      5.787      0.000       0.008       0.016
kim_language                -0.0148      0.002     -7.880      0.000      -0.018      -0.011
major                       -0.0398      0.008     -4.949      0.000      -0.056      -0.024
log_bom_opening_theaters     0.0056      0.002      3.185      0.001       0.002       0.009
genres_count                -0.0090      0.007     -1.326      0.185      -0.022       0.004
yr_1993                     -0.0051      0.034     -0.147      0.883      -0.073       0.062
yr_1994                     -0.0023      0.035     -0.066      0.947      -0.071       0.067
yr_1995                      0.0451      0.035      1.301      0.193      -0.023       0.113
yr_1996                      0.0100      0.034      0.292      0.770      -0.057       0.077
yr_1997                      0.0142      0.035      0.410      0.681      -0.054       0.082
yr_1998                      0.0600      0.033      1.793      0.073      -0.006       0.126
yr_1999                      0.0614      0.033      1.883      0.060      -0.003       0.125
yr_2000                     -0.0079      0.034     -0.237      0.813      -0.074       0.058
yr_2001                      0.0579      0.033      1.754      0.080      -0.007       0.123
yr_2002                      0.0171      0.032      0.527      0.598      -0.047       0.081
yr_2003                      0.0013      0.033      0.041      0.967      -0.063       0.065
yr_2004                      0.0626      0.032      1.929      0.054      -0.001       0.126
yr_2005                      0.0490      0.032      1.522      0.128      -0.014       0.112
yr_2006                      0.0982      0.032      3.072      0.002       0.036       0.161
yr_2007                      0.1126      0.032      3.536      0.000       0.050       0.175
yr_2008                      0.0536      0.032      1.671      0.095      -0.009       0.116
yr_2009                      0.0335      0.032      1.032      0.302      -0.030       0.097
yr_2010                      0.0284      0.032      0.877      0.380      -0.035       0.092
yr_2011                      0.0310      0.032      0.973      0.331      -0.031       0.093
yr_2012                      0.0161      0.032      0.508      0.612      -0.046       0.078
yr_2013                      0.0087      0.032      0.272      0.786      -0.054       0.071
yr_2014                      0.0400      0.032      1.241      0.215      -0.023       0.103
yr_2015                     -0.0308      0.032     -0.964      0.335      -0.094       0.032
yr_2016                     -0.0347      0.032     -1.077      0.281      -0.098       0.028
yr_2017                      0.0217      0.033      0.666      0.506      -0.042       0.085
yr_2018                      0.0161      0.033      0.492      0.623      -0.048       0.080
mo_2                         0.0074      0.019      0.382      0.702      -0.031       0.046
mo_3                        -0.0043      0.019     -0.230      0.818      -0.041       0.032
mo_4                         0.0008      0.019      0.045      0.964      -0.036       0.038
mo_5                        -0.0124      0.020     -0.627      0.531      -0.051       0.026
mo_6                        -0.0255      0.019     -1.312      0.190      -0.064       0.013
mo_7                        -0.0231      0.019     -1.224      0.221      -0.060       0.014
mo_8                        -0.0250      0.018     -1.368      0.171      -0.061       0.011
mo_9                        -0.0277      0.019     -1.495      0.135      -0.064       0.009
mo_10                       -0.0067      0.018     -0.366      0.714      -0.042       0.029
mo_11                       -0.0241      0.019     -1.286      0.199      -0.061       0.013
mo_12                       -0.0262      0.018     -1.444      0.149      -0.062       0.009
genre_Action                -0.0540      0.011     -5.095      0.000      -0.075      -0.033
genre_Adventure             -0.0060      0.011     -0.536      0.592      -0.028       0.016
genre_Animation             -0.0291      0.018     -1.618      0.106      -0.064       0.006
genre_Biography             -0.0928      0.014     -6.519      0.000      -0.121      -0.065
genre_Comedy                -0.0051      0.009     -0.535      0.593      -0.024       0.014
genre_Crime                 -0.0883      0.010     -8.614      0.000      -0.108      -0.068
genre_Drama                  0.0130      0.010      1.367      0.172      -0.006       0.032
genre_Family                 0.0703      0.015      4.827      0.000       0.042       0.099
genre_Fantasy                0.0041      0.013      0.324      0.746      -0.021       0.029
genre_History                0.0188      0.020      0.921      0.357      -0.021       0.059
genre_Horror                -0.0306      0.015     -2.108      0.035      -0.059      -0.002
genre_Music                  0.1100      0.019      5.752      0.000       0.072       0.147
genre_Musical                0.3175      0.043      7.349      0.000       0.233       0.402
genre_Mystery               -0.0590      0.013     -4.689      0.000      -0.084      -0.034
genre_News                5.772e-18   3.85e-18      1.501      0.133   -1.77e-18    1.33e-17
genre_Romance               -0.0203      0.010     -1.972      0.049      -0.040      -0.000
genre_Sci_Fi                -0.0123      0.014     -0.908      0.364      -0.039       0.014
genre_Short              -3.619e-18   3.16e-18     -1.143      0.253   -9.82e-18    2.59e-18
genre_Sport                 -0.0383      0.021     -1.849      0.064      -0.079       0.002
genre_Thriller              -0.0741      0.011     -6.958      0.000      -0.095      -0.053
genre_War                    0.0132      0.029      0.453      0.651      -0.044       0.070
genre_Western               -0.0460      0.051     -0.894      0.372      -0.147       0.055
==============================================================================
Omnibus:                     1649.152   Durbin-Watson:                   2.006
Prob(Omnibus):                  0.000   Jarque-Bera (JB):            13366.912
Skew:                           1.751   Prob(JB):                         0.00
Kurtosis:                      11.228   Cond. No.                     1.02e+16
==============================================================================

Notes:
[1] Standard Errors assume that the covariance matrix of the errors is correctly specified.
[2] The smallest eigenvalue is 6.38e-27. This might indicate that there are
strong multicollinearity problems or that the design matrix is singular.