                            OLS Regression Results                            
==============================================================================
Dep. Variable:              sd_pooled   R-squared:                       0.563
Model:                            OLS   Adj. R-squared:                  0.556
Method:                 Least Squares   F-statistic:                     78.55
Date:                Tue, 31 Mar 2026   Prob (F-statistic):               0.00
Time:                        11:01:34   Log-Likelihood:                 536.74
No. Observations:                3972   AIC:                            -943.5
Df Residuals:                    3907   BIC:                            -534.8
Df Model:                          64                                         
Covariance Type:            nonrobust                                         
============================================================================================
                               coef    std err          t      P>|t|      [0.025      0.975]
--------------------------------------------------------------------------------------------
const                        3.3784      0.048     69.726      0.000       3.283       3.473
FLead                        0.0468      0.008      5.800      0.000       0.031       0.063
mean_pooled                 -0.2334      0.004    -52.877      0.000      -0.242      -0.225
kim_violence_gore            0.0126      0.003      4.935      0.000       0.008       0.018
kim_sex_nudity               0.0115      0.002      5.659      0.000       0.008       0.015
kim_language                -0.0150      0.002     -8.007      0.000      -0.019      -0.011
major                       -0.0379      0.008     -4.700      0.000      -0.054      -0.022
log_bom_opening_theaters     0.0054      0.002      3.026      0.002       0.002       0.009
genres_count                -0.0102      0.007     -1.508      0.132      -0.024       0.003
yr_1993                     -0.0039      0.034     -0.113      0.910      -0.071       0.064
yr_1994                     -0.0035      0.035     -0.100      0.921      -0.072       0.065
yr_1995                      0.0432      0.035      1.247      0.213      -0.025       0.111
yr_1996                      0.0078      0.034      0.230      0.818      -0.059       0.075
yr_1997                      0.0106      0.035      0.305      0.760      -0.057       0.079
yr_1998                      0.0585      0.033      1.750      0.080      -0.007       0.124
yr_1999                      0.0620      0.033      1.902      0.057      -0.002       0.126
yr_2000                     -0.0103      0.034     -0.307      0.759      -0.076       0.055
yr_2001                      0.0562      0.033      1.702      0.089      -0.009       0.121
yr_2002                      0.0167      0.032      0.513      0.608      -0.047       0.080
yr_2003                     -0.0014      0.033     -0.042      0.967      -0.065       0.063
yr_2004                      0.0609      0.032      1.879      0.060      -0.003       0.124
yr_2005                      0.0485      0.032      1.508      0.132      -0.015       0.112
yr_2006                      0.0977      0.032      3.060      0.002       0.035       0.160
yr_2007                      0.1038      0.032      3.261      0.001       0.041       0.166
yr_2008                      0.0515      0.032      1.608      0.108      -0.011       0.114
yr_2009                      0.0317      0.032      0.978      0.328      -0.032       0.095
yr_2010                      0.0235      0.032      0.723      0.470      -0.040       0.087
yr_2011                      0.0294      0.032      0.925      0.355      -0.033       0.092
yr_2012                      0.0161      0.032      0.509      0.611      -0.046       0.078
yr_2013                      0.0074      0.032      0.232      0.817      -0.055       0.070
yr_2014                      0.0351      0.032      1.091      0.275      -0.028       0.098
yr_2015                     -0.0315      0.032     -0.986      0.324      -0.094       0.031
yr_2016                     -0.0352      0.032     -1.092      0.275      -0.098       0.028
yr_2017                      0.0223      0.033      0.686      0.493      -0.041       0.086
yr_2018                      0.0129      0.033      0.395      0.693      -0.051       0.077
mo_2                         0.0092      0.020      0.470      0.638      -0.029       0.048
mo_3                        -0.0028      0.019     -0.150      0.880      -0.039       0.034
mo_4                         0.0020      0.019      0.105      0.916      -0.035       0.039
mo_5                        -0.0149      0.020     -0.753      0.452      -0.054       0.024
mo_6                        -0.0240      0.020     -1.227      0.220      -0.062       0.014
mo_7                        -0.0203      0.019     -1.068      0.285      -0.058       0.017
mo_8                        -0.0240      0.018     -1.308      0.191      -0.060       0.012
mo_9                        -0.0268      0.019     -1.437      0.151      -0.063       0.010
mo_10                       -0.0095      0.018     -0.515      0.606      -0.045       0.027
mo_11                       -0.0222      0.019     -1.177      0.239      -0.059       0.015
mo_12                       -0.0262      0.018     -1.438      0.151      -0.062       0.010
genre_Action                -0.0550      0.011     -5.174      0.000      -0.076      -0.034
genre_Adventure             -0.0048      0.011     -0.426      0.670      -0.027       0.017
genre_Animation             -0.0312      0.018     -1.728      0.084      -0.067       0.004
genre_Biography             -0.0916      0.014     -6.429      0.000      -0.120      -0.064
genre_Comedy                -0.0028      0.010     -0.292      0.770      -0.022       0.016
genre_Crime                 -0.0884      0.010     -8.612      0.000      -0.109      -0.068
genre_Drama                  0.0136      0.010      1.423      0.155      -0.005       0.032
genre_Family                 0.0700      0.015      4.795      0.000       0.041       0.099
genre_Fantasy                0.0045      0.013      0.354      0.723      -0.020       0.029
genre_History                0.0184      0.020      0.905      0.365      -0.021       0.058
genre_Horror                -0.0323      0.015     -2.198      0.028      -0.061      -0.003
genre_Music                  0.1130      0.019      5.921      0.000       0.076       0.150
genre_Musical                0.3189      0.043      7.400      0.000       0.234       0.403
genre_Mystery               -0.0593      0.013     -4.703      0.000      -0.084      -0.035
genre_News                2.164e-19   2.29e-18      0.095      0.925   -4.27e-18     4.7e-18
genre_Romance               -0.0174      0.010     -1.688      0.092      -0.038       0.003
genre_Sci_Fi                -0.0145      0.014     -1.068      0.286      -0.041       0.012
genre_Short               -4.44e-18   2.68e-18     -1.659      0.097   -9.68e-18    8.06e-19
genre_Sport                 -0.0390      0.021     -1.878      0.060      -0.080       0.002
genre_Thriller              -0.0740      0.011     -6.935      0.000      -0.095      -0.053
genre_War                    0.0094      0.029      0.325      0.745      -0.048       0.066
genre_Western               -0.0477      0.051     -0.929      0.353      -0.148       0.053
==============================================================================
Omnibus:                     1626.018   Durbin-Watson:                   2.013
Prob(Omnibus):                  0.000   Jarque-Bera (JB):            13205.701
Skew:                           1.741   Prob(JB):                         0.00
Kurtosis:                      11.226   Cond. No.                     1.02e+16
==============================================================================

Notes:
[1] Standard Errors assume that the covariance matrix of the errors is correctly specified.
[2] The smallest eigenvalue is 6.32e-27. This might indicate that there are
strong multicollinearity problems or that the design matrix is singular.