                            OLS Regression Results                            
==============================================================================
Dep. Variable:              sd_pooled   R-squared:                       0.562
Model:                            OLS   Adj. R-squared:                  0.555
Method:                 Least Squares   F-statistic:                     79.05
Date:                Sun, 29 Mar 2026   Prob (F-statistic):               0.00
Time:                        15:52:16   Log-Likelihood:                 532.21
No. Observations:                4012   AIC:                            -934.4
Df Residuals:                    3947   BIC:                            -525.1
Df Model:                          64                                         
Covariance Type:            nonrobust                                         
============================================================================================
                               coef    std err          t      P>|t|      [0.025      0.975]
--------------------------------------------------------------------------------------------
const                        3.3801      0.048     69.842      0.000       3.285       3.475
FLead                        0.0473      0.008      5.884      0.000       0.032       0.063
mean_pooled                 -0.2336      0.004    -53.020      0.000      -0.242      -0.225
kim_violence_gore            0.0120      0.003      4.725      0.000       0.007       0.017
kim_sex_nudity               0.0114      0.002      5.611      0.000       0.007       0.015
kim_language                -0.0147      0.002     -7.819      0.000      -0.018      -0.011
major                       -0.0392      0.008     -4.874      0.000      -0.055      -0.023
log_bom_opening_theaters     0.0055      0.002      3.128      0.002       0.002       0.009
genres_count                -0.0095      0.007     -1.397      0.162      -0.023       0.004
yr_1993                     -0.0061      0.034     -0.178      0.859      -0.074       0.061
yr_1994                     -0.0031      0.035     -0.087      0.930      -0.072       0.066
yr_1995                      0.0434      0.035      1.251      0.211      -0.025       0.111
yr_1996                      0.0083      0.034      0.244      0.808      -0.058       0.075
yr_1997                      0.0127      0.035      0.365      0.715      -0.055       0.081
yr_1998                      0.0588      0.033      1.758      0.079      -0.007       0.124
yr_1999                      0.0588      0.033      1.804      0.071      -0.005       0.123
yr_2000                     -0.0099      0.034     -0.296      0.768      -0.076       0.056
yr_2001                      0.0559      0.033      1.693      0.091      -0.009       0.121
yr_2002                      0.0155      0.032      0.479      0.632      -0.048       0.079
yr_2003                     -0.0014      0.033     -0.042      0.966      -0.065       0.063
yr_2004                      0.0604      0.032      1.862      0.063      -0.003       0.124
yr_2005                      0.0475      0.032      1.476      0.140      -0.016       0.111
yr_2006                      0.0967      0.032      3.025      0.003       0.034       0.159
yr_2007                      0.1102      0.032      3.460      0.001       0.048       0.173
yr_2008                      0.0518      0.032      1.615      0.106      -0.011       0.115
yr_2009                      0.0315      0.032      0.969      0.333      -0.032       0.095
yr_2010                      0.0263      0.032      0.811      0.417      -0.037       0.090
yr_2011                      0.0295      0.032      0.928      0.353      -0.033       0.092
yr_2012                      0.0139      0.032      0.440      0.660      -0.048       0.076
yr_2013                      0.0062      0.032      0.194      0.846      -0.056       0.069
yr_2014                      0.0389      0.032      1.208      0.227      -0.024       0.102
yr_2015                     -0.0330      0.032     -1.033      0.302      -0.096       0.030
yr_2016                     -0.0363      0.032     -1.125      0.261      -0.099       0.027
yr_2017                      0.0200      0.033      0.614      0.539      -0.044       0.084
yr_2018                      0.0139      0.033      0.425      0.671      -0.050       0.078
mo_2                         0.0078      0.019      0.403      0.687      -0.030       0.046
mo_3                        -0.0041      0.019     -0.224      0.823      -0.040       0.032
mo_4                         0.0004      0.019      0.021      0.983      -0.036       0.037
mo_5                        -0.0123      0.020     -0.624      0.533      -0.051       0.026
mo_6                        -0.0255      0.019     -1.310      0.190      -0.064       0.013
mo_7                        -0.0234      0.019     -1.237      0.216      -0.060       0.014
mo_8                        -0.0252      0.018     -1.380      0.168      -0.061       0.011
mo_9                        -0.0276      0.019     -1.487      0.137      -0.064       0.009
mo_10                       -0.0075      0.018     -0.409      0.683      -0.043       0.028
mo_11                       -0.0244      0.019     -1.301      0.193      -0.061       0.012
mo_12                       -0.0263      0.018     -1.452      0.146      -0.062       0.009
genre_Action                -0.0553      0.011     -5.208      0.000      -0.076      -0.034
genre_Adventure             -0.0058      0.011     -0.514      0.607      -0.028       0.016
genre_Animation             -0.0276      0.018     -1.536      0.125      -0.063       0.008
genre_Biography             -0.0920      0.014     -6.462      0.000      -0.120      -0.064
genre_Comedy                -0.0035      0.010     -0.363      0.717      -0.022       0.015
genre_Crime                 -0.0902      0.010     -8.825      0.000      -0.110      -0.070
genre_Drama                  0.0137      0.010      1.442      0.150      -0.005       0.032
genre_Family                 0.0713      0.015      4.893      0.000       0.043       0.100
genre_Fantasy                0.0045      0.013      0.353      0.724      -0.020       0.029
genre_History                0.0186      0.020      0.911      0.363      -0.021       0.059
genre_Horror                -0.0339      0.015     -2.322      0.020      -0.063      -0.005
genre_Music                  0.1112      0.019      5.818      0.000       0.074       0.149
genre_Musical                0.3190      0.043      7.385      0.000       0.234       0.404
genre_Mystery               -0.0593      0.013     -4.714      0.000      -0.084      -0.035
genre_News                4.865e-19   6.06e-18      0.080      0.936   -1.14e-17    1.24e-17
genre_Romance               -0.0189      0.010     -1.833      0.067      -0.039       0.001
genre_Sci_Fi                -0.0128      0.014     -0.943      0.346      -0.039       0.014
genre_Short               2.579e-18   3.14e-18      0.821      0.412   -3.58e-18    8.74e-18
genre_Sport                 -0.0375      0.021     -1.812      0.070      -0.078       0.003
genre_Thriller              -0.0744      0.011     -6.982      0.000      -0.095      -0.053
genre_War                    0.0105      0.029      0.362      0.718      -0.047       0.068
genre_Western               -0.0472      0.051     -0.917      0.359      -0.148       0.054
==============================================================================
Omnibus:                     1649.269   Durbin-Watson:                   2.006
Prob(Omnibus):                  0.000   Jarque-Bera (JB):            13372.724
Skew:                           1.751   Prob(JB):                         0.00
Kurtosis:                      11.230   Cond. No.                     1.02e+16
==============================================================================

Notes:
[1] Standard Errors assume that the covariance matrix of the errors is correctly specified.
[2] The smallest eigenvalue is 6.38e-27. This might indicate that there are
strong multicollinearity problems or that the design matrix is singular.