                            OLS Regression Results                            
==============================================================================
Dep. Variable:              sd_pooled   R-squared:                       0.561
Model:                            OLS   Adj. R-squared:                  0.554
Method:                 Least Squares   F-statistic:                     78.09
Date:                Sun, 29 Mar 2026   Prob (F-statistic):               0.00
Time:                        15:51:57   Log-Likelihood:                 524.57
No. Observations:                3972   AIC:                            -919.1
Df Residuals:                    3907   BIC:                            -510.5
Df Model:                          64                                         
Covariance Type:            nonrobust                                         
============================================================================================
                               coef    std err          t      P>|t|      [0.025      0.975]
--------------------------------------------------------------------------------------------
const                        3.3866      0.049     69.535      0.000       3.291       3.482
FLead                        0.0475      0.008      5.875      0.000       0.032       0.063
mean_pooled                 -0.2345      0.004    -52.754      0.000      -0.243      -0.226
kim_violence_gore            0.0123      0.003      4.787      0.000       0.007       0.017
kim_sex_nudity               0.0115      0.002      5.606      0.000       0.007       0.016
kim_language                -0.0151      0.002     -8.038      0.000      -0.019      -0.011
major                       -0.0390      0.008     -4.823      0.000      -0.055      -0.023
log_bom_opening_theaters     0.0054      0.002      3.048      0.002       0.002       0.009
genres_count                -0.0102      0.007     -1.498      0.134      -0.024       0.003
yr_1993                     -0.0056      0.035     -0.163      0.871      -0.073       0.062
yr_1994                     -0.0038      0.035     -0.106      0.915      -0.073       0.065
yr_1995                      0.0433      0.035      1.246      0.213      -0.025       0.111
yr_1996                      0.0100      0.034      0.294      0.769      -0.057       0.077
yr_1997                      0.0128      0.035      0.369      0.712      -0.055       0.081
yr_1998                      0.0596      0.034      1.778      0.075      -0.006       0.125
yr_1999                      0.0598      0.033      1.832      0.067      -0.004       0.124
yr_2000                     -0.0050      0.034     -0.149      0.882      -0.071       0.061
yr_2001                      0.0541      0.033      1.635      0.102      -0.011       0.119
yr_2002                      0.0131      0.033      0.402      0.688      -0.051       0.077
yr_2003                      0.0016      0.033      0.048      0.962      -0.063       0.066
yr_2004                      0.0627      0.033      1.928      0.054      -0.001       0.126
yr_2005                      0.0478      0.032      1.482      0.138      -0.015       0.111
yr_2006                      0.0944      0.032      2.947      0.003       0.032       0.157
yr_2007                      0.1098      0.032      3.440      0.001       0.047       0.172
yr_2008                      0.0540      0.032      1.682      0.093      -0.009       0.117
yr_2009                      0.0295      0.033      0.906      0.365      -0.034       0.093
yr_2010                      0.0268      0.032      0.827      0.408      -0.037       0.090
yr_2011                      0.0266      0.032      0.835      0.404      -0.036       0.089
yr_2012                      0.0165      0.032      0.519      0.604      -0.046       0.079
yr_2013                      0.0052      0.032      0.162      0.871      -0.057       0.068
yr_2014                      0.0417      0.032      1.291      0.197      -0.022       0.105
yr_2015                     -0.0316      0.032     -0.986      0.324      -0.094       0.031
yr_2016                     -0.0358      0.032     -1.108      0.268      -0.099       0.027
yr_2017                      0.0252      0.033      0.773      0.440      -0.039       0.089
yr_2018                      0.0152      0.033      0.464      0.643      -0.049       0.079
mo_2                         0.0107      0.020      0.547      0.585      -0.028       0.049
mo_3                        -0.0028      0.019     -0.151      0.880      -0.039       0.034
mo_4                         0.0015      0.019      0.082      0.935      -0.035       0.038
mo_5                        -0.0103      0.020     -0.519      0.604      -0.049       0.029
mo_6                        -0.0231      0.020     -1.180      0.238      -0.061       0.015
mo_7                        -0.0199      0.019     -1.043      0.297      -0.057       0.017
mo_8                        -0.0231      0.018     -1.260      0.208      -0.059       0.013
mo_9                        -0.0268      0.019     -1.434      0.152      -0.063       0.010
mo_10                       -0.0082      0.018     -0.449      0.654      -0.044       0.028
mo_11                       -0.0216      0.019     -1.143      0.253      -0.059       0.015
mo_12                       -0.0248      0.018     -1.359      0.174      -0.061       0.011
genre_Action                -0.0558      0.011     -5.234      0.000      -0.077      -0.035
genre_Adventure             -0.0055      0.011     -0.490      0.624      -0.028       0.017
genre_Animation             -0.0282      0.018     -1.566      0.117      -0.063       0.007
genre_Biography             -0.0924      0.014     -6.457      0.000      -0.120      -0.064
genre_Comedy                -0.0035      0.010     -0.370      0.712      -0.022       0.015
genre_Crime                 -0.0877      0.010     -8.514      0.000      -0.108      -0.067
genre_Drama                  0.0140      0.010      1.457      0.145      -0.005       0.033
genre_Family                 0.0710      0.015      4.860      0.000       0.042       0.100
genre_Fantasy                0.0018      0.013      0.141      0.888      -0.023       0.027
genre_History                0.0197      0.020      0.963      0.336      -0.020       0.060
genre_Horror                -0.0344      0.015     -2.344      0.019      -0.063      -0.006
genre_Music                  0.1100      0.019      5.723      0.000       0.072       0.148
genre_Musical                0.3178      0.043      7.352      0.000       0.233       0.403
genre_Mystery               -0.0591      0.013     -4.671      0.000      -0.084      -0.034
genre_News                -9.12e-19   6.68e-18     -0.136      0.891    -1.4e-17    1.22e-17
genre_Romance               -0.0175      0.010     -1.683      0.092      -0.038       0.003
genre_Sci_Fi                -0.0125      0.014     -0.916      0.360      -0.039       0.014
genre_Short              -1.021e-17      4e-18     -2.553      0.011    -1.8e-17   -2.37e-18
genre_Sport                 -0.0365      0.021     -1.752      0.080      -0.077       0.004
genre_Thriller              -0.0736      0.011     -6.886      0.000      -0.095      -0.053
genre_War                    0.0103      0.029      0.353      0.724      -0.047       0.068
genre_Western               -0.0481      0.052     -0.934      0.350      -0.149       0.053
==============================================================================
Omnibus:                     1632.460   Durbin-Watson:                   2.008
Prob(Omnibus):                  0.000   Jarque-Bera (JB):            13198.906
Skew:                           1.751   Prob(JB):                         0.00
Kurtosis:                      11.215   Cond. No.                     1.02e+16
==============================================================================

Notes:
[1] Standard Errors assume that the covariance matrix of the errors is correctly specified.
[2] The smallest eigenvalue is 6.31e-27. This might indicate that there are
strong multicollinearity problems or that the design matrix is singular.