                            OLS Regression Results                            
==============================================================================
Dep. Variable:              sd_pooled   R-squared:                       0.574
Model:                            OLS   Adj. R-squared:                  0.562
Method:                 Least Squares   F-statistic:                     49.27
Date:                Tue, 31 Mar 2026   Prob (F-statistic):               0.00
Time:                        16:34:34   Log-Likelihood:                 432.47
No. Observations:                2408   AIC:                            -734.9
Df Residuals:                    2343   BIC:                            -358.8
Df Model:                          64                                         
Covariance Type:            nonrobust                                         
============================================================================================
                               coef    std err          t      P>|t|      [0.025      0.975]
--------------------------------------------------------------------------------------------
const                        3.3302      0.059     56.196      0.000       3.214       3.446
FLead                        0.0551      0.010      5.444      0.000       0.035       0.075
mean_pooled                 -0.2284      0.005    -42.096      0.000      -0.239      -0.218
kim_violence_gore            0.0103      0.003      3.253      0.001       0.004       0.017
kim_sex_nudity               0.0116      0.003      4.544      0.000       0.007       0.017
kim_language                -0.0116      0.002     -4.967      0.000      -0.016      -0.007
major                       -0.0316      0.010     -3.138      0.002      -0.051      -0.012
log_bom_opening_theaters     0.0027      0.002      1.220      0.223      -0.002       0.007
genres_count                -0.0065      0.009     -0.753      0.452      -0.024       0.011
yr_1993                      0.0005      0.043      0.011      0.991      -0.084       0.085
yr_1994                     -0.0174      0.043     -0.401      0.689      -0.102       0.068
yr_1995                      0.0327      0.043      0.754      0.451      -0.052       0.118
yr_1996                      0.0214      0.041      0.516      0.606      -0.060       0.103
yr_1997                     -0.0148      0.043     -0.344      0.731      -0.099       0.070
yr_1998                      0.0626      0.043      1.450      0.147      -0.022       0.147
yr_1999                      0.0621      0.041      1.524      0.128      -0.018       0.142
yr_2000                     -0.0446      0.041     -1.078      0.281      -0.126       0.037
yr_2001                      0.0591      0.042      1.418      0.156      -0.023       0.141
yr_2002                      0.0087      0.040      0.217      0.828      -0.070       0.087
yr_2003                     -0.0179      0.041     -0.441      0.659      -0.097       0.062
yr_2004                      0.0931      0.041      2.294      0.022       0.014       0.173
yr_2005                      0.0448      0.040      1.112      0.266      -0.034       0.124
yr_2006                      0.0933      0.039      2.368      0.018       0.016       0.171
yr_2007                      0.1026      0.040      2.578      0.010       0.025       0.181
yr_2008                      0.0593      0.040      1.485      0.138      -0.019       0.138
yr_2009                      0.0228      0.040      0.564      0.573      -0.057       0.102
yr_2010                      0.0323      0.040      0.803      0.422      -0.047       0.111
yr_2011                      0.0285      0.039      0.723      0.470      -0.049       0.106
yr_2012                     -0.0002      0.040     -0.005      0.996      -0.078       0.078
yr_2013                     -0.0188      0.040     -0.475      0.635      -0.097       0.059
yr_2014                      0.0264      0.041      0.644      0.520      -0.054       0.107
yr_2015                     -0.0518      0.040     -1.297      0.195      -0.130       0.026
yr_2016                     -0.0491      0.040     -1.218      0.223      -0.128       0.030
yr_2017                     -0.0043      0.040     -0.108      0.914      -0.083       0.074
yr_2018                      0.0178      0.040      0.441      0.660      -0.061       0.097
mo_2                        -0.0044      0.025     -0.180      0.857      -0.053       0.044
mo_3                        -0.0010      0.023     -0.043      0.965      -0.047       0.045
mo_4                         0.0076      0.023      0.326      0.745      -0.038       0.053
mo_5                         0.0029      0.025      0.115      0.908      -0.046       0.052
mo_6                         0.0054      0.025      0.218      0.827      -0.043       0.053
mo_7                        -0.0027      0.024     -0.114      0.909      -0.049       0.044
mo_8                        -0.0236      0.023     -1.027      0.304      -0.069       0.021
mo_9                        -0.0129      0.024     -0.548      0.584      -0.059       0.033
mo_10                        0.0058      0.023      0.254      0.800      -0.039       0.051
mo_11                        0.0064      0.023      0.273      0.785      -0.040       0.052
mo_12                        0.0094      0.023      0.407      0.684      -0.036       0.055
genre_Action                -0.0449      0.013     -3.391      0.001      -0.071      -0.019
genre_Adventure              0.0051      0.014      0.360      0.719      -0.022       0.033
genre_Animation             -0.0339      0.022     -1.536      0.125      -0.077       0.009
genre_Biography             -0.0860      0.019     -4.602      0.000      -0.123      -0.049
genre_Comedy                -0.0075      0.012     -0.631      0.528      -0.031       0.016
genre_Crime                 -0.0898      0.013     -6.926      0.000      -0.115      -0.064
genre_Drama                  0.0029      0.012      0.239      0.811      -0.021       0.026
genre_Family                 0.0969      0.018      5.436      0.000       0.062       0.132
genre_Fantasy               -0.0102      0.016     -0.661      0.509      -0.041       0.020
genre_History                0.0119      0.025      0.476      0.634      -0.037       0.061
genre_Horror                -0.0183      0.018     -1.014      0.310      -0.054       0.017
genre_Music                  0.1048      0.025      4.213      0.000       0.056       0.154
genre_Musical                0.3314      0.053      6.206      0.000       0.227       0.436
genre_Mystery               -0.0486      0.016     -3.084      0.002      -0.080      -0.018
genre_News                1.356e-18      1e-17      0.135      0.892   -1.83e-17     2.1e-17
genre_Romance               -0.0219      0.013     -1.703      0.089      -0.047       0.003
genre_Sci_Fi                -0.0171      0.017     -1.018      0.309      -0.050       0.016
genre_Short               -1.61e-18   3.29e-18     -0.490      0.624   -8.06e-18    4.84e-18
genre_Sport                 -0.0466      0.027     -1.718      0.086      -0.100       0.007
genre_Thriller              -0.0677      0.013     -5.133      0.000      -0.094      -0.042
genre_War                    0.0325      0.036      0.898      0.369      -0.038       0.104
genre_Western               -0.0994      0.075     -1.328      0.184      -0.246       0.047
==============================================================================
Omnibus:                      733.001   Durbin-Watson:                   2.015
Prob(Omnibus):                  0.000   Jarque-Bera (JB):             3519.922
Skew:                           1.375   Prob(JB):                         0.00
Kurtosis:                       8.246   Cond. No.                     1.02e+16
==============================================================================

Notes:
[1] Standard Errors assume that the covariance matrix of the errors is correctly specified.
[2] The smallest eigenvalue is 3.84e-27. This might indicate that there are
strong multicollinearity problems or that the design matrix is singular.