                            OLS Regression Results                            
==============================================================================
Dep. Variable:              sd_pooled   R-squared:                       0.559
Model:                            OLS   Adj. R-squared:                  0.552
Method:                 Least Squares   F-statistic:                     78.27
Date:                Tue, 31 Mar 2026   Prob (F-statistic):               0.00
Time:                        20:24:06   Log-Likelihood:                 521.17
No. Observations:                4012   AIC:                            -912.3
Df Residuals:                    3947   BIC:                            -503.0
Df Model:                          64                                         
Covariance Type:            nonrobust                                         
============================================================================================
                               coef    std err          t      P>|t|      [0.025      0.975]
--------------------------------------------------------------------------------------------
const                        3.3966      0.049     69.845      0.000       3.301       3.492
FLead                        0.0482      0.008      5.979      0.000       0.032       0.064
mean_pooled                 -0.2352      0.004    -53.327      0.000      -0.244      -0.227
kim_violence_gore            0.0144      0.003      5.707      0.000       0.009       0.019
kim_sex_nudity               0.0052      0.002      2.794      0.005       0.002       0.009
kim_language                -0.0130      0.002     -6.904      0.000      -0.017      -0.009
major                       -0.0388      0.008     -4.805      0.000      -0.055      -0.023
log_bom_opening_theaters     0.0051      0.002      2.903      0.004       0.002       0.009
genres_count                -0.0128      0.007     -1.897      0.058      -0.026       0.000
yr_1993                     -0.0073      0.035     -0.212      0.832      -0.075       0.060
yr_1994                     -0.0030      0.035     -0.084      0.933      -0.072       0.066
yr_1995                      0.0401      0.035      1.153      0.249      -0.028       0.108
yr_1996                      0.0035      0.034      0.103      0.918      -0.063       0.070
yr_1997                      0.0063      0.035      0.183      0.855      -0.062       0.074
yr_1998                      0.0583      0.034      1.739      0.082      -0.007       0.124
yr_1999                      0.0634      0.033      1.941      0.052      -0.001       0.127
yr_2000                     -0.0032      0.034     -0.096      0.924      -0.069       0.063
yr_2001                      0.0614      0.033      1.856      0.064      -0.003       0.126
yr_2002                      0.0212      0.033      0.652      0.514      -0.043       0.085
yr_2003                      0.0068      0.033      0.209      0.834      -0.057       0.071
yr_2004                      0.0702      0.032      2.162      0.031       0.007       0.134
yr_2005                      0.0539      0.032      1.670      0.095      -0.009       0.117
yr_2006                      0.1059      0.032      3.307      0.001       0.043       0.169
yr_2007                      0.1182      0.032      3.706      0.000       0.056       0.181
yr_2008                      0.0584      0.032      1.816      0.069      -0.005       0.121
yr_2009                      0.0420      0.033      1.293      0.196      -0.022       0.106
yr_2010                      0.0352      0.032      1.086      0.278      -0.028       0.099
yr_2011                      0.0363      0.032      1.139      0.255      -0.026       0.099
yr_2012                      0.0201      0.032      0.632      0.527      -0.042       0.082
yr_2013                      0.0138      0.032      0.433      0.665      -0.049       0.076
yr_2014                      0.0435      0.032      1.348      0.178      -0.020       0.107
yr_2015                     -0.0251      0.032     -0.783      0.434      -0.088       0.038
yr_2016                     -0.0340      0.032     -1.051      0.293      -0.097       0.029
yr_2017                      0.0247      0.033      0.757      0.449      -0.039       0.089
yr_2018                      0.0148      0.033      0.451      0.652      -0.049       0.079
mo_2                         0.0095      0.020      0.487      0.627      -0.029       0.048
mo_3                        -0.0039      0.019     -0.210      0.833      -0.040       0.033
mo_4                         0.0022      0.019      0.118      0.906      -0.035       0.039
mo_5                        -0.0106      0.020     -0.534      0.593      -0.049       0.028
mo_6                        -0.0241      0.020     -1.235      0.217      -0.062       0.014
mo_7                        -0.0211      0.019     -1.115      0.265      -0.058       0.016
mo_8                        -0.0243      0.018     -1.330      0.184      -0.060       0.012
mo_9                        -0.0244      0.019     -1.313      0.189      -0.061       0.012
mo_10                       -0.0061      0.018     -0.332      0.740      -0.042       0.030
mo_11                       -0.0210      0.019     -1.114      0.265      -0.058       0.016
mo_12                       -0.0259      0.018     -1.424      0.155      -0.062       0.010
genre_Action                -0.0595      0.011     -5.606      0.000      -0.080      -0.039
genre_Adventure             -0.0073      0.011     -0.651      0.515      -0.029       0.015
genre_Animation             -0.0309      0.018     -1.715      0.086      -0.066       0.004
genre_Biography             -0.0892      0.014     -6.255      0.000      -0.117      -0.061
genre_Comedy                 0.0028      0.009      0.295      0.768      -0.016       0.021
genre_Crime                 -0.0885      0.010     -8.611      0.000      -0.109      -0.068
genre_Drama                  0.0159      0.010      1.663      0.096      -0.003       0.035
genre_Family                 0.0643      0.015      4.423      0.000       0.036       0.093
genre_Fantasy                0.0067      0.013      0.529      0.597      -0.018       0.032
genre_History                0.0179      0.020      0.875      0.382      -0.022       0.058
genre_Horror                -0.0411      0.015     -2.818      0.005      -0.070      -0.012
genre_Music                  0.1152      0.019      6.010      0.000       0.078       0.153
genre_Musical                0.3264      0.043      7.540      0.000       0.242       0.411
genre_Mystery               -0.0562      0.013     -4.456      0.000      -0.081      -0.031
genre_News               -1.886e-18   3.11e-17     -0.061      0.952   -6.28e-17    5.91e-17
genre_Romance               -0.0085      0.010     -0.843      0.400      -0.028       0.011
genre_Sci_Fi                -0.0134      0.014     -0.984      0.325      -0.040       0.013
genre_Short              -4.401e-18    1.6e-18     -2.758      0.006   -7.53e-18   -1.27e-18
genre_Sport                 -0.0388      0.021     -1.866      0.062      -0.080       0.002
genre_Thriller              -0.0752      0.011     -7.046      0.000      -0.096      -0.054
genre_War                    0.0007      0.029      0.025      0.980      -0.056       0.058
genre_Western               -0.0541      0.052     -1.049      0.294      -0.155       0.047
==============================================================================
Omnibus:                     1632.316   Durbin-Watson:                   2.005
Prob(Omnibus):                  0.000   Jarque-Bera (JB):            12869.275
Skew:                           1.739   Prob(JB):                         0.00
Kurtosis:                      11.055   Cond. No.                     1.02e+16
==============================================================================

Notes:
[1] Standard Errors assume that the covariance matrix of the errors is correctly specified.
[2] The smallest eigenvalue is 6.38e-27. This might indicate that there are
strong multicollinearity problems or that the design matrix is singular.