                            OLS Regression Results                            
==============================================================================
Dep. Variable:              sd_pooled   R-squared:                       0.563
Model:                            OLS   Adj. R-squared:                  0.556
Method:                 Least Squares   F-statistic:                     79.38
Date:                Tue, 31 Mar 2026   Prob (F-statistic):               0.00
Time:                        19:33:38   Log-Likelihood:                 536.97
No. Observations:                4012   AIC:                            -943.9
Df Residuals:                    3947   BIC:                            -534.6
Df Model:                          64                                         
Covariance Type:            nonrobust                                         
============================================================================================
                               coef    std err          t      P>|t|      [0.025      0.975]
--------------------------------------------------------------------------------------------
const                        3.3693      0.048     70.220      0.000       3.275       3.463
FLead                        0.0468      0.008      5.827      0.000       0.031       0.063
mean_pooled                 -0.2326      0.004    -52.793      0.000      -0.241      -0.224
kim_violence_gore            0.0117      0.003      4.604      0.000       0.007       0.017
kim_sex_nudity               0.0116      0.002      5.736      0.000       0.008       0.016
kim_language                -0.0150      0.002     -8.000      0.000      -0.019      -0.011
major                       -0.0430      0.008     -5.316      0.000      -0.059      -0.027
log_bom_opening_theaters     0.0070      0.002      4.090      0.000       0.004       0.010
genres_count                -0.0096      0.007     -1.417      0.157      -0.023       0.004
yr_1993                     -0.0072      0.034     -0.209      0.834      -0.075       0.060
yr_1994                     -0.0049      0.035     -0.139      0.889      -0.074       0.064
yr_1995                      0.0417      0.035      1.204      0.229      -0.026       0.110
yr_1996                      0.0081      0.034      0.237      0.812      -0.059       0.075
yr_1997                      0.0118      0.035      0.340      0.734      -0.056       0.080
yr_1998                      0.0579      0.033      1.733      0.083      -0.008       0.123
yr_1999                      0.0598      0.033      1.836      0.066      -0.004       0.124
yr_2000                     -0.0101      0.034     -0.302      0.762      -0.076       0.056
yr_2001                      0.0548      0.033      1.662      0.097      -0.010       0.119
yr_2002                      0.0144      0.032      0.444      0.657      -0.049       0.078
yr_2003                     -0.0009      0.033     -0.026      0.979      -0.065       0.063
yr_2004                      0.0598      0.032      1.844      0.065      -0.004       0.123
yr_2005                      0.0464      0.032      1.444      0.149      -0.017       0.109
yr_2006                      0.0949      0.032      2.973      0.003       0.032       0.158
yr_2007                      0.1094      0.032      3.438      0.001       0.047       0.172
yr_2008                      0.0520      0.032      1.624      0.105      -0.011       0.115
yr_2009                      0.0306      0.032      0.942      0.346      -0.033       0.094
yr_2010                      0.0243      0.032      0.750      0.453      -0.039       0.088
yr_2011                      0.0279      0.032      0.879      0.380      -0.034       0.090
yr_2012                      0.0128      0.032      0.406      0.685      -0.049       0.075
yr_2013                      0.0066      0.032      0.207      0.836      -0.056       0.069
yr_2014                      0.0376      0.032      1.169      0.242      -0.025       0.101
yr_2015                     -0.0330      0.032     -1.034      0.301      -0.096       0.030
yr_2016                     -0.0380      0.032     -1.181      0.238      -0.101       0.025
yr_2017                      0.0190      0.033      0.584      0.559      -0.045       0.083
yr_2018                      0.0136      0.033      0.417      0.677      -0.050       0.078
mo_2                         0.0081      0.019      0.416      0.677      -0.030       0.046
mo_3                        -0.0045      0.018     -0.245      0.806      -0.041       0.032
mo_4                       4.03e-05      0.019      0.002      0.998      -0.037       0.037
mo_5                        -0.0109      0.020     -0.554      0.580      -0.050       0.028
mo_6                        -0.0248      0.019     -1.275      0.202      -0.063       0.013
mo_7                        -0.0225      0.019     -1.191      0.234      -0.060       0.015
mo_8                        -0.0245      0.018     -1.345      0.179      -0.060       0.011
mo_9                        -0.0276      0.019     -1.487      0.137      -0.064       0.009
mo_10                       -0.0063      0.018     -0.346      0.729      -0.042       0.029
mo_11                       -0.0236      0.019     -1.259      0.208      -0.060       0.013
mo_12                       -0.0250      0.018     -1.383      0.167      -0.060       0.010
genre_Action                -0.0548      0.011     -5.173      0.000      -0.076      -0.034
genre_Adventure             -0.0060      0.011     -0.534      0.594      -0.028       0.016
genre_Animation             -0.0278      0.018     -1.548      0.122      -0.063       0.007
genre_Biography             -0.0923      0.014     -6.509      0.000      -0.120      -0.065
genre_Comedy                -0.0037      0.010     -0.385      0.701      -0.022       0.015
genre_Crime                 -0.0892      0.010     -8.717      0.000      -0.109      -0.069
genre_Drama                  0.0139      0.009      1.467      0.142      -0.005       0.032
genre_Family                 0.0711      0.015      4.884      0.000       0.043       0.100
genre_Fantasy                0.0036      0.013      0.287      0.774      -0.021       0.028
genre_History                0.0182      0.020      0.894      0.371      -0.022       0.058
genre_Horror                -0.0339      0.015     -2.325      0.020      -0.062      -0.005
genre_Music                  0.1109      0.019      5.805      0.000       0.073       0.148
genre_Musical                0.3192      0.043      7.400      0.000       0.235       0.404
genre_Mystery               -0.0587      0.013     -4.668      0.000      -0.083      -0.034
genre_News                2.091e-18   4.75e-18      0.440      0.660   -7.22e-18    1.14e-17
genre_Romance               -0.0188      0.010     -1.826      0.068      -0.039       0.001
genre_Sci_Fi                -0.0128      0.014     -0.946      0.344      -0.039       0.014
genre_Short              -1.186e-17   4.41e-18     -2.687      0.007   -2.05e-17   -3.21e-18
genre_Sport                 -0.0386      0.021     -1.868      0.062      -0.079       0.002
genre_Thriller              -0.0741      0.011     -6.962      0.000      -0.095      -0.053
genre_War                    0.0119      0.029      0.407      0.684      -0.045       0.069
genre_Western               -0.0477      0.051     -0.928      0.353      -0.149       0.053
==============================================================================
Omnibus:                     1652.485   Durbin-Watson:                   2.007
Prob(Omnibus):                  0.000   Jarque-Bera (JB):            13458.685
Skew:                           1.754   Prob(JB):                         0.00
Kurtosis:                      11.259   Cond. No.                     1.02e+16
==============================================================================

Notes:
[1] Standard Errors assume that the covariance matrix of the errors is correctly specified.
[2] The smallest eigenvalue is 6.36e-27. This might indicate that there are
strong multicollinearity problems or that the design matrix is singular.