                            OLS Regression Results                            
==============================================================================
Dep. Variable:              sd_pooled   R-squared:                       0.562
Model:                            OLS   Adj. R-squared:                  0.554
Method:                 Least Squares   F-statistic:                     79.01
Date:                Sun, 29 Mar 2026   Prob (F-statistic):               0.00
Time:                        15:09:59   Log-Likelihood:                 531.64
No. Observations:                4012   AIC:                            -933.3
Df Residuals:                    3947   BIC:                            -524.0
Df Model:                          64                                         
Covariance Type:            nonrobust                                         
============================================================================================
                               coef    std err          t      P>|t|      [0.025      0.975]
--------------------------------------------------------------------------------------------
const                        3.3799      0.048     69.818      0.000       3.285       3.475
FLead                        0.0464      0.008      5.768      0.000       0.031       0.062
mean_pooled                 -0.2332      0.004    -52.947      0.000      -0.242      -0.225
kim_violence_gore            0.0101      0.002      4.368      0.000       0.006       0.015
kim_sex_nudity               0.0119      0.002      5.908      0.000       0.008       0.016
kim_language                -0.0148      0.002     -7.897      0.000      -0.018      -0.011
major                       -0.0396      0.008     -4.918      0.000      -0.055      -0.024
log_bom_opening_theaters     0.0055      0.002      3.125      0.002       0.002       0.009
genres_count                -0.0091      0.007     -1.341      0.180      -0.022       0.004
yr_1993                      0.0002      0.034      0.004      0.996      -0.067       0.068
yr_1994                      0.0027      0.035      0.077      0.939      -0.066       0.072
yr_1995                      0.0487      0.035      1.404      0.160      -0.019       0.117
yr_1996                      0.0128      0.034      0.378      0.706      -0.054       0.080
yr_1997                      0.0200      0.035      0.578      0.563      -0.048       0.088
yr_1998                      0.0642      0.033      1.918      0.055      -0.001       0.130
yr_1999                      0.0650      0.033      1.995      0.046       0.001       0.129
yr_2000                     -0.0024      0.034     -0.072      0.942      -0.068       0.063
yr_2001                      0.0630      0.033      1.912      0.056      -0.002       0.128
yr_2002                      0.0222      0.032      0.684      0.494      -0.041       0.086
yr_2003                      0.0060      0.033      0.183      0.855      -0.058       0.070
yr_2004                      0.0689      0.032      2.129      0.033       0.005       0.132
yr_2005                      0.0552      0.032      1.720      0.086      -0.008       0.118
yr_2006                      0.1044      0.032      3.275      0.001       0.042       0.167
yr_2007                      0.1179      0.032      3.714      0.000       0.056       0.180
yr_2008                      0.0593      0.032      1.854      0.064      -0.003       0.122
yr_2009                      0.0390      0.032      1.203      0.229      -0.025       0.103
yr_2010                      0.0322      0.032      0.997      0.319      -0.031       0.096
yr_2011                      0.0362      0.032      1.142      0.254      -0.026       0.098
yr_2012                      0.0214      0.032      0.676      0.499      -0.041       0.083
yr_2013                      0.0137      0.032      0.430      0.668      -0.049       0.076
yr_2014                      0.0450      0.032      1.398      0.162      -0.018       0.108
yr_2015                     -0.0261      0.032     -0.817      0.414      -0.089       0.037
yr_2016                     -0.0306      0.032     -0.949      0.342      -0.094       0.033
yr_2017                      0.0261      0.033      0.802      0.422      -0.038       0.090
yr_2018                      0.0205      0.033      0.628      0.530      -0.043       0.085
mo_2                         0.0076      0.019      0.393      0.694      -0.031       0.046
mo_3                        -0.0049      0.019     -0.265      0.791      -0.041       0.031
mo_4                         0.0013      0.019      0.070      0.944      -0.035       0.038
mo_5                        -0.0123      0.020     -0.621      0.535      -0.051       0.026
mo_6                        -0.0258      0.019     -1.328      0.184      -0.064       0.012
mo_7                        -0.0237      0.019     -1.253      0.210      -0.061       0.013
mo_8                        -0.0249      0.018     -1.362      0.173      -0.061       0.011
mo_9                        -0.0280      0.019     -1.506      0.132      -0.064       0.008
mo_10                       -0.0057      0.018     -0.310      0.757      -0.041       0.030
mo_11                       -0.0243      0.019     -1.295      0.196      -0.061       0.012
mo_12                       -0.0263      0.018     -1.448      0.148      -0.062       0.009
genre_Action                -0.0528      0.011     -5.009      0.000      -0.073      -0.032
genre_Adventure             -0.0055      0.011     -0.488      0.626      -0.028       0.017
genre_Animation             -0.0304      0.018     -1.696      0.090      -0.066       0.005
genre_Biography             -0.0931      0.014     -6.542      0.000      -0.121      -0.065
genre_Comedy                -0.0070      0.009     -0.749      0.454      -0.025       0.011
genre_Crime                 -0.0872      0.010     -8.534      0.000      -0.107      -0.067
genre_Drama                  0.0122      0.009      1.291      0.197      -0.006       0.031
genre_Family                 0.0691      0.015      4.755      0.000       0.041       0.098
genre_Fantasy                0.0044      0.013      0.344      0.731      -0.020       0.029
genre_History                0.0188      0.020      0.919      0.358      -0.021       0.059
genre_Horror                -0.0272      0.014     -1.907      0.057      -0.055       0.001
genre_Music                  0.1080      0.019      5.668      0.000       0.071       0.145
genre_Musical                0.3130      0.043      7.251      0.000       0.228       0.398
genre_Mystery               -0.0591      0.013     -4.697      0.000      -0.084      -0.034
genre_News                2.297e-17   1.06e-17      2.166      0.030    2.18e-18    4.38e-17
genre_Romance               -0.0221      0.010     -2.174      0.030      -0.042      -0.002
genre_Sci_Fi                -0.0115      0.014     -0.851      0.395      -0.038       0.015
genre_Short              -2.205e-18   2.41e-18     -0.914      0.361   -6.93e-18    2.52e-18
genre_Sport                 -0.0387      0.021     -1.869      0.062      -0.079       0.002
genre_Thriller              -0.0734      0.011     -6.896      0.000      -0.094      -0.053
genre_War                    0.0172      0.029      0.591      0.554      -0.040       0.074
genre_Western               -0.0437      0.051     -0.850      0.395      -0.145       0.057
==============================================================================
Omnibus:                     1647.028   Durbin-Watson:                   2.008
Prob(Omnibus):                  0.000   Jarque-Bera (JB):            13389.609
Skew:                           1.747   Prob(JB):                         0.00
Kurtosis:                      11.239   Cond. No.                     1.02e+16
==============================================================================

Notes:
[1] Standard Errors assume that the covariance matrix of the errors is correctly specified.
[2] The smallest eigenvalue is 6.38e-27. This might indicate that there are
strong multicollinearity problems or that the design matrix is singular.