                            OLS Regression Results                            
==============================================================================
Dep. Variable:              sd_pooled   R-squared:                       0.562
Model:                            OLS   Adj. R-squared:                  0.555
Method:                 Least Squares   F-statistic:                     79.11
Date:                Sun, 29 Mar 2026   Prob (F-statistic):               0.00
Time:                        15:09:33   Log-Likelihood:                 533.18
No. Observations:                4012   AIC:                            -936.4
Df Residuals:                    3947   BIC:                            -527.0
Df Model:                          64                                         
Covariance Type:            nonrobust                                         
============================================================================================
                               coef    std err          t      P>|t|      [0.025      0.975]
--------------------------------------------------------------------------------------------
const                        3.3772      0.048     69.753      0.000       3.282       3.472
FLead                        0.0468      0.008      5.818      0.000       0.031       0.063
mean_pooled                 -0.2329      0.004    -52.956      0.000      -0.242      -0.224
kim_violence_gore            0.0109      0.002      4.703      0.000       0.006       0.015
kim_sex_nudity               0.0120      0.002      5.983      0.000       0.008       0.016
kim_language                -0.0149      0.002     -7.963      0.000      -0.019      -0.011
major                       -0.0395      0.008     -4.915      0.000      -0.055      -0.024
log_bom_opening_theaters     0.0056      0.002      3.190      0.001       0.002       0.009
genres_count                -0.0085      0.007     -1.255      0.210      -0.022       0.005
yr_1993                     -0.0060      0.034     -0.173      0.863      -0.073       0.062
yr_1994                     -0.0016      0.035     -0.044      0.965      -0.071       0.067
yr_1995                      0.0442      0.035      1.275      0.202      -0.024       0.112
yr_1996                      0.0083      0.034      0.244      0.807      -0.058       0.075
yr_1997                      0.0126      0.035      0.364      0.716      -0.055       0.081
yr_1998                      0.0586      0.033      1.752      0.080      -0.007       0.124
yr_1999                      0.0599      0.033      1.839      0.066      -0.004       0.124
yr_2000                     -0.0093      0.034     -0.276      0.782      -0.075       0.057
yr_2001                      0.0579      0.033      1.755      0.079      -0.007       0.123
yr_2002                      0.0160      0.032      0.495      0.621      -0.048       0.080
yr_2003                    3.81e-05      0.033      0.001      0.999      -0.064       0.064
yr_2004                      0.0625      0.032      1.928      0.054      -0.001       0.126
yr_2005                      0.0489      0.032      1.522      0.128      -0.014       0.112
yr_2006                      0.0989      0.032      3.097      0.002       0.036       0.161
yr_2007                      0.1124      0.032      3.534      0.000       0.050       0.175
yr_2008                      0.0531      0.032      1.656      0.098      -0.010       0.116
yr_2009                      0.0340      0.032      1.047      0.295      -0.030       0.098
yr_2010                      0.0275      0.032      0.849      0.396      -0.036       0.091
yr_2011                      0.0307      0.032      0.966      0.334      -0.032       0.093
yr_2012                      0.0155      0.032      0.491      0.624      -0.047       0.078
yr_2013                      0.0084      0.032      0.263      0.792      -0.054       0.071
yr_2014                      0.0389      0.032      1.208      0.227      -0.024       0.102
yr_2015                     -0.0326      0.032     -1.018      0.309      -0.095       0.030
yr_2016                     -0.0347      0.032     -1.077      0.282      -0.098       0.028
yr_2017                      0.0200      0.033      0.613      0.540      -0.044       0.084
yr_2018                      0.0163      0.033      0.498      0.619      -0.048       0.080
mo_2                         0.0068      0.019      0.349      0.727      -0.031       0.045
mo_3                        -0.0047      0.019     -0.255      0.799      -0.041       0.032
mo_4                         0.0008      0.019      0.043      0.965      -0.036       0.037
mo_5                        -0.0111      0.020     -0.563      0.574      -0.050       0.028
mo_6                        -0.0261      0.019     -1.340      0.180      -0.064       0.012
mo_7                        -0.0237      0.019     -1.252      0.211      -0.061       0.013
mo_8                        -0.0260      0.018     -1.427      0.154      -0.062       0.010
mo_9                        -0.0273      0.019     -1.473      0.141      -0.064       0.009
mo_10                       -0.0076      0.018     -0.417      0.676      -0.043       0.028
mo_11                       -0.0245      0.019     -1.305      0.192      -0.061       0.012
mo_12                       -0.0261      0.018     -1.438      0.151      -0.062       0.009
genre_Action                -0.0532      0.011     -5.052      0.000      -0.074      -0.033
genre_Adventure             -0.0061      0.011     -0.543      0.587      -0.028       0.016
genre_Animation             -0.0298      0.018     -1.659      0.097      -0.065       0.005
genre_Biography             -0.0933      0.014     -6.566      0.000      -0.121      -0.065
genre_Comedy                -0.0064      0.009     -0.686      0.493      -0.025       0.012
genre_Crime                 -0.0876      0.010     -8.573      0.000      -0.108      -0.068
genre_Drama                  0.0131      0.009      1.375      0.169      -0.006       0.032
genre_Family                 0.0688      0.015      4.736      0.000       0.040       0.097
genre_Fantasy                0.0043      0.013      0.343      0.732      -0.020       0.029
genre_History                0.0179      0.020      0.877      0.381      -0.022       0.058
genre_Horror                -0.0287      0.014     -2.012      0.044      -0.057      -0.001
genre_Music                  0.1093      0.019      5.736      0.000       0.072       0.147
genre_Musical                0.3205      0.043      7.418      0.000       0.236       0.405
genre_Mystery               -0.0595      0.013     -4.733      0.000      -0.084      -0.035
genre_News               -1.818e-18   6.74e-18     -0.270      0.788    -1.5e-17    1.14e-17
genre_Romance               -0.0213      0.010     -2.099      0.036      -0.041      -0.001
genre_Sci_Fi                -0.0137      0.014     -1.011      0.312      -0.040       0.013
genre_Short              -3.869e-18   4.97e-18     -0.778      0.436   -1.36e-17    5.88e-18
genre_Sport                 -0.0397      0.021     -1.918      0.055      -0.080       0.001
genre_Thriller              -0.0742      0.011     -6.964      0.000      -0.095      -0.053
genre_War                    0.0151      0.029      0.520      0.603      -0.042       0.072
genre_Western               -0.0440      0.051     -0.855      0.393      -0.145       0.057
==============================================================================
Omnibus:                     1650.447   Durbin-Watson:                   2.007
Prob(Omnibus):                  0.000   Jarque-Bera (JB):            13433.166
Skew:                           1.751   Prob(JB):                         0.00
Kurtosis:                      11.252   Cond. No.                     1.02e+16
==============================================================================

Notes:
[1] Standard Errors assume that the covariance matrix of the errors is correctly specified.
[2] The smallest eigenvalue is 6.38e-27. This might indicate that there are
strong multicollinearity problems or that the design matrix is singular.