                            OLS Regression Results                            
==============================================================================
Dep. Variable:              sd_pooled   R-squared:                       0.559
Model:                            OLS   Adj. R-squared:                  0.552
Method:                 Least Squares   F-statistic:                     78.15
Date:                Tue, 31 Mar 2026   Prob (F-statistic):               0.00
Time:                        17:15:52   Log-Likelihood:                 519.47
No. Observations:                4012   AIC:                            -908.9
Df Residuals:                    3947   BIC:                            -499.6
Df Model:                          64                                         
Covariance Type:            nonrobust                                         
============================================================================================
                               coef    std err          t      P>|t|      [0.025      0.975]
--------------------------------------------------------------------------------------------
const                        3.3990      0.049     69.581      0.000       3.303       3.495
FLead                        0.0490      0.008      6.084      0.000       0.033       0.065
mean_pooled                 -0.2359      0.004    -53.620      0.000      -0.244      -0.227
kim_violence_gore            0.0146      0.003      5.803      0.000       0.010       0.020
kim_sex_nudity               0.0051      0.002      2.111      0.035       0.000       0.010
kim_language                -0.0119      0.002     -6.622      0.000      -0.015      -0.008
major                       -0.0399      0.008     -4.947      0.000      -0.056      -0.024
log_bom_opening_theaters     0.0050      0.002      2.801      0.005       0.001       0.008
genres_count                -0.0139      0.007     -2.053      0.040      -0.027      -0.001
yr_1993                     -0.0095      0.035     -0.274      0.784      -0.077       0.058
yr_1994                     -0.0043      0.035     -0.121      0.903      -0.074       0.065
yr_1995                      0.0398      0.035      1.144      0.253      -0.028       0.108
yr_1996                      0.0026      0.034      0.078      0.938      -0.064       0.070
yr_1997                      0.0050      0.035      0.144      0.885      -0.063       0.073
yr_1998                      0.0554      0.034      1.650      0.099      -0.010       0.121
yr_1999                      0.0622      0.033      1.904      0.057      -0.002       0.126
yr_2000                     -0.0042      0.034     -0.125      0.901      -0.070       0.062
yr_2001                      0.0613      0.033      1.853      0.064      -0.004       0.126
yr_2002                      0.0191      0.033      0.586      0.558      -0.045       0.083
yr_2003                      0.0059      0.033      0.180      0.857      -0.058       0.070
yr_2004                      0.0699      0.033      2.148      0.032       0.006       0.134
yr_2005                      0.0534      0.032      1.653      0.098      -0.010       0.117
yr_2006                      0.1044      0.032      3.256      0.001       0.042       0.167
yr_2007                      0.1174      0.032      3.676      0.000       0.055       0.180
yr_2008                      0.0586      0.032      1.822      0.068      -0.004       0.122
yr_2009                      0.0421      0.033      1.294      0.196      -0.022       0.106
yr_2010                      0.0343      0.032      1.058      0.290      -0.029       0.098
yr_2011                      0.0366      0.032      1.149      0.251      -0.026       0.099
yr_2012                      0.0195      0.032      0.614      0.539      -0.043       0.082
yr_2013                      0.0131      0.032      0.409      0.683      -0.050       0.076
yr_2014                      0.0417      0.032      1.289      0.198      -0.022       0.105
yr_2015                     -0.0272      0.032     -0.849      0.396      -0.090       0.036
yr_2016                     -0.0349      0.032     -1.078      0.281      -0.098       0.029
yr_2017                      0.0239      0.033      0.732      0.464      -0.040       0.088
yr_2018                      0.0149      0.033      0.455      0.649      -0.049       0.079
mo_2                         0.0098      0.020      0.504      0.614      -0.028       0.048
mo_3                        -0.0023      0.019     -0.124      0.901      -0.039       0.034
mo_4                         0.0026      0.019      0.136      0.892      -0.034       0.039
mo_5                        -0.0096      0.020     -0.487      0.626      -0.048       0.029
mo_6                        -0.0235      0.020     -1.205      0.228      -0.062       0.015
mo_7                        -0.0210      0.019     -1.106      0.269      -0.058       0.016
mo_8                        -0.0233      0.018     -1.273      0.203      -0.059       0.013
mo_9                        -0.0255      0.019     -1.368      0.171      -0.062       0.011
mo_10                       -0.0064      0.018     -0.351      0.726      -0.042       0.029
mo_11                       -0.0203      0.019     -1.078      0.281      -0.057       0.017
mo_12                       -0.0250      0.018     -1.372      0.170      -0.061       0.011
genre_Action                -0.0604      0.011     -5.692      0.000      -0.081      -0.040
genre_Adventure             -0.0066      0.011     -0.585      0.558      -0.029       0.016
genre_Animation             -0.0309      0.018     -1.717      0.086      -0.066       0.004
genre_Biography             -0.0892      0.014     -6.254      0.000      -0.117      -0.061
genre_Comedy                 0.0019      0.010      0.197      0.844      -0.017       0.021
genre_Crime                 -0.0881      0.010     -8.575      0.000      -0.108      -0.068
genre_Drama                  0.0151      0.010      1.581      0.114      -0.004       0.034
genre_Family                 0.0649      0.015      4.450      0.000       0.036       0.093
genre_Fantasy                0.0062      0.013      0.493      0.622      -0.019       0.031
genre_History                0.0178      0.020      0.869      0.385      -0.022       0.058
genre_Horror                -0.0416      0.015     -2.850      0.004      -0.070      -0.013
genre_Music                  0.1169      0.019      6.105      0.000       0.079       0.155
genre_Musical                0.3258      0.043      7.522      0.000       0.241       0.411
genre_Mystery               -0.0576      0.013     -4.563      0.000      -0.082      -0.033
genre_News                3.617e-18   5.89e-18      0.614      0.539   -7.94e-18    1.52e-17
genre_Romance               -0.0073      0.010     -0.723      0.470      -0.027       0.013
genre_Sci_Fi                -0.0129      0.014     -0.951      0.342      -0.040       0.014
genre_Short               4.716e-18      3e-18      1.573      0.116   -1.16e-18    1.06e-17
genre_Sport                 -0.0386      0.021     -1.857      0.063      -0.079       0.002
genre_Thriller              -0.0752      0.011     -7.035      0.000      -0.096      -0.054
genre_War                    0.0015      0.029      0.051      0.959      -0.056       0.059
genre_Western               -0.0555      0.052     -1.075      0.282      -0.157       0.046
==============================================================================
Omnibus:                     1639.931   Durbin-Watson:                   2.007
Prob(Omnibus):                  0.000   Jarque-Bera (JB):            13051.591
Skew:                           1.745   Prob(JB):                         0.00
Kurtosis:                      11.117   Cond. No.                     1.02e+16
==============================================================================

Notes:
[1] Standard Errors assume that the covariance matrix of the errors is correctly specified.
[2] The smallest eigenvalue is 6.39e-27. This might indicate that there are
strong multicollinearity problems or that the design matrix is singular.