                            OLS Regression Results                            
==============================================================================
Dep. Variable:              sd_pooled   R-squared:                       0.560
Model:                            OLS   Adj. R-squared:                  0.553
Method:                 Least Squares   F-statistic:                     78.44
Date:                Tue, 31 Mar 2026   Prob (F-statistic):               0.00
Time:                        16:15:24   Log-Likelihood:                 523.58
No. Observations:                4012   AIC:                            -917.2
Df Residuals:                    3947   BIC:                            -507.9
Df Model:                          64                                         
Covariance Type:            nonrobust                                         
============================================================================================
                               coef    std err          t      P>|t|      [0.025      0.975]
--------------------------------------------------------------------------------------------
const                        3.3825      0.049     68.998      0.000       3.286       3.479
FLead                        0.0473      0.008      5.866      0.000       0.032       0.063
mean_pooled                 -0.2340      0.004    -52.707      0.000      -0.243      -0.225
kim_violence_gore            0.0138      0.003      5.472      0.000       0.009       0.019
kim_sex_nudity               0.0069      0.002      3.544      0.000       0.003       0.011
kim_language                -0.0136      0.002     -7.193      0.000      -0.017      -0.010
major                       -0.0395      0.008     -4.906      0.000      -0.055      -0.024
log_bom_opening_theaters     0.0056      0.002      3.118      0.002       0.002       0.009
genres_count                -0.0116      0.007     -1.714      0.087      -0.025       0.002
yr_1993                     -0.0061      0.035     -0.176      0.860      -0.074       0.062
yr_1994                     -0.0008      0.035     -0.023      0.982      -0.070       0.068
yr_1995                      0.0425      0.035      1.222      0.222      -0.026       0.111
yr_1996                      0.0057      0.034      0.167      0.867      -0.061       0.073
yr_1997                      0.0093      0.035      0.267      0.789      -0.059       0.077
yr_1998                      0.0574      0.034      1.712      0.087      -0.008       0.123
yr_1999                      0.0641      0.033      1.962      0.050    5.38e-05       0.128
yr_2000                     -0.0037      0.034     -0.110      0.912      -0.070       0.062
yr_2001                      0.0626      0.033      1.894      0.058      -0.002       0.127
yr_2002                      0.0206      0.033      0.634      0.526      -0.043       0.084
yr_2003                      0.0063      0.033      0.191      0.848      -0.058       0.070
yr_2004                      0.0699      0.032      2.154      0.031       0.006       0.134
yr_2005                      0.0540      0.032      1.675      0.094      -0.009       0.117
yr_2006                      0.1042      0.032      3.255      0.001       0.041       0.167
yr_2007                      0.1189      0.032      3.731      0.000       0.056       0.181
yr_2008                      0.0595      0.032      1.854      0.064      -0.003       0.122
yr_2009                      0.0404      0.032      1.245      0.213      -0.023       0.104
yr_2010                      0.0342      0.032      1.057      0.291      -0.029       0.098
yr_2011                      0.0354      0.032      1.110      0.267      -0.027       0.098
yr_2012                      0.0198      0.032      0.625      0.532      -0.042       0.082
yr_2013                      0.0120      0.032      0.376      0.707      -0.051       0.075
yr_2014                      0.0433      0.032      1.342      0.180      -0.020       0.107
yr_2015                     -0.0258      0.032     -0.806      0.420      -0.089       0.037
yr_2016                     -0.0347      0.032     -1.075      0.283      -0.098       0.029
yr_2017                      0.0238      0.033      0.729      0.466      -0.040       0.088
yr_2018                      0.0169      0.033      0.516      0.606      -0.047       0.081
mo_2                         0.0100      0.019      0.512      0.609      -0.028       0.048
mo_3                        -0.0044      0.019     -0.236      0.813      -0.041       0.032
mo_4                      8.502e-05      0.019      0.005      0.996      -0.037       0.037
mo_5                        -0.0116      0.020     -0.584      0.559      -0.050       0.027
mo_6                        -0.0242      0.019     -1.239      0.216      -0.062       0.014
mo_7                        -0.0222      0.019     -1.173      0.241      -0.059       0.015
mo_8                        -0.0248      0.018     -1.359      0.174      -0.061       0.011
mo_9                        -0.0278      0.019     -1.493      0.135      -0.064       0.009
mo_10                       -0.0067      0.018     -0.367      0.714      -0.043       0.029
mo_11                       -0.0226      0.019     -1.200      0.230      -0.059       0.014
mo_12                       -0.0268      0.018     -1.472      0.141      -0.062       0.009
genre_Action                -0.0585      0.011     -5.511      0.000      -0.079      -0.038
genre_Adventure             -0.0065      0.011     -0.581      0.561      -0.029       0.016
genre_Animation             -0.0299      0.018     -1.663      0.096      -0.065       0.005
genre_Biography             -0.0897      0.014     -6.292      0.000      -0.118      -0.062
genre_Comedy                 0.0017      0.009      0.177      0.859      -0.017       0.020
genre_Crime                 -0.0873      0.010     -8.503      0.000      -0.107      -0.067
genre_Drama                  0.0152      0.010      1.597      0.110      -0.003       0.034
genre_Family                 0.0665      0.015      4.567      0.000       0.038       0.095
genre_Fantasy                0.0056      0.013      0.441      0.659      -0.019       0.030
genre_History                0.0171      0.020      0.834      0.404      -0.023       0.057
genre_Horror                -0.0384      0.015     -2.629      0.009      -0.067      -0.010
genre_Music                  0.1134      0.019      5.914      0.000       0.076       0.151
genre_Musical                0.3240      0.043      7.488      0.000       0.239       0.409
genre_Mystery               -0.0565      0.013     -4.484      0.000      -0.081      -0.032
genre_News               -3.553e-18   4.97e-18     -0.714      0.475   -1.33e-17     6.2e-18
genre_Romance               -0.0103      0.010     -1.017      0.309      -0.030       0.010
genre_Sci_Fi                -0.0128      0.014     -0.942      0.346      -0.039       0.014
genre_Short              -1.894e-18   8.64e-18     -0.219      0.827   -1.88e-17    1.51e-17
genre_Sport                 -0.0385      0.021     -1.853      0.064      -0.079       0.002
genre_Thriller              -0.0753      0.011     -7.057      0.000      -0.096      -0.054
genre_War                    0.0017      0.029      0.059      0.953      -0.055       0.059
genre_Western               -0.0530      0.052     -1.028      0.304      -0.154       0.048
==============================================================================
Omnibus:                     1639.108   Durbin-Watson:                   2.009
Prob(Omnibus):                  0.000   Jarque-Bera (JB):            13052.988
Skew:                           1.744   Prob(JB):                         0.00
Kurtosis:                      11.119   Cond. No.                     1.02e+16
==============================================================================

Notes:
[1] Standard Errors assume that the covariance matrix of the errors is correctly specified.
[2] The smallest eigenvalue is 6.4e-27. This might indicate that there are
strong multicollinearity problems or that the design matrix is singular.