                            OLS Regression Results                            
==============================================================================
Dep. Variable:              sd_pooled   R-squared:                       0.561
Model:                            OLS   Adj. R-squared:                  0.554
Method:                 Least Squares   F-statistic:                     78.95
Date:                Tue, 31 Mar 2026   Prob (F-statistic):               0.00
Time:                        15:44:00   Log-Likelihood:                 530.87
No. Observations:                4012   AIC:                            -931.7
Df Residuals:                    3947   BIC:                            -522.4
Df Model:                          64                                         
Covariance Type:            nonrobust                                         
============================================================================================
                               coef    std err          t      P>|t|      [0.025      0.975]
--------------------------------------------------------------------------------------------
const                        3.3940      0.049     69.963      0.000       3.299       3.489
FLead                        0.0464      0.008      5.776      0.000       0.031       0.062
mean_pooled                 -0.2342      0.004    -52.865      0.000      -0.243      -0.225
kim_violence_gore            0.0122      0.003      4.795      0.000       0.007       0.017
kim_sex_nudity               0.0113      0.002      5.568      0.000       0.007       0.015
kim_language                -0.0149      0.002     -7.921      0.000      -0.019      -0.011
major                       -0.0369      0.008     -4.558      0.000      -0.053      -0.021
log_bom_opening_theaters     0.0037      0.002      2.166      0.030       0.000       0.007
genres_count                -0.0088      0.007     -1.302      0.193      -0.022       0.004
yr_1993                     -0.0070      0.034     -0.204      0.838      -0.075       0.061
yr_1994                     -0.0029      0.035     -0.083      0.934      -0.072       0.066
yr_1995                      0.0432      0.035      1.244      0.214      -0.025       0.111
yr_1996                      0.0085      0.034      0.250      0.803      -0.058       0.075
yr_1997                      0.0134      0.035      0.386      0.699      -0.055       0.081
yr_1998                      0.0589      0.033      1.759      0.079      -0.007       0.124
yr_1999                      0.0603      0.033      1.850      0.064      -0.004       0.124
yr_2000                     -0.0083      0.034     -0.248      0.804      -0.074       0.058
yr_2001                      0.0560      0.033      1.695      0.090      -0.009       0.121
yr_2002                      0.0163      0.032      0.503      0.615      -0.047       0.080
yr_2003                     -0.0004      0.033     -0.011      0.991      -0.064       0.064
yr_2004                      0.0609      0.032      1.876      0.061      -0.003       0.125
yr_2005                      0.0477      0.032      1.481      0.139      -0.015       0.111
yr_2006                      0.0964      0.032      3.013      0.003       0.034       0.159
yr_2007                      0.1105      0.032      3.469      0.001       0.048       0.173
yr_2008                      0.0530      0.032      1.653      0.098      -0.010       0.116
yr_2009                      0.0323      0.032      0.993      0.321      -0.031       0.096
yr_2010                      0.0266      0.032      0.820      0.412      -0.037       0.090
yr_2011                      0.0296      0.032      0.931      0.352      -0.033       0.092
yr_2012                      0.0132      0.032      0.416      0.677      -0.049       0.075
yr_2013                      0.0053      0.032      0.166      0.868      -0.057       0.068
yr_2014                      0.0397      0.032      1.231      0.219      -0.024       0.103
yr_2015                     -0.0319      0.032     -0.996      0.319      -0.095       0.031
yr_2016                     -0.0360      0.032     -1.118      0.264      -0.099       0.027
yr_2017                      0.0211      0.033      0.647      0.517      -0.043       0.085
yr_2018                      0.0157      0.033      0.482      0.630      -0.048       0.080
mo_2                         0.0087      0.019      0.446      0.656      -0.029       0.047
mo_3                        -0.0048      0.019     -0.261      0.794      -0.041       0.031
mo_4                         0.0005      0.019      0.025      0.980      -0.036       0.037
mo_5                        -0.0133      0.020     -0.674      0.500      -0.052       0.025
mo_6                        -0.0261      0.019     -1.340      0.180      -0.064       0.012
mo_7                        -0.0242      0.019     -1.280      0.201      -0.061       0.013
mo_8                        -0.0254      0.018     -1.392      0.164      -0.061       0.010
mo_9                        -0.0285      0.019     -1.534      0.125      -0.065       0.008
mo_10                       -0.0075      0.018     -0.413      0.680      -0.043       0.028
mo_11                       -0.0246      0.019     -1.313      0.189      -0.061       0.012
mo_12                       -0.0300      0.018     -1.660      0.097      -0.065       0.005
genre_Action                -0.0542      0.011     -5.116      0.000      -0.075      -0.033
genre_Adventure             -0.0055      0.011     -0.489      0.625      -0.028       0.017
genre_Animation             -0.0277      0.018     -1.544      0.123      -0.063       0.007
genre_Biography             -0.0941      0.014     -6.623      0.000      -0.122      -0.066
genre_Comedy                -0.0026      0.010     -0.274      0.784      -0.021       0.016
genre_Crime                 -0.0892      0.010     -8.700      0.000      -0.109      -0.069
genre_Drama                  0.0110      0.009      1.167      0.243      -0.007       0.030
genre_Family                 0.0715      0.015      4.907      0.000       0.043       0.100
genre_Fantasy                0.0044      0.013      0.345      0.730      -0.020       0.029
genre_History                0.0168      0.020      0.821      0.412      -0.023       0.057
genre_Horror                -0.0330      0.015     -2.259      0.024      -0.062      -0.004
genre_Music                  0.1116      0.019      5.836      0.000       0.074       0.149
genre_Musical                0.3197      0.043      7.399      0.000       0.235       0.404
genre_Mystery               -0.0589      0.013     -4.677      0.000      -0.084      -0.034
genre_News               -1.785e-18   4.07e-18     -0.439      0.661   -9.76e-18    6.19e-18
genre_Romance               -0.0189      0.010     -1.829      0.067      -0.039       0.001
genre_Sci_Fi                -0.0130      0.014     -0.957      0.339      -0.040       0.014
genre_Short               3.255e-18   2.37e-18      1.373      0.170   -1.39e-18     7.9e-18
genre_Sport                 -0.0348      0.021     -1.681      0.093      -0.075       0.006
genre_Thriller              -0.0738      0.011     -6.931      0.000      -0.095      -0.053
genre_War                    0.0070      0.029      0.241      0.809      -0.050       0.064
genre_Western               -0.0450      0.051     -0.875      0.382      -0.146       0.056
==============================================================================
Omnibus:                     1667.685   Durbin-Watson:                   2.006
Prob(Omnibus):                  0.000   Jarque-Bera (JB):            13777.226
Skew:                           1.769   Prob(JB):                         0.00
Kurtosis:                      11.361   Cond. No.                     1.02e+16
==============================================================================

Notes:
[1] Standard Errors assume that the covariance matrix of the errors is correctly specified.
[2] The smallest eigenvalue is 6.37e-27. This might indicate that there are
strong multicollinearity problems or that the design matrix is singular.