                            OLS Regression Results                            
==============================================================================
Dep. Variable:              sd_pooled   R-squared:                       0.562
Model:                            OLS   Adj. R-squared:                  0.555
Method:                 Least Squares   F-statistic:                     79.12
Date:                Tue, 31 Mar 2026   Prob (F-statistic):               0.00
Time:                        12:27:44   Log-Likelihood:                 533.33
No. Observations:                4012   AIC:                            -936.7
Df Residuals:                    3947   BIC:                            -527.4
Df Model:                          64                                         
Covariance Type:            nonrobust                                         
============================================================================================
                               coef    std err          t      P>|t|      [0.025      0.975]
--------------------------------------------------------------------------------------------
const                        3.3798      0.048     69.865      0.000       3.285       3.475
FLead                        0.0470      0.008      5.852      0.000       0.031       0.063
mean_pooled                 -0.2337      0.004    -53.073      0.000      -0.242      -0.225
kim_violence_gore            0.0125      0.003      4.916      0.000       0.007       0.017
kim_sex_nudity               0.0112      0.002      5.643      0.000       0.007       0.015
kim_language                -0.0150      0.002     -7.982      0.000      -0.019      -0.011
major                       -0.0393      0.008     -4.884      0.000      -0.055      -0.024
log_bom_opening_theaters     0.0056      0.002      3.169      0.002       0.002       0.009
genres_count                -0.0102      0.007     -1.502      0.133      -0.023       0.003
yr_1993                     -0.0065      0.034     -0.188      0.851      -0.074       0.061
yr_1994                     -0.0035      0.035     -0.099      0.921      -0.072       0.065
yr_1995                      0.0429      0.035      1.236      0.217      -0.025       0.111
yr_1996                      0.0092      0.034      0.271      0.786      -0.057       0.076
yr_1997                      0.0126      0.035      0.364      0.716      -0.055       0.081
yr_1998                      0.0585      0.033      1.750      0.080      -0.007       0.124
yr_1999                      0.0613      0.033      1.881      0.060      -0.003       0.125
yr_2000                     -0.0092      0.034     -0.273      0.785      -0.075       0.057
yr_2001                      0.0567      0.033      1.717      0.086      -0.008       0.121
yr_2002                      0.0169      0.032      0.522      0.602      -0.047       0.081
yr_2003                      0.0004      0.033      0.011      0.991      -0.064       0.064
yr_2004                      0.0614      0.032      1.893      0.058      -0.002       0.125
yr_2005                      0.0488      0.032      1.516      0.129      -0.014       0.112
yr_2006                      0.0980      0.032      3.067      0.002       0.035       0.161
yr_2007                      0.1102      0.032      3.462      0.001       0.048       0.173
yr_2008                      0.0525      0.032      1.636      0.102      -0.010       0.115
yr_2009                      0.0327      0.032      1.007      0.314      -0.031       0.096
yr_2010                      0.0264      0.032      0.817      0.414      -0.037       0.090
yr_2011                      0.0301      0.032      0.947      0.344      -0.032       0.092
yr_2012                      0.0148      0.032      0.468      0.640      -0.047       0.077
yr_2013                      0.0079      0.032      0.249      0.803      -0.054       0.070
yr_2014                      0.0392      0.032      1.217      0.224      -0.024       0.102
yr_2015                     -0.0304      0.032     -0.950      0.342      -0.093       0.032
yr_2016                     -0.0348      0.032     -1.081      0.280      -0.098       0.028
yr_2017                      0.0206      0.033      0.633      0.527      -0.043       0.084
yr_2018                      0.0149      0.033      0.456      0.649      -0.049       0.079
mo_2                         0.0085      0.019      0.439      0.661      -0.030       0.047
mo_3                        -0.0037      0.019     -0.200      0.841      -0.040       0.033
mo_4                         0.0011      0.019      0.058      0.954      -0.036       0.038
mo_5                        -0.0120      0.020     -0.610      0.542      -0.051       0.027
mo_6                        -0.0245      0.019     -1.260      0.208      -0.063       0.014
mo_7                        -0.0230      0.019     -1.217      0.224      -0.060       0.014
mo_8                        -0.0247      0.018     -1.353      0.176      -0.060       0.011
mo_9                        -0.0272      0.019     -1.464      0.143      -0.064       0.009
mo_10                       -0.0067      0.018     -0.365      0.715      -0.042       0.029
mo_11                       -0.0238      0.019     -1.267      0.205      -0.061       0.013
mo_12                       -0.0264      0.018     -1.456      0.145      -0.062       0.009
genre_Action                -0.0561      0.011     -5.300      0.000      -0.077      -0.035
genre_Adventure             -0.0057      0.011     -0.504      0.615      -0.028       0.016
genre_Animation             -0.0285      0.018     -1.590      0.112      -0.064       0.007
genre_Biography             -0.0921      0.014     -6.474      0.000      -0.120      -0.064
genre_Comedy                -0.0025      0.010     -0.259      0.796      -0.021       0.016
genre_Crime                 -0.0886      0.010     -8.654      0.000      -0.109      -0.069
genre_Drama                  0.0141      0.010      1.486      0.137      -0.005       0.033
genre_Family                 0.0703      0.015      4.833      0.000       0.042       0.099
genre_Fantasy                0.0042      0.013      0.333      0.739      -0.021       0.029
genre_History                0.0184      0.020      0.902      0.367      -0.022       0.058
genre_Horror                -0.0353      0.015     -2.421      0.016      -0.064      -0.007
genre_Music                  0.1118      0.019      5.846      0.000       0.074       0.149
genre_Musical                0.3189      0.043      7.385      0.000       0.234       0.404
genre_Mystery               -0.0581      0.013     -4.617      0.000      -0.083      -0.033
genre_News               -3.576e-18   4.32e-18     -0.828      0.408    -1.2e-17    4.89e-18
genre_Romance               -0.0174      0.010     -1.696      0.090      -0.038       0.003
genre_Sci_Fi                -0.0123      0.014     -0.910      0.363      -0.039       0.014
genre_Short               4.239e-18    3.2e-18      1.324      0.186   -2.04e-18    1.05e-17
genre_Sport                 -0.0385      0.021     -1.857      0.063      -0.079       0.002
genre_Thriller              -0.0745      0.011     -7.000      0.000      -0.095      -0.054
genre_War                    0.0067      0.029      0.231      0.817      -0.050       0.064
genre_Western               -0.0450      0.051     -0.874      0.382      -0.146       0.056
==============================================================================
Omnibus:                     1646.098   Durbin-Watson:                   2.005
Prob(Omnibus):                  0.000   Jarque-Bera (JB):            13318.821
Skew:                           1.748   Prob(JB):                         0.00
Kurtosis:                      11.213   Cond. No.                     1.02e+16
==============================================================================

Notes:
[1] Standard Errors assume that the covariance matrix of the errors is correctly specified.
[2] The smallest eigenvalue is 6.39e-27. This might indicate that there are
strong multicollinearity problems or that the design matrix is singular.