                            OLS Regression Results                            
==============================================================================
Dep. Variable:              sd_pooled   R-squared:                       0.561
Model:                            OLS   Adj. R-squared:                  0.554
Method:                 Least Squares   F-statistic:                     78.85
Date:                Tue, 31 Mar 2026   Prob (F-statistic):               0.00
Time:                        12:27:30   Log-Likelihood:                 529.49
No. Observations:                4012   AIC:                            -929.0
Df Residuals:                    3947   BIC:                            -519.7
Df Model:                          64                                         
Covariance Type:            nonrobust                                         
============================================================================================
                               coef    std err          t      P>|t|      [0.025      0.975]
--------------------------------------------------------------------------------------------
const                        3.3829      0.048     69.793      0.000       3.288       3.478
FLead                        0.0472      0.008      5.866      0.000       0.031       0.063
mean_pooled                 -0.2338      0.004    -52.977      0.000      -0.242      -0.225
kim_violence_gore            0.0127      0.003      4.982      0.000       0.008       0.018
kim_sex_nudity               0.0099      0.002      4.923      0.000       0.006       0.014
kim_language                -0.0143      0.002     -7.673      0.000      -0.018      -0.011
major                       -0.0397      0.008     -4.932      0.000      -0.055      -0.024
log_bom_opening_theaters     0.0055      0.002      3.126      0.002       0.002       0.009
genres_count                -0.0105      0.007     -1.558      0.119      -0.024       0.003
yr_1993                     -0.0069      0.034     -0.199      0.842      -0.074       0.061
yr_1994                     -0.0039      0.035     -0.110      0.912      -0.073       0.065
yr_1995                      0.0422      0.035      1.215      0.225      -0.026       0.110
yr_1996                      0.0076      0.034      0.224      0.823      -0.059       0.074
yr_1997                      0.0112      0.035      0.321      0.748      -0.057       0.079
yr_1998                      0.0571      0.033      1.707      0.088      -0.008       0.123
yr_1999                      0.0608      0.033      1.864      0.062      -0.003       0.125
yr_2000                     -0.0077      0.034     -0.230      0.818      -0.074       0.058
yr_2001                      0.0561      0.033      1.697      0.090      -0.009       0.121
yr_2002                      0.0170      0.032      0.525      0.600      -0.047       0.081
yr_2003                      0.0010      0.033      0.030      0.976      -0.063       0.065
yr_2004                      0.0627      0.032      1.931      0.054      -0.001       0.126
yr_2005                      0.0492      0.032      1.528      0.127      -0.014       0.112
yr_2006                      0.0979      0.032      3.061      0.002       0.035       0.161
yr_2007                      0.1123      0.032      3.525      0.000       0.050       0.175
yr_2008                      0.0530      0.032      1.651      0.099      -0.010       0.116
yr_2009                      0.0333      0.033      1.024      0.306      -0.030       0.097
yr_2010                      0.0274      0.032      0.844      0.399      -0.036       0.091
yr_2011                      0.0309      0.032      0.970      0.332      -0.032       0.093
yr_2012                      0.0148      0.032      0.468      0.640      -0.047       0.077
yr_2013                      0.0086      0.032      0.269      0.788      -0.054       0.071
yr_2014                      0.0401      0.032      1.243      0.214      -0.023       0.103
yr_2015                     -0.0307      0.032     -0.959      0.338      -0.093       0.032
yr_2016                     -0.0361      0.032     -1.120      0.263      -0.099       0.027
yr_2017                      0.0209      0.033      0.641      0.522      -0.043       0.085
yr_2018                      0.0147      0.033      0.450      0.653      -0.049       0.079
mo_2                         0.0084      0.019      0.433      0.665      -0.030       0.047
mo_3                        -0.0042      0.019     -0.227      0.820      -0.041       0.032
mo_4                         0.0008      0.019      0.045      0.964      -0.036       0.038
mo_5                        -0.0122      0.020     -0.619      0.536      -0.051       0.026
mo_6                        -0.0253      0.019     -1.301      0.193      -0.064       0.013
mo_7                        -0.0233      0.019     -1.232      0.218      -0.060       0.014
mo_8                        -0.0248      0.018     -1.357      0.175      -0.061       0.011
mo_9                        -0.0272      0.019     -1.467      0.142      -0.064       0.009
mo_10                       -0.0069      0.018     -0.376      0.707      -0.043       0.029
mo_11                       -0.0231      0.019     -1.230      0.219      -0.060       0.014
mo_12                       -0.0259      0.018     -1.426      0.154      -0.061       0.010
genre_Action                -0.0566      0.011     -5.334      0.000      -0.077      -0.036
genre_Adventure             -0.0055      0.011     -0.489      0.625      -0.028       0.017
genre_Animation             -0.0285      0.018     -1.583      0.114      -0.064       0.007
genre_Biography             -0.0917      0.014     -6.438      0.000      -0.120      -0.064
genre_Comedy                -0.0022      0.010     -0.230      0.818      -0.021       0.016
genre_Crime                 -0.0886      0.010     -8.646      0.000      -0.109      -0.069
genre_Drama                  0.0138      0.010      1.452      0.147      -0.005       0.032
genre_Family                 0.0697      0.015      4.785      0.000       0.041       0.098
genre_Fantasy                0.0049      0.013      0.385      0.700      -0.020       0.030
genre_History                0.0185      0.020      0.908      0.364      -0.022       0.059
genre_Horror                -0.0355      0.015     -2.428      0.015      -0.064      -0.007
genre_Music                  0.1128      0.019      5.895      0.000       0.075       0.150
genre_Musical                0.3204      0.043      7.414      0.000       0.236       0.405
genre_Mystery               -0.0574      0.013     -4.563      0.000      -0.082      -0.033
genre_News                 7.29e-18    4.1e-18      1.777      0.076   -7.51e-19    1.53e-17
genre_Romance               -0.0159      0.010     -1.546      0.122      -0.036       0.004
genre_Sci_Fi                -0.0134      0.014     -0.990      0.322      -0.040       0.013
genre_Short              -7.452e-18   2.79e-18     -2.668      0.008   -1.29e-17   -1.98e-18
genre_Sport                 -0.0376      0.021     -1.815      0.070      -0.078       0.003
genre_Thriller              -0.0748      0.011     -7.017      0.000      -0.096      -0.054
genre_War                    0.0084      0.029      0.289      0.773      -0.049       0.066
genre_Western               -0.0515      0.051     -1.000      0.318      -0.152       0.049
==============================================================================
Omnibus:                     1647.286   Durbin-Watson:                   2.007
Prob(Omnibus):                  0.000   Jarque-Bera (JB):            13278.069
Skew:                           1.751   Prob(JB):                         0.00
Kurtosis:                      11.196   Cond. No.                     1.02e+16
==============================================================================

Notes:
[1] Standard Errors assume that the covariance matrix of the errors is correctly specified.
[2] The smallest eigenvalue is 6.4e-27. This might indicate that there are
strong multicollinearity problems or that the design matrix is singular.