                            OLS Regression Results                            
==============================================================================
Dep. Variable:              sd_pooled   R-squared:                       0.562
Model:                            OLS   Adj. R-squared:                  0.555
Method:                 Least Squares   F-statistic:                     79.13
Date:                Tue, 31 Mar 2026   Prob (F-statistic):               0.00
Time:                        20:42:37   Log-Likelihood:                 533.40
No. Observations:                4012   AIC:                            -936.8
Df Residuals:                    3947   BIC:                            -527.5
Df Model:                          64                                         
Covariance Type:            nonrobust                                         
============================================================================================
                               coef    std err          t      P>|t|      [0.025      0.975]
--------------------------------------------------------------------------------------------
const                        3.3795      0.048     69.854      0.000       3.285       3.474
FLead                        0.0468      0.008      5.827      0.000       0.031       0.063
mean_pooled                 -0.2335      0.004    -53.004      0.000      -0.242      -0.225
kim_violence_gore            0.0120      0.003      4.749      0.000       0.007       0.017
kim_sex_nudity               0.0116      0.002      5.754      0.000       0.008       0.016
kim_language                -0.0150      0.002     -7.989      0.000      -0.019      -0.011
major                       -0.0398      0.008     -4.955      0.000      -0.056      -0.024
log_bom_opening_theaters     0.0056      0.002      3.167      0.002       0.002       0.009
genres_count                -0.0095      0.007     -1.396      0.163      -0.023       0.004
yr_1993                     -0.0060      0.034     -0.174      0.862      -0.074       0.062
yr_1994                     -0.0030      0.035     -0.085      0.932      -0.072       0.066
yr_1995                      0.0430      0.035      1.239      0.215      -0.025       0.111
yr_1996                      0.0086      0.034      0.251      0.802      -0.058       0.075
yr_1997                      0.0126      0.035      0.363      0.716      -0.055       0.081
yr_1998                      0.0590      0.033      1.764      0.078      -0.007       0.125
yr_1999                      0.0600      0.033      1.842      0.066      -0.004       0.124
yr_2000                     -0.0091      0.034     -0.271      0.787      -0.075       0.057
yr_2001                      0.0557      0.033      1.688      0.091      -0.009       0.120
yr_2002                      0.0155      0.032      0.478      0.633      -0.048       0.079
yr_2003                     -0.0008      0.033     -0.025      0.980      -0.065       0.063
yr_2004                      0.0608      0.032      1.873      0.061      -0.003       0.124
yr_2005                      0.0477      0.032      1.483      0.138      -0.015       0.111
yr_2006                      0.0964      0.032      3.014      0.003       0.034       0.159
yr_2007                      0.1104      0.032      3.467      0.001       0.048       0.173
yr_2008                      0.0517      0.032      1.611      0.107      -0.011       0.115
yr_2009                      0.0309      0.032      0.951      0.342      -0.033       0.095
yr_2010                      0.0260      0.032      0.803      0.422      -0.037       0.089
yr_2011                      0.0295      0.032      0.927      0.354      -0.033       0.092
yr_2012                      0.0142      0.032      0.447      0.655      -0.048       0.076
yr_2013                      0.0067      0.032      0.209      0.834      -0.056       0.069
yr_2014                      0.0393      0.032      1.220      0.223      -0.024       0.102
yr_2015                     -0.0321      0.032     -1.003      0.316      -0.095       0.031
yr_2016                     -0.0360      0.032     -1.116      0.265      -0.099       0.027
yr_2017                      0.0202      0.033      0.619      0.536      -0.044       0.084
yr_2018                      0.0147      0.033      0.450      0.653      -0.049       0.079
mo_2                         0.0080      0.019      0.412      0.680      -0.030       0.046
mo_3                        -0.0043      0.019     -0.230      0.818      -0.041       0.032
mo_4                         0.0009      0.019      0.045      0.964      -0.036       0.038
mo_5                        -0.0126      0.020     -0.638      0.523      -0.051       0.026
mo_6                        -0.0251      0.019     -1.291      0.197      -0.063       0.013
mo_7                        -0.0234      0.019     -1.236      0.216      -0.060       0.014
mo_8                        -0.0250      0.018     -1.374      0.170      -0.061       0.011
mo_9                        -0.0270      0.019     -1.458      0.145      -0.063       0.009
mo_10                       -0.0068      0.018     -0.374      0.708      -0.043       0.029
mo_11                       -0.0240      0.019     -1.280      0.201      -0.061       0.013
mo_12                       -0.0260      0.018     -1.432      0.152      -0.061       0.010
genre_Action                -0.0549      0.011     -5.187      0.000      -0.076      -0.034
genre_Adventure             -0.0060      0.011     -0.533      0.594      -0.028       0.016
genre_Animation             -0.0282      0.018     -1.568      0.117      -0.063       0.007
genre_Biography             -0.0922      0.014     -6.481      0.000      -0.120      -0.064
genre_Comedy                -0.0034      0.010     -0.353      0.724      -0.022       0.015
genre_Crime                 -0.0887      0.010     -8.665      0.000      -0.109      -0.069
genre_Drama                  0.0136      0.010      1.435      0.151      -0.005       0.032
genre_Family                 0.0711      0.015      4.879      0.000       0.043       0.100
genre_Fantasy                0.0041      0.013      0.324      0.746      -0.021       0.029
genre_History                0.0180      0.020      0.883      0.377      -0.022       0.058
genre_Horror                -0.0333      0.015     -2.288      0.022      -0.062      -0.005
genre_Music                  0.1112      0.019      5.821      0.000       0.074       0.149
genre_Musical                0.3183      0.043      7.372      0.000       0.234       0.403
genre_Mystery               -0.0586      0.013     -4.657      0.000      -0.083      -0.034
genre_News               -3.212e-18   3.35e-18     -0.959      0.338   -9.78e-18    3.36e-18
genre_Romance               -0.0190      0.010     -1.843      0.065      -0.039       0.001
genre_Sci_Fi                -0.0129      0.014     -0.953      0.340      -0.040       0.014
genre_Short               -5.03e-18    4.6e-18     -1.094      0.274    -1.4e-17    3.99e-18
genre_Sport                 -0.0378      0.021     -1.824      0.068      -0.078       0.003
genre_Thriller              -0.0740      0.011     -6.953      0.000      -0.095      -0.053
genre_War                    0.0106      0.029      0.364      0.716      -0.047       0.068
genre_Western               -0.0475      0.051     -0.923      0.356      -0.148       0.053
==============================================================================
Omnibus:                     1646.187   Durbin-Watson:                   2.006
Prob(Omnibus):                  0.000   Jarque-Bera (JB):            13323.365
Skew:                           1.748   Prob(JB):                         0.00
Kurtosis:                      11.215   Cond. No.                     1.02e+16
==============================================================================

Notes:
[1] Standard Errors assume that the covariance matrix of the errors is correctly specified.
[2] The smallest eigenvalue is 6.38e-27. This might indicate that there are
strong multicollinearity problems or that the design matrix is singular.