                            OLS Regression Results                            
==============================================================================
Dep. Variable:              sd_pooled   R-squared:                       0.562
Model:                            OLS   Adj. R-squared:                  0.555
Method:                 Least Squares   F-statistic:                     78.32
Date:                Tue, 31 Mar 2026   Prob (F-statistic):               0.00
Time:                        11:09:28   Log-Likelihood:                 522.74
No. Observations:                3972   AIC:                            -915.5
Df Residuals:                    3907   BIC:                            -506.8
Df Model:                          64                                         
Covariance Type:            nonrobust                                         
============================================================================================
                               coef    std err          t      P>|t|      [0.025      0.975]
--------------------------------------------------------------------------------------------
const                        3.3917      0.049     69.241      0.000       3.296       3.488
FLead                        0.0470      0.008      5.812      0.000       0.031       0.063
mean_pooled                 -0.2345      0.004    -52.701      0.000      -0.243      -0.226
kim_violence_gore            0.0123      0.003      4.794      0.000       0.007       0.017
kim_sex_nudity               0.0112      0.002      5.482      0.000       0.007       0.015
kim_language                -0.0148      0.002     -7.837      0.000      -0.018      -0.011
major                       -0.0394      0.008     -4.876      0.000      -0.055      -0.024
log_bom_opening_theaters     0.0055      0.002      3.074      0.002       0.002       0.009
genres_count                -0.0098      0.007     -1.441      0.150      -0.023       0.004
yr_1993                     -0.0098      0.035     -0.281      0.779      -0.078       0.059
yr_1994                     -0.0078      0.036     -0.219      0.826      -0.078       0.062
yr_1995                      0.0395      0.035      1.119      0.263      -0.030       0.109
yr_1996                      0.0022      0.035      0.063      0.949      -0.066       0.070
yr_1997                      0.0095      0.035      0.270      0.787      -0.060       0.079
yr_1998                      0.0520      0.034      1.532      0.126      -0.015       0.119
yr_1999                      0.0581      0.033      1.757      0.079      -0.007       0.123
yr_2000                     -0.0104      0.034     -0.305      0.761      -0.077       0.056
yr_2001                      0.0541      0.033      1.616      0.106      -0.012       0.120
yr_2002                      0.0079      0.033      0.241      0.810      -0.057       0.073
yr_2003                     -0.0035      0.033     -0.106      0.915      -0.069       0.062
yr_2004                      0.0605      0.033      1.837      0.066      -0.004       0.125
yr_2005                      0.0445      0.033      1.363      0.173      -0.020       0.109
yr_2006                      0.0934      0.032      2.881      0.004       0.030       0.157
yr_2007                      0.1085      0.032      3.359      0.001       0.045       0.172
yr_2008                      0.0493      0.033      1.515      0.130      -0.015       0.113
yr_2009                      0.0303      0.033      0.919      0.358      -0.034       0.095
yr_2010                      0.0220      0.033      0.671      0.502      -0.042       0.086
yr_2011                      0.0273      0.032      0.847      0.397      -0.036       0.091
yr_2012                      0.0115      0.032      0.357      0.721      -0.051       0.074
yr_2013                      0.0019      0.032      0.058      0.954      -0.062       0.065
yr_2014                      0.0382      0.033      1.167      0.243      -0.026       0.102
yr_2015                     -0.0353      0.032     -1.088      0.277      -0.099       0.028
yr_2016                     -0.0391      0.033     -1.197      0.231      -0.103       0.025
yr_2017                      0.0174      0.033      0.528      0.597      -0.047       0.082
yr_2018                      0.0116      0.033      0.350      0.726      -0.053       0.077
mo_2                         0.0058      0.020      0.296      0.767      -0.033       0.044
mo_3                        -0.0063      0.019     -0.339      0.734      -0.043       0.030
mo_4                        -0.0005      0.019     -0.029      0.977      -0.037       0.036
mo_5                        -0.0142      0.020     -0.718      0.473      -0.053       0.025
mo_6                        -0.0295      0.020     -1.506      0.132      -0.068       0.009
mo_7                        -0.0238      0.019     -1.254      0.210      -0.061       0.013
mo_8                        -0.0257      0.018     -1.401      0.161      -0.062       0.010
mo_9                        -0.0296      0.019     -1.587      0.112      -0.066       0.007
mo_10                       -0.0089      0.018     -0.487      0.626      -0.045       0.027
mo_11                       -0.0258      0.019     -1.372      0.170      -0.063       0.011
mo_12                       -0.0278      0.018     -1.527      0.127      -0.064       0.008
genre_Action                -0.0546      0.011     -5.112      0.000      -0.075      -0.034
genre_Adventure             -0.0061      0.011     -0.536      0.592      -0.028       0.016
genre_Animation             -0.0292      0.018     -1.615      0.106      -0.065       0.006
genre_Biography             -0.0903      0.014     -6.306      0.000      -0.118      -0.062
genre_Comedy                -0.0037      0.010     -0.385      0.701      -0.022       0.015
genre_Crime                 -0.0899      0.010     -8.719      0.000      -0.110      -0.070
genre_Drama                  0.0134      0.010      1.405      0.160      -0.005       0.032
genre_Family                 0.0713      0.015      4.875      0.000       0.043       0.100
genre_Fantasy                0.0054      0.013      0.424      0.672      -0.020       0.030
genre_History                0.0162      0.021      0.789      0.430      -0.024       0.057
genre_Horror                -0.0371      0.015     -2.528      0.012      -0.066      -0.008
genre_Music                  0.1152      0.019      5.969      0.000       0.077       0.153
genre_Musical                0.3188      0.043      7.371      0.000       0.234       0.404
genre_Mystery               -0.0585      0.013     -4.634      0.000      -0.083      -0.034
genre_News                1.447e-17    5.3e-18      2.728      0.006    4.07e-18    2.49e-17
genre_Romance               -0.0175      0.010     -1.685      0.092      -0.038       0.003
genre_Sci_Fi                -0.0134      0.014     -0.983      0.326      -0.040       0.013
genre_Short               6.596e-18   2.21e-18      2.987      0.003    2.27e-18    1.09e-17
genre_Sport                 -0.0380      0.021     -1.829      0.067      -0.079       0.003
genre_Thriller              -0.0739      0.011     -6.902      0.000      -0.095      -0.053
genre_War                    0.0104      0.029      0.356      0.722      -0.047       0.068
genre_Western               -0.0485      0.052     -0.941      0.347      -0.150       0.053
==============================================================================
Omnibus:                     1635.223   Durbin-Watson:                   2.010
Prob(Omnibus):                  0.000   Jarque-Bera (JB):            13289.055
Skew:                           1.753   Prob(JB):                         0.00
Kurtosis:                      11.246   Cond. No.                     1.02e+16
==============================================================================

Notes:
[1] Standard Errors assume that the covariance matrix of the errors is correctly specified.
[2] The smallest eigenvalue is 6.33e-27. This might indicate that there are
strong multicollinearity problems or that the design matrix is singular.