                            OLS Regression Results                            
==============================================================================
Dep. Variable:              sd_pooled   R-squared:                       0.559
Model:                            OLS   Adj. R-squared:                  0.551
Method:                 Least Squares   F-statistic:                     78.05
Date:                Sun, 29 Mar 2026   Prob (F-statistic):               0.00
Time:                        16:04:39   Log-Likelihood:                 518.00
No. Observations:                4012   AIC:                            -906.0
Df Residuals:                    3947   BIC:                            -496.7
Df Model:                          64                                         
Covariance Type:            nonrobust                                         
============================================================================================
                               coef    std err          t      P>|t|      [0.025      0.975]
--------------------------------------------------------------------------------------------
const                        3.4089      0.049     70.188      0.000       3.314       3.504
FLead                        0.0495      0.008      6.150      0.000       0.034       0.065
mean_pooled                 -0.2360      0.004    -53.596      0.000      -0.245      -0.227
kim_violence_gore            0.0148      0.003      5.895      0.000       0.010       0.020
kim_sex_nudity               0.0029      0.002      1.248      0.212      -0.002       0.007
kim_language                -0.0115      0.002     -6.430      0.000      -0.015      -0.008
major                       -0.0398      0.008     -4.937      0.000      -0.056      -0.024
log_bom_opening_theaters     0.0048      0.002      2.716      0.007       0.001       0.008
genres_count                -0.0143      0.007     -2.117      0.034      -0.028      -0.001
yr_1993                     -0.0086      0.035     -0.248      0.804      -0.076       0.059
yr_1994                     -0.0028      0.035     -0.081      0.936      -0.072       0.066
yr_1995                      0.0406      0.035      1.167      0.243      -0.028       0.109
yr_1996                      0.0030      0.034      0.088      0.930      -0.064       0.070
yr_1997                      0.0050      0.035      0.145      0.885      -0.063       0.073
yr_1998                      0.0570      0.034      1.697      0.090      -0.009       0.123
yr_1999                      0.0630      0.033      1.925      0.054      -0.001       0.127
yr_2000                     -0.0039      0.034     -0.115      0.908      -0.070       0.062
yr_2001                      0.0623      0.033      1.880      0.060      -0.003       0.127
yr_2002                      0.0201      0.033      0.616      0.538      -0.044       0.084
yr_2003                      0.0070      0.033      0.214      0.830      -0.057       0.071
yr_2004                      0.0710      0.033      2.179      0.029       0.007       0.135
yr_2005                      0.0557      0.032      1.727      0.084      -0.008       0.119
yr_2006                      0.1071      0.032      3.343      0.001       0.044       0.170
yr_2007                      0.1188      0.032      3.718      0.000       0.056       0.181
yr_2008                      0.0606      0.032      1.884      0.060      -0.002       0.124
yr_2009                      0.0439      0.033      1.351      0.177      -0.020       0.108
yr_2010                      0.0361      0.032      1.111      0.267      -0.028       0.100
yr_2011                      0.0374      0.032      1.172      0.241      -0.025       0.100
yr_2012                      0.0205      0.032      0.644      0.520      -0.042       0.083
yr_2013                      0.0123      0.032      0.385      0.700      -0.050       0.075
yr_2014                      0.0423      0.032      1.308      0.191      -0.021       0.106
yr_2015                     -0.0269      0.032     -0.837      0.403      -0.090       0.036
yr_2016                     -0.0338      0.032     -1.043      0.297      -0.097       0.030
yr_2017                      0.0243      0.033      0.744      0.457      -0.040       0.088
yr_2018                      0.0155      0.033      0.474      0.636      -0.049       0.080
mo_2                         0.0103      0.020      0.526      0.599      -0.028       0.049
mo_3                        -0.0026      0.019     -0.142      0.887      -0.039       0.034
mo_4                         0.0024      0.019      0.127      0.899      -0.034       0.039
mo_5                        -0.0087      0.020     -0.437      0.662      -0.047       0.030
mo_6                        -0.0228      0.020     -1.169      0.243      -0.061       0.015
mo_7                        -0.0207      0.019     -1.090      0.276      -0.058       0.017
mo_8                        -0.0235      0.018     -1.282      0.200      -0.059       0.012
mo_9                        -0.0252      0.019     -1.355      0.176      -0.062       0.011
mo_10                       -0.0055      0.018     -0.302      0.762      -0.041       0.030
mo_11                       -0.0200      0.019     -1.065      0.287      -0.057       0.017
mo_12                       -0.0253      0.018     -1.389      0.165      -0.061       0.010
genre_Action                -0.0609      0.011     -5.743      0.000      -0.082      -0.040
genre_Adventure             -0.0067      0.011     -0.594      0.552      -0.029       0.015
genre_Animation             -0.0304      0.018     -1.682      0.093      -0.066       0.005
genre_Biography             -0.0892      0.014     -6.245      0.000      -0.117      -0.061
genre_Comedy                 0.0026      0.010      0.276      0.783      -0.016       0.021
genre_Crime                 -0.0884      0.010     -8.587      0.000      -0.109      -0.068
genre_Drama                  0.0153      0.010      1.602      0.109      -0.003       0.034
genre_Family                 0.0648      0.015      4.423      0.000       0.036       0.094
genre_Fantasy                0.0064      0.013      0.505      0.613      -0.018       0.031
genre_History                0.0193      0.020      0.944      0.345      -0.021       0.060
genre_Horror                -0.0423      0.015     -2.902      0.004      -0.071      -0.014
genre_Music                  0.1166      0.019      6.080      0.000       0.079       0.154
genre_Musical                0.3266      0.043      7.538      0.000       0.242       0.412
genre_Mystery               -0.0565      0.013     -4.476      0.000      -0.081      -0.032
genre_News                -1.81e-17    9.8e-18     -1.847      0.065   -3.73e-17    1.11e-18
genre_Romance               -0.0071      0.010     -0.694      0.488      -0.027       0.013
genre_Sci_Fi                -0.0132      0.014     -0.971      0.332      -0.040       0.013
genre_Short               7.709e-18   2.49e-18      3.094      0.002    2.82e-18    1.26e-17
genre_Sport                 -0.0391      0.021     -1.878      0.060      -0.080       0.002
genre_Thriller              -0.0757      0.011     -7.084      0.000      -0.097      -0.055
genre_War                   -0.0001      0.029     -0.005      0.996      -0.057       0.057
genre_Western               -0.0566      0.052     -1.095      0.273      -0.158       0.045
==============================================================================
Omnibus:                     1636.958   Durbin-Watson:                   2.007
Prob(Omnibus):                  0.000   Jarque-Bera (JB):            12936.240
Skew:                           1.744   Prob(JB):                         0.00
Kurtosis:                      11.076   Cond. No.                     1.02e+16
==============================================================================

Notes:
[1] Standard Errors assume that the covariance matrix of the errors is correctly specified.
[2] The smallest eigenvalue is 6.17e-27. This might indicate that there are
strong multicollinearity problems or that the design matrix is singular.