                            OLS Regression Results                            
==============================================================================
Dep. Variable:              sd_pooled   R-squared:                       0.564
Model:                            OLS   Adj. R-squared:                  0.554
Method:                 Least Squares   F-statistic:                     55.57
Date:                Tue, 31 Mar 2026   Prob (F-statistic):               0.00
Time:                        19:41:40   Log-Likelihood:                 323.84
No. Observations:                2809   AIC:                            -517.7
Df Residuals:                    2744   BIC:                            -131.5
Df Model:                          64                                         
Covariance Type:            nonrobust                                         
============================================================================================
                               coef    std err          t      P>|t|      [0.025      0.975]
--------------------------------------------------------------------------------------------
const                        3.3999      0.059     57.628      0.000       3.284       3.516
FLead                        0.0444      0.010      4.514      0.000       0.025       0.064
mean_pooled                 -0.2371      0.005    -43.776      0.000      -0.248      -0.226
kim_violence_gore            0.0135      0.003      4.396      0.000       0.007       0.019
kim_sex_nudity               0.0097      0.002      3.984      0.000       0.005       0.014
kim_language                -0.0152      0.002     -6.760      0.000      -0.020      -0.011
major                       -0.0474      0.010     -4.782      0.000      -0.067      -0.028
log_bom_opening_theaters     0.0079      0.002      3.643      0.000       0.004       0.012
genres_count                -0.0107      0.008     -1.299      0.194      -0.027       0.005
yr_1993                     -0.0113      0.043     -0.262      0.793      -0.096       0.073
yr_1994                     -0.0006      0.044     -0.014      0.989      -0.088       0.086
yr_1995                      0.0534      0.042      1.258      0.208      -0.030       0.137
yr_1996                      0.0044      0.041      0.106      0.916      -0.076       0.085
yr_1997                      0.0048      0.042      0.116      0.908      -0.077       0.087
yr_1998                      0.0470      0.041      1.142      0.254      -0.034       0.128
yr_1999                      0.0575      0.040      1.450      0.147      -0.020       0.135
yr_2000                     -0.0063      0.042     -0.151      0.880      -0.088       0.076
yr_2001                      0.0510      0.040      1.277      0.202      -0.027       0.129
yr_2002                      0.0096      0.040      0.243      0.808      -0.068       0.087
yr_2003                     -0.0059      0.040     -0.149      0.882      -0.084       0.072
yr_2004                      0.0833      0.039      2.112      0.035       0.006       0.161
yr_2005                      0.0489      0.040      1.223      0.221      -0.029       0.127
yr_2006                      0.1003      0.039      2.549      0.011       0.023       0.178
yr_2007                      0.1414      0.039      3.626      0.000       0.065       0.218
yr_2008                      0.0448      0.039      1.144      0.253      -0.032       0.122
yr_2009                      0.0259      0.040      0.640      0.522      -0.053       0.105
yr_2010                      0.0309      0.040      0.775      0.439      -0.047       0.109
yr_2011                      0.0262      0.039      0.670      0.503      -0.050       0.103
yr_2012                      0.0292      0.038      0.761      0.447      -0.046       0.104
yr_2013                      0.0124      0.039      0.316      0.752      -0.065       0.089
yr_2014                      0.0403      0.039      1.029      0.303      -0.036       0.117
yr_2015                     -0.0170      0.039     -0.434      0.664      -0.094       0.060
yr_2016                     -0.0464      0.039     -1.182      0.237      -0.123       0.031
yr_2017                      0.0304      0.040      0.769      0.442      -0.047       0.108
yr_2018                      0.0332      0.041      0.814      0.416      -0.047       0.113
mo_2                         0.0078      0.024      0.329      0.742      -0.039       0.054
mo_3                         0.0038      0.022      0.171      0.864      -0.040       0.048
mo_4                         0.0099      0.022      0.444      0.657      -0.034       0.054
mo_5                        -0.0225      0.024     -0.941      0.347      -0.069       0.024
mo_6                        -0.0297      0.023     -1.269      0.204      -0.076       0.016
mo_7                        -0.0230      0.023     -0.995      0.320      -0.068       0.022
mo_8                        -0.0339      0.022     -1.521      0.128      -0.078       0.010
mo_9                        -0.0326      0.022     -1.469      0.142      -0.076       0.011
mo_10                       -0.0199      0.022     -0.913      0.361      -0.063       0.023
mo_11                       -0.0319      0.023     -1.399      0.162      -0.077       0.013
mo_12                       -0.0265      0.022     -1.196      0.232      -0.070       0.017
genre_Action                -0.0625      0.013     -4.706      0.000      -0.088      -0.036
genre_Adventure             -0.0064      0.014     -0.450      0.652      -0.034       0.021
genre_Animation             -0.0227      0.022     -1.010      0.313      -0.067       0.021
genre_Biography             -0.0986      0.018     -5.569      0.000      -0.133      -0.064
genre_Comedy                -0.0070      0.012     -0.584      0.559      -0.031       0.017
genre_Crime                 -0.0936      0.013     -7.213      0.000      -0.119      -0.068
genre_Drama                  0.0182      0.012      1.538      0.124      -0.005       0.041
genre_Family                 0.0728      0.019      3.936      0.000       0.037       0.109
genre_Fantasy               -0.0013      0.016     -0.082      0.935      -0.033       0.030
genre_History                0.0246      0.025      0.986      0.324      -0.024       0.074
genre_Horror                -0.0415      0.018     -2.311      0.021      -0.077      -0.006
genre_Music                  0.1161      0.025      4.695      0.000       0.068       0.165
genre_Musical                0.3385      0.059      5.770      0.000       0.223       0.453
genre_Mystery               -0.0570      0.016     -3.597      0.000      -0.088      -0.026
genre_News               -4.524e-18    3.7e-18     -1.221      0.222   -1.18e-17    2.74e-18
genre_Romance               -0.0014      0.013     -0.107      0.915      -0.026       0.024
genre_Sci_Fi                -0.0054      0.017     -0.318      0.751      -0.039       0.028
genre_Short              -4.073e-18   2.93e-18     -1.391      0.164   -9.82e-18    1.67e-18
genre_Sport                 -0.0463      0.026     -1.809      0.071      -0.097       0.004
genre_Thriller              -0.0818      0.013     -6.075      0.000      -0.108      -0.055
genre_War                   -0.0117      0.036     -0.328      0.743      -0.082       0.058
genre_Western               -0.0438      0.070     -0.623      0.533      -0.182       0.094
==============================================================================
Omnibus:                     1237.271   Durbin-Watson:                   1.982
Prob(Omnibus):                  0.000   Jarque-Bera (JB):            11364.990
Skew:                           1.850   Prob(JB):                         0.00
Kurtosis:                      12.133   Cond. No.                     1.02e+16
==============================================================================

Notes:
[1] Standard Errors assume that the covariance matrix of the errors is correctly specified.
[2] The smallest eigenvalue is 4.47e-27. This might indicate that there are
strong multicollinearity problems or that the design matrix is singular.