                            OLS Regression Results                            
==============================================================================
Dep. Variable:              sd_pooled   R-squared:                       0.551
Model:                            OLS   Adj. R-squared:                  0.541
Method:                 Least Squares   F-statistic:                     52.65
Date:                Sun, 29 Mar 2026   Prob (F-statistic):               0.00
Time:                        15:40:39   Log-Likelihood:                 330.63
No. Observations:                2809   AIC:                            -531.3
Df Residuals:                    2744   BIC:                            -145.1
Df Model:                          64                                         
Covariance Type:            nonrobust                                         
============================================================================================
                               coef    std err          t      P>|t|      [0.025      0.975]
--------------------------------------------------------------------------------------------
const                        3.3622      0.058     58.314      0.000       3.249       3.475
FLead                        0.0565      0.010      5.790      0.000       0.037       0.076
mean_pooled                 -0.2314      0.005    -42.393      0.000      -0.242      -0.221
kim_violence_gore            0.0102      0.003      3.312      0.001       0.004       0.016
kim_sex_nudity               0.0120      0.002      4.838      0.000       0.007       0.017
kim_language                -0.0158      0.002     -6.892      0.000      -0.020      -0.011
major                       -0.0415      0.010     -4.210      0.000      -0.061      -0.022
log_bom_opening_theaters     0.0063      0.002      2.944      0.003       0.002       0.011
genres_count                -0.0105      0.008     -1.321      0.187      -0.026       0.005
yr_1993                      0.0023      0.040      0.057      0.955      -0.077       0.081
yr_1994                     -0.0248      0.042     -0.585      0.559      -0.108       0.058
yr_1995                      0.0393      0.041      0.949      0.343      -0.042       0.121
yr_1996                      0.0139      0.041      0.343      0.732      -0.066       0.093
yr_1997                      0.0210      0.040      0.520      0.603      -0.058       0.100
yr_1998                      0.0564      0.040      1.406      0.160      -0.022       0.135
yr_1999                      0.0566      0.038      1.475      0.140      -0.019       0.132
yr_2000                      0.0023      0.039      0.057      0.954      -0.075       0.080
yr_2001                      0.0776      0.039      1.981      0.048       0.001       0.154
yr_2002                      0.0333      0.038      0.873      0.383      -0.042       0.108
yr_2003                      0.0085      0.039      0.219      0.827      -0.068       0.084
yr_2004                      0.0509      0.038      1.329      0.184      -0.024       0.126
yr_2005                      0.0417      0.038      1.094      0.274      -0.033       0.116
yr_2006                      0.1011      0.038      2.653      0.008       0.026       0.176
yr_2007                      0.1083      0.038      2.849      0.004       0.034       0.183
yr_2008                      0.0591      0.039      1.534      0.125      -0.016       0.135
yr_2009                      0.0292      0.039      0.755      0.450      -0.047       0.105
yr_2010                      0.0290      0.039      0.751      0.452      -0.047       0.105
yr_2011                      0.0222      0.038      0.590      0.555      -0.052       0.096
yr_2012                      0.0278      0.037      0.745      0.457      -0.045       0.101
yr_2013                      0.0249      0.038      0.658      0.511      -0.049       0.099
yr_2014                      0.0550      0.038      1.441      0.150      -0.020       0.130
yr_2015                     -0.0231      0.038     -0.604      0.546      -0.098       0.052
yr_2016                     -0.0422      0.038     -1.104      0.270      -0.117       0.033
yr_2017                      0.0392      0.039      1.006      0.314      -0.037       0.115
yr_2018                      0.0164      0.040      0.415      0.678      -0.061       0.094
mo_2                         0.0179      0.024      0.758      0.449      -0.028       0.064
mo_3                         0.0042      0.023      0.188      0.851      -0.040       0.049
mo_4                         0.0032      0.023      0.143      0.887      -0.041       0.047
mo_5                        -0.0065      0.024     -0.274      0.784      -0.053       0.040
mo_6                        -0.0092      0.023     -0.396      0.692      -0.055       0.036
mo_7                        -0.0124      0.023     -0.541      0.589      -0.057       0.033
mo_8                        -0.0295      0.022     -1.339      0.181      -0.073       0.014
mo_9                        -0.0110      0.022     -0.495      0.621      -0.055       0.033
mo_10                        0.0073      0.022      0.336      0.737      -0.036       0.050
mo_11                       -0.0069      0.023     -0.303      0.762      -0.052       0.038
mo_12                       -0.0220      0.022     -0.999      0.318      -0.065       0.021
genre_Action                -0.0471      0.013     -3.574      0.000      -0.073      -0.021
genre_Adventure             -0.0038      0.014     -0.268      0.789      -0.032       0.024
genre_Animation             -0.0224      0.022     -1.000      0.318      -0.066       0.022
genre_Biography             -0.1083      0.018     -5.891      0.000      -0.144      -0.072
genre_Comedy                -0.0053      0.012     -0.455      0.649      -0.028       0.018
genre_Crime                 -0.0819      0.013     -6.420      0.000      -0.107      -0.057
genre_Drama                  0.0139      0.012      1.183      0.237      -0.009       0.037
genre_Family                 0.0666      0.018      3.626      0.000       0.031       0.103
genre_Fantasy               -0.0036      0.016     -0.221      0.825      -0.035       0.028
genre_History                0.0647      0.026      2.457      0.014       0.013       0.116
genre_Horror                -0.0272      0.018     -1.508      0.132      -0.063       0.008
genre_Music                  0.0910      0.024      3.757      0.000       0.043       0.138
genre_Musical                0.2928      0.055      5.357      0.000       0.186       0.400
genre_Mystery               -0.0654      0.016     -4.201      0.000      -0.096      -0.035
genre_News                5.126e-18   7.54e-18      0.680      0.497   -9.65e-18    1.99e-17
genre_Romance               -0.0288      0.012     -2.324      0.020      -0.053      -0.005
genre_Sci_Fi                -0.0139      0.017     -0.825      0.409      -0.047       0.019
genre_Short              -2.768e-18   1.75e-18     -1.580      0.114    -6.2e-18    6.67e-19
genre_Sport                 -0.0408      0.025     -1.628      0.104      -0.090       0.008
genre_Thriller              -0.0849      0.013     -6.452      0.000      -0.111      -0.059
genre_War                    0.0196      0.037      0.537      0.592      -0.052       0.091
genre_Western               -0.0256      0.061     -0.422      0.673      -0.145       0.093
==============================================================================
Omnibus:                     1264.172   Durbin-Watson:                   1.949
Prob(Omnibus):                  0.000   Jarque-Bera (JB):            11793.915
Skew:                           1.896   Prob(JB):                         0.00
Kurtosis:                      12.295   Cond. No.                     1.02e+16
==============================================================================

Notes:
[1] Standard Errors assume that the covariance matrix of the errors is correctly specified.
[2] The smallest eigenvalue is 4.43e-27. This might indicate that there are
strong multicollinearity problems or that the design matrix is singular.