                            OLS Regression Results                            
==============================================================================
Dep. Variable:              sd_pooled   R-squared:                       0.553
Model:                            OLS   Adj. R-squared:                  0.543
Method:                 Least Squares   F-statistic:                     53.14
Date:                Sun, 29 Mar 2026   Prob (F-statistic):               0.00
Time:                        15:40:50   Log-Likelihood:                 306.16
No. Observations:                2809   AIC:                            -482.3
Df Residuals:                    2744   BIC:                            -96.19
Df Model:                          64                                         
Covariance Type:            nonrobust                                         
============================================================================================
                               coef    std err          t      P>|t|      [0.025      0.975]
--------------------------------------------------------------------------------------------
const                        3.4364      0.059     57.889      0.000       3.320       3.553
FLead                        0.0469      0.010      4.775      0.000       0.028       0.066
mean_pooled                 -0.2360      0.005    -43.622      0.000      -0.247      -0.225
kim_violence_gore            0.0097      0.003      3.103      0.002       0.004       0.016
kim_sex_nudity               0.0113      0.003      4.502      0.000       0.006       0.016
kim_language                -0.0142      0.002     -6.177      0.000      -0.019      -0.010
major                       -0.0435      0.010     -4.341      0.000      -0.063      -0.024
log_bom_opening_theaters     0.0072      0.002      3.332      0.001       0.003       0.011
genres_count                -0.0094      0.008     -1.175      0.240      -0.025       0.006
yr_1993                     -0.0252      0.044     -0.578      0.564      -0.111       0.060
yr_1994                     -0.0414      0.044     -0.937      0.349      -0.128       0.045
yr_1995                      0.0173      0.043      0.397      0.691      -0.068       0.102
yr_1996                     -0.0294      0.043     -0.691      0.489      -0.113       0.054
yr_1997                     -0.0422      0.043     -0.977      0.329      -0.127       0.043
yr_1998                      0.0454      0.042      1.091      0.275      -0.036       0.127
yr_1999                      0.0351      0.041      0.861      0.389      -0.045       0.115
yr_2000                     -0.0412      0.042     -0.992      0.321      -0.123       0.040
yr_2001                      0.0168      0.041      0.414      0.679      -0.063       0.096
yr_2002                     -0.0258      0.041     -0.633      0.527      -0.106       0.054
yr_2003                     -0.0390      0.041     -0.959      0.338      -0.119       0.041
yr_2004                      0.0153      0.041      0.378      0.705      -0.064       0.095
yr_2005                      0.0269      0.040      0.669      0.503      -0.052       0.106
yr_2006                      0.0553      0.040      1.397      0.163      -0.022       0.133
yr_2007                      0.0586      0.040      1.454      0.146      -0.020       0.138
yr_2008                      0.0434      0.040      1.080      0.280      -0.035       0.122
yr_2009                     -0.0030      0.041     -0.073      0.942      -0.083       0.077
yr_2010                      0.0098      0.040      0.244      0.807      -0.069       0.088
yr_2011                     -0.0040      0.040     -0.100      0.920      -0.082       0.074
yr_2012                     -0.0092      0.039     -0.237      0.812      -0.085       0.067
yr_2013                     -0.0421      0.040     -1.058      0.290      -0.120       0.036
yr_2014                      0.0002      0.040      0.006      0.995      -0.079       0.079
yr_2015                     -0.0719      0.040     -1.799      0.072      -0.150       0.006
yr_2016                     -0.0849      0.040     -2.121      0.034      -0.163      -0.006
yr_2017                      0.0011      0.040      0.026      0.979      -0.078       0.080
yr_2018                     -0.0201      0.041     -0.493      0.622      -0.100       0.060
mo_2                        -0.0150      0.024     -0.617      0.537      -0.063       0.033
mo_3                        -0.0138      0.023     -0.604      0.546      -0.058       0.031
mo_4                         0.0023      0.023      0.099      0.921      -0.043       0.048
mo_5                        -0.0250      0.024     -1.023      0.306      -0.073       0.023
mo_6                        -0.0278      0.024     -1.150      0.250      -0.075       0.020
mo_7                        -0.0294      0.023     -1.266      0.206      -0.075       0.016
mo_8                        -0.0319      0.023     -1.416      0.157      -0.076       0.012
mo_9                        -0.0312      0.023     -1.352      0.176      -0.077       0.014
mo_10                       -0.0095      0.023     -0.415      0.678      -0.054       0.035
mo_11                       -0.0254      0.023     -1.082      0.280      -0.071       0.021
mo_12                       -0.0363      0.022     -1.617      0.106      -0.080       0.008
genre_Action                -0.0512      0.013     -3.847      0.000      -0.077      -0.025
genre_Adventure             -0.0071      0.014     -0.496      0.620      -0.035       0.021
genre_Animation             -0.0311      0.023     -1.372      0.170      -0.075       0.013
genre_Biography             -0.0946      0.018     -5.316      0.000      -0.129      -0.060
genre_Comedy                -0.0051      0.012     -0.436      0.663      -0.028       0.018
genre_Crime                 -0.0914      0.013     -6.959      0.000      -0.117      -0.066
genre_Drama                  0.0199      0.012      1.697      0.090      -0.003       0.043
genre_Family                 0.0619      0.018      3.384      0.001       0.026       0.098
genre_Fantasy                0.0079      0.016      0.506      0.613      -0.023       0.038
genre_History                0.0370      0.025      1.463      0.144      -0.013       0.087
genre_Horror                -0.0390      0.018     -2.146      0.032      -0.075      -0.003
genre_Music                  0.1014      0.024      4.266      0.000       0.055       0.148
genre_Musical                0.3281      0.053      6.152      0.000       0.224       0.433
genre_Mystery               -0.0520      0.016     -3.248      0.001      -0.083      -0.021
genre_News                2.315e-18   2.88e-18      0.803      0.422   -3.34e-18    7.97e-18
genre_Romance               -0.0258      0.013     -2.040      0.041      -0.051      -0.001
genre_Sci_Fi                -0.0065      0.017     -0.388      0.698      -0.039       0.026
genre_Short                 8.3e-19   2.93e-18      0.284      0.777   -4.91e-18    6.57e-18
genre_Sport                 -0.0383      0.026     -1.499      0.134      -0.088       0.012
genre_Thriller              -0.0793      0.013     -5.923      0.000      -0.106      -0.053
genre_War                    0.0062      0.037      0.170      0.865      -0.065       0.078
genre_Western               -0.0505      0.059     -0.858      0.391      -0.166       0.065
==============================================================================
Omnibus:                     1234.580   Durbin-Watson:                   1.984
Prob(Omnibus):                  0.000   Jarque-Bera (JB):            10858.346
Skew:                           1.861   Prob(JB):                         0.00
Kurtosis:                      11.884   Cond. No.                     1.02e+16
==============================================================================

Notes:
[1] Standard Errors assume that the covariance matrix of the errors is correctly specified.
[2] The smallest eigenvalue is 4.43e-27. This might indicate that there are
strong multicollinearity problems or that the design matrix is singular.