                            OLS Regression Results                            
==============================================================================
Dep. Variable:              sd_pooled   R-squared:                       0.566
Model:                            OLS   Adj. R-squared:                  0.555
Method:                 Least Squares   F-statistic:                     55.83
Date:                Sun, 29 Mar 2026   Prob (F-statistic):               0.00
Time:                        15:41:11   Log-Likelihood:                 359.75
No. Observations:                2809   AIC:                            -589.5
Df Residuals:                    2744   BIC:                            -203.4
Df Model:                          64                                         
Covariance Type:            nonrobust                                         
============================================================================================
                               coef    std err          t      P>|t|      [0.025      0.975]
--------------------------------------------------------------------------------------------
const                        3.3827      0.059     57.040      0.000       3.266       3.499
FLead                        0.0479      0.010      4.937      0.000       0.029       0.067
mean_pooled                 -0.2378      0.005    -44.858      0.000      -0.248      -0.227
kim_violence_gore            0.0148      0.003      4.934      0.000       0.009       0.021
kim_sex_nudity               0.0115      0.002      4.637      0.000       0.007       0.016
kim_language                -0.0155      0.002     -6.877      0.000      -0.020      -0.011
major                       -0.0421      0.010     -4.308      0.000      -0.061      -0.023
log_bom_opening_theaters     0.0067      0.002      3.153      0.002       0.003       0.011
genres_count                -0.0101      0.008     -1.280      0.201      -0.026       0.005
yr_1993                     -0.0093      0.044     -0.211      0.833      -0.095       0.077
yr_1994                      0.0037      0.045      0.083      0.934      -0.085       0.092
yr_1995                      0.0458      0.045      1.027      0.305      -0.042       0.133
yr_1996                      0.0037      0.043      0.084      0.933      -0.082       0.089
yr_1997                      0.0130      0.044      0.296      0.767      -0.073       0.099
yr_1998                      0.0586      0.042      1.396      0.163      -0.024       0.141
yr_1999                      0.0638      0.041      1.548      0.122      -0.017       0.145
yr_2000                     -0.0087      0.043     -0.202      0.840      -0.093       0.076
yr_2001                      0.0701      0.042      1.671      0.095      -0.012       0.152
yr_2002                      0.0161      0.042      0.385      0.700      -0.066       0.098
yr_2003                      0.0040      0.042      0.095      0.924      -0.078       0.086
yr_2004                      0.0510      0.042      1.225      0.221      -0.031       0.133
yr_2005                      0.0577      0.041      1.415      0.157      -0.022       0.138
yr_2006                      0.0985      0.042      2.373      0.018       0.017       0.180
yr_2007                      0.0836      0.041      2.050      0.040       0.004       0.163
yr_2008                      0.0446      0.041      1.088      0.277      -0.036       0.125
yr_2009                      0.0260      0.042      0.627      0.531      -0.055       0.108
yr_2010                      0.0294      0.041      0.712      0.477      -0.052       0.110
yr_2011                      0.0184      0.041      0.450      0.652      -0.062       0.098
yr_2012                      0.0160      0.041      0.394      0.693      -0.063       0.095
yr_2013                      0.0118      0.041      0.288      0.773      -0.069       0.092
yr_2014                      0.0317      0.041      0.767      0.443      -0.049       0.113
yr_2015                     -0.0392      0.041     -0.955      0.339      -0.120       0.041
yr_2016                     -0.0503      0.041     -1.219      0.223      -0.131       0.031
yr_2017                      0.0287      0.042      0.686      0.493      -0.053       0.111
yr_2018                      0.0247      0.042      0.595      0.552      -0.057       0.106
mo_2                         0.0255      0.024      1.067      0.286      -0.021       0.072
mo_3                         0.0108      0.022      0.486      0.627      -0.033       0.055
mo_4                         0.0111      0.023      0.490      0.624      -0.033       0.056
mo_5                        -0.0060      0.024     -0.249      0.803      -0.053       0.041
mo_6                        -0.0110      0.024     -0.467      0.641      -0.057       0.035
mo_7                        -0.0020      0.023     -0.089      0.929      -0.047       0.043
mo_8                        -0.0218      0.022     -0.981      0.327      -0.065       0.022
mo_9                        -0.0068      0.022     -0.305      0.760      -0.051       0.037
mo_10                        0.0008      0.022      0.034      0.973      -0.043       0.044
mo_11                       -0.0004      0.023     -0.019      0.985      -0.046       0.045
mo_12                       -0.0113      0.022     -0.514      0.607      -0.054       0.032
genre_Action                -0.0616      0.013     -4.702      0.000      -0.087      -0.036
genre_Adventure             -0.0143      0.014     -1.011      0.312      -0.042       0.013
genre_Animation             -0.0068      0.022     -0.304      0.761      -0.050       0.037
genre_Biography             -0.0738      0.017     -4.302      0.000      -0.107      -0.040
genre_Comedy                -0.0077      0.012     -0.673      0.501      -0.030       0.015
genre_Crime                 -0.0997      0.012     -8.000      0.000      -0.124      -0.075
genre_Drama                  0.0175      0.012      1.506      0.132      -0.005       0.040
genre_Family                 0.0871      0.019      4.685      0.000       0.051       0.124
genre_Fantasy                0.0077      0.016      0.481      0.630      -0.024       0.039
genre_History                0.0236      0.024      0.966      0.334      -0.024       0.071
genre_Horror                -0.0547      0.018     -3.041      0.002      -0.090      -0.019
genre_Music                  0.1217      0.023      5.328      0.000       0.077       0.167
genre_Musical                0.3085      0.056      5.512      0.000       0.199       0.418
genre_Mystery               -0.0617      0.016     -3.860      0.000      -0.093      -0.030
genre_News                3.066e-18   5.28e-18      0.580      0.562   -7.29e-18    1.34e-17
genre_Romance               -0.0144      0.012     -1.169      0.243      -0.039       0.010
genre_Sci_Fi                -0.0086      0.017     -0.513      0.608      -0.041       0.024
genre_Short               6.847e-18   3.85e-18      1.781      0.075   -6.93e-19    1.44e-17
genre_Sport                 -0.0640      0.025     -2.565      0.010      -0.113      -0.015
genre_Thriller              -0.0768      0.013     -5.898      0.000      -0.102      -0.051
genre_War                    0.0144      0.035      0.407      0.684      -0.055       0.084
genre_Western               -0.0466      0.058     -0.807      0.420      -0.160       0.067
==============================================================================
Omnibus:                     1216.783   Durbin-Watson:                   2.035
Prob(Omnibus):                  0.000   Jarque-Bera (JB):            11444.031
Skew:                           1.803   Prob(JB):                         0.00
Kurtosis:                      12.207   Cond. No.                     1.02e+16
==============================================================================

Notes:
[1] Standard Errors assume that the covariance matrix of the errors is correctly specified.
[2] The smallest eigenvalue is 4.47e-27. This might indicate that there are
strong multicollinearity problems or that the design matrix is singular.