                            OLS Regression Results                            
==============================================================================
Dep. Variable:              sd_pooled   R-squared:                       0.561
Model:                            OLS   Adj. R-squared:                  0.554
Method:                 Least Squares   F-statistic:                     78.80
Date:                Sun, 29 Mar 2026   Prob (F-statistic):               0.00
Time:                        15:26:33   Log-Likelihood:                 528.74
No. Observations:                4012   AIC:                            -927.5
Df Residuals:                    3947   BIC:                            -518.2
Df Model:                          64                                         
Covariance Type:            nonrobust                                         
============================================================================================
                               coef    std err          t      P>|t|      [0.025      0.975]
--------------------------------------------------------------------------------------------
const                        3.4398      0.048     71.041      0.000       3.345       3.535
FLead                        0.0461      0.008      5.732      0.000       0.030       0.062
mean_pooled                 -0.2371      0.004    -52.931      0.000      -0.246      -0.228
kim_violence_gore            0.0131      0.003      5.106      0.000       0.008       0.018
kim_sex_nudity               0.0108      0.002      5.339      0.000       0.007       0.015
kim_language                -0.0151      0.002     -8.023      0.000      -0.019      -0.011
major                       -0.0279      0.008     -3.490      0.000      -0.044      -0.012
log_bom_opening_theaters    -0.0012      0.002     -0.709      0.478      -0.005       0.002
genres_count                -0.0077      0.007     -1.136      0.256      -0.021       0.006
yr_1993                     -0.0081      0.034     -0.234      0.815      -0.076       0.060
yr_1994                     -0.0058      0.035     -0.166      0.868      -0.075       0.063
yr_1995                      0.0415      0.035      1.196      0.232      -0.027       0.110
yr_1996                      0.0062      0.034      0.183      0.855      -0.061       0.073
yr_1997                      0.0117      0.035      0.337      0.736      -0.056       0.080
yr_1998                      0.0577      0.033      1.723      0.085      -0.008       0.123
yr_1999                      0.0578      0.033      1.774      0.076      -0.006       0.122
yr_2000                     -0.0096      0.034     -0.286      0.775      -0.076       0.056
yr_2001                      0.0543      0.033      1.645      0.100      -0.010       0.119
yr_2002                      0.0146      0.032      0.449      0.654      -0.049       0.078
yr_2003                     -0.0014      0.033     -0.043      0.966      -0.066       0.063
yr_2004                      0.0603      0.032      1.858      0.063      -0.003       0.124
yr_2005                      0.0454      0.032      1.411      0.158      -0.018       0.109
yr_2006                      0.0954      0.032      2.981      0.003       0.033       0.158
yr_2007                      0.1107      0.032      3.472      0.001       0.048       0.173
yr_2008                      0.0524      0.032      1.632      0.103      -0.011       0.115
yr_2009                      0.0311      0.033      0.958      0.338      -0.033       0.095
yr_2010                      0.0250      0.032      0.771      0.440      -0.039       0.089
yr_2011                      0.0273      0.032      0.859      0.390      -0.035       0.090
yr_2012                      0.0105      0.032      0.330      0.741      -0.052       0.073
yr_2013                      0.0029      0.032      0.092      0.926      -0.060       0.065
yr_2014                      0.0374      0.032      1.161      0.246      -0.026       0.101
yr_2015                     -0.0336      0.032     -1.050      0.294      -0.096       0.029
yr_2016                     -0.0360      0.032     -1.115      0.265      -0.099       0.027
yr_2017                      0.0208      0.033      0.639      0.523      -0.043       0.085
yr_2018                      0.0147      0.033      0.450      0.653      -0.049       0.079
mo_2                         0.0096      0.019      0.494      0.622      -0.029       0.048
mo_3                        -0.0052      0.019     -0.278      0.781      -0.041       0.031
mo_4                        -0.0001      0.019     -0.007      0.994      -0.037       0.037
mo_5                        -0.0153      0.020     -0.777      0.437      -0.054       0.023
mo_6                        -0.0277      0.019     -1.425      0.154      -0.066       0.010
mo_7                        -0.0260      0.019     -1.374      0.170      -0.063       0.011
mo_8                        -0.0258      0.018     -1.413      0.158      -0.062       0.010
mo_9                        -0.0284      0.019     -1.532      0.126      -0.065       0.008
mo_10                       -0.0089      0.018     -0.489      0.625      -0.045       0.027
mo_11                       -0.0259      0.019     -1.381      0.167      -0.063       0.011
mo_12                       -0.0345      0.018     -1.916      0.055      -0.070       0.001
genre_Action                -0.0537      0.011     -5.062      0.000      -0.074      -0.033
genre_Adventure             -0.0050      0.011     -0.447      0.655      -0.027       0.017
genre_Animation             -0.0273      0.018     -1.519      0.129      -0.063       0.008
genre_Biography             -0.0968      0.014     -6.812      0.000      -0.125      -0.069
genre_Comedy                -0.0029      0.010     -0.301      0.764      -0.022       0.016
genre_Crime                 -0.0884      0.010     -8.620      0.000      -0.109      -0.068
genre_Drama                  0.0077      0.009      0.820      0.412      -0.011       0.026
genre_Family                 0.0725      0.015      4.976      0.000       0.044       0.101
genre_Fantasy                0.0046      0.013      0.362      0.717      -0.020       0.029
genre_History                0.0165      0.020      0.807      0.420      -0.024       0.057
genre_Horror                -0.0334      0.015     -2.286      0.022      -0.062      -0.005
genre_Music                  0.1121      0.019      5.855      0.000       0.075       0.150
genre_Musical                0.3205      0.043      7.414      0.000       0.236       0.405
genre_Mystery               -0.0589      0.013     -4.675      0.000      -0.084      -0.034
genre_News               -1.832e-17   7.26e-18     -2.522      0.012   -3.26e-17   -4.08e-18
genre_Romance               -0.0183      0.010     -1.775      0.076      -0.039       0.002
genre_Sci_Fi                -0.0121      0.014     -0.891      0.373      -0.039       0.015
genre_Short              -1.329e-18   2.47e-18     -0.537      0.591   -6.18e-18    3.52e-18
genre_Sport                 -0.0315      0.021     -1.525      0.127      -0.072       0.009
genre_Thriller              -0.0738      0.011     -6.920      0.000      -0.095      -0.053
genre_War                    0.0046      0.029      0.158      0.874      -0.053       0.062
genre_Western               -0.0441      0.052     -0.856      0.392      -0.145       0.057
==============================================================================
Omnibus:                     1681.577   Durbin-Watson:                   2.009
Prob(Omnibus):                  0.000   Jarque-Bera (JB):            14122.686
Skew:                           1.781   Prob(JB):                         0.00
Kurtosis:                      11.473   Cond. No.                     1.02e+16
==============================================================================

Notes:
[1] Standard Errors assume that the covariance matrix of the errors is correctly specified.
[2] The smallest eigenvalue is 6.38e-27. This might indicate that there are
strong multicollinearity problems or that the design matrix is singular.