                            OLS Regression Results                            
==============================================================================
Dep. Variable:              sd_pooled   R-squared:                       0.561
Model:                            OLS   Adj. R-squared:                  0.554
Method:                 Least Squares   F-statistic:                     78.82
Date:                Sun, 29 Mar 2026   Prob (F-statistic):               0.00
Time:                        15:26:47   Log-Likelihood:                 529.05
No. Observations:                4012   AIC:                            -928.1
Df Residuals:                    3947   BIC:                            -518.8
Df Model:                          64                                         
Covariance Type:            nonrobust                                         
============================================================================================
                               coef    std err          t      P>|t|      [0.025      0.975]
--------------------------------------------------------------------------------------------
const                        3.4110      0.049     69.953      0.000       3.315       3.507
FLead                        0.0466      0.008      5.784      0.000       0.031       0.062
mean_pooled                 -0.2350      0.004    -52.499      0.000      -0.244      -0.226
kim_violence_gore            0.0125      0.003      4.882      0.000       0.007       0.018
kim_sex_nudity               0.0112      0.002      5.506      0.000       0.007       0.015
kim_language                -0.0150      0.002     -7.977      0.000      -0.019      -0.011
major                       -0.0331      0.008     -4.136      0.000      -0.049      -0.017
log_bom_opening_theaters     0.0018      0.002      1.057      0.291      -0.002       0.005
genres_count                -0.0081      0.007     -1.201      0.230      -0.021       0.005
yr_1993                     -0.0082      0.034     -0.239      0.811      -0.076       0.059
yr_1994                     -0.0059      0.035     -0.169      0.866      -0.075       0.063
yr_1995                      0.0414      0.035      1.193      0.233      -0.027       0.110
yr_1996                      0.0062      0.034      0.181      0.856      -0.061       0.073
yr_1997                      0.0113      0.035      0.326      0.744      -0.057       0.079
yr_1998                      0.0575      0.033      1.716      0.086      -0.008       0.123
yr_1999                      0.0576      0.033      1.767      0.077      -0.006       0.122
yr_2000                     -0.0098      0.034     -0.291      0.771      -0.076       0.056
yr_2001                      0.0544      0.033      1.646      0.100      -0.010       0.119
yr_2002                      0.0144      0.032      0.445      0.657      -0.049       0.078
yr_2003                     -0.0014      0.033     -0.042      0.967      -0.065       0.063
yr_2004                      0.0603      0.032      1.855      0.064      -0.003       0.124
yr_2005                      0.0457      0.032      1.419      0.156      -0.017       0.109
yr_2006                      0.0955      0.032      2.983      0.003       0.033       0.158
yr_2007                      0.1099      0.032      3.448      0.001       0.047       0.172
yr_2008                      0.0521      0.032      1.622      0.105      -0.011       0.115
yr_2009                      0.0312      0.033      0.959      0.337      -0.033       0.095
yr_2010                      0.0254      0.032      0.785      0.432      -0.038       0.089
yr_2011                      0.0279      0.032      0.877      0.380      -0.034       0.090
yr_2012                      0.0121      0.032      0.383      0.702      -0.050       0.074
yr_2013                      0.0033      0.032      0.105      0.917      -0.059       0.066
yr_2014                      0.0374      0.032      1.159      0.247      -0.026       0.101
yr_2015                     -0.0336      0.032     -1.050      0.294      -0.096       0.029
yr_2016                     -0.0363      0.032     -1.126      0.260      -0.100       0.027
yr_2017                      0.0206      0.033      0.634      0.526      -0.043       0.085
yr_2018                      0.0146      0.033      0.447      0.655      -0.049       0.079
mo_2                         0.0089      0.019      0.456      0.649      -0.029       0.047
mo_3                        -0.0050      0.019     -0.268      0.789      -0.041       0.031
mo_4                        -0.0001      0.019     -0.008      0.994      -0.037       0.037
mo_5                        -0.0146      0.020     -0.738      0.460      -0.053       0.024
mo_6                        -0.0274      0.019     -1.408      0.159      -0.066       0.011
mo_7                        -0.0255      0.019     -1.349      0.177      -0.063       0.012
mo_8                        -0.0258      0.018     -1.414      0.157      -0.062       0.010
mo_9                        -0.0287      0.019     -1.545      0.122      -0.065       0.008
mo_10                       -0.0087      0.018     -0.475      0.635      -0.044       0.027
mo_11                       -0.0259      0.019     -1.381      0.167      -0.063       0.011
mo_12                       -0.0326      0.018     -1.808      0.071      -0.068       0.003
genre_Action                -0.0541      0.011     -5.097      0.000      -0.075      -0.033
genre_Adventure             -0.0053      0.011     -0.470      0.638      -0.027       0.017
genre_Animation             -0.0283      0.018     -1.573      0.116      -0.064       0.007
genre_Biography             -0.0958      0.014     -6.752      0.000      -0.124      -0.068
genre_Comedy                -0.0028      0.010     -0.293      0.769      -0.021       0.016
genre_Crime                 -0.0886      0.010     -8.638      0.000      -0.109      -0.068
genre_Drama                  0.0091      0.009      0.970      0.332      -0.009       0.028
genre_Family                 0.0718      0.015      4.920      0.000       0.043       0.100
genre_Fantasy                0.0049      0.013      0.387      0.698      -0.020       0.030
genre_History                0.0162      0.020      0.792      0.428      -0.024       0.056
genre_Horror                -0.0332      0.015     -2.273      0.023      -0.062      -0.005
genre_Music                  0.1115      0.019      5.823      0.000       0.074       0.149
genre_Musical                0.3206      0.043      7.416      0.000       0.236       0.405
genre_Mystery               -0.0585      0.013     -4.643      0.000      -0.083      -0.034
genre_News               -8.401e-18   6.65e-18     -1.263      0.207   -2.14e-17    4.64e-18
genre_Romance               -0.0184      0.010     -1.783      0.075      -0.039       0.002
genre_Sci_Fi                -0.0123      0.014     -0.910      0.363      -0.039       0.014
genre_Short              -3.308e-18   1.26e-18     -2.631      0.009   -5.77e-18   -8.43e-19
genre_Sport                 -0.0330      0.021     -1.596      0.111      -0.074       0.008
genre_Thriller              -0.0738      0.011     -6.926      0.000      -0.095      -0.053
genre_War                    0.0061      0.029      0.209      0.834      -0.051       0.063
genre_Western               -0.0441      0.052     -0.856      0.392      -0.145       0.057
==============================================================================
Omnibus:                     1675.537   Durbin-Watson:                   2.006
Prob(Omnibus):                  0.000   Jarque-Bera (JB):            14000.577
Skew:                           1.775   Prob(JB):                         0.00
Kurtosis:                      11.435   Cond. No.                     1.02e+16
==============================================================================

Notes:
[1] Standard Errors assume that the covariance matrix of the errors is correctly specified.
[2] The smallest eigenvalue is 6.37e-27. This might indicate that there are
strong multicollinearity problems or that the design matrix is singular.