                            OLS Regression Results                            
==============================================================================
Dep. Variable:              sd_pooled   R-squared:                       0.559
Model:                            OLS   Adj. R-squared:                  0.552
Method:                 Least Squares   F-statistic:                     78.13
Date:                Tue, 31 Mar 2026   Prob (F-statistic):               0.00
Time:                        22:23:03   Log-Likelihood:                 519.16
No. Observations:                4012   AIC:                            -908.3
Df Residuals:                    3947   BIC:                            -499.0
Df Model:                          64                                         
Covariance Type:            nonrobust                                         
============================================================================================
                               coef    std err          t      P>|t|      [0.025      0.975]
--------------------------------------------------------------------------------------------
const                        3.4045      0.049     70.154      0.000       3.309       3.500
FLead                        0.0491      0.008      6.093      0.000       0.033       0.065
mean_pooled                 -0.2355      0.004    -53.378      0.000      -0.244      -0.227
kim_violence_gore            0.0145      0.003      5.763      0.000       0.010       0.019
kim_sex_nudity               0.0043      0.002      1.958      0.050    -4.7e-06       0.009
kim_language                -0.0122      0.002     -6.608      0.000      -0.016      -0.009
major                       -0.0397      0.008     -4.916      0.000      -0.055      -0.024
log_bom_opening_theaters     0.0050      0.002      2.815      0.005       0.002       0.008
genres_count                -0.0138      0.007     -2.042      0.041      -0.027      -0.001
yr_1993                     -0.0082      0.035     -0.237      0.813      -0.076       0.060
yr_1994                     -0.0030      0.035     -0.086      0.931      -0.072       0.066
yr_1995                      0.0407      0.035      1.170      0.242      -0.027       0.109
yr_1996                      0.0036      0.034      0.106      0.915      -0.063       0.071
yr_1997                      0.0055      0.035      0.157      0.875      -0.063       0.074
yr_1998                      0.0567      0.034      1.690      0.091      -0.009       0.123
yr_1999                      0.0615      0.033      1.881      0.060      -0.003       0.126
yr_2000                     -0.0055      0.034     -0.162      0.871      -0.072       0.061
yr_2001                      0.0605      0.033      1.827      0.068      -0.004       0.125
yr_2002                      0.0181      0.033      0.554      0.579      -0.046       0.082
yr_2003                      0.0046      0.033      0.141      0.888      -0.060       0.069
yr_2004                      0.0695      0.033      2.136      0.033       0.006       0.133
yr_2005                      0.0531      0.032      1.644      0.100      -0.010       0.116
yr_2006                      0.1044      0.032      3.253      0.001       0.041       0.167
yr_2007                      0.1169      0.032      3.657      0.000       0.054       0.180
yr_2008                      0.0587      0.032      1.825      0.068      -0.004       0.122
yr_2009                      0.0416      0.033      1.277      0.202      -0.022       0.105
yr_2010                      0.0335      0.032      1.032      0.302      -0.030       0.097
yr_2011                      0.0362      0.032      1.134      0.257      -0.026       0.099
yr_2012                      0.0187      0.032      0.588      0.557      -0.044       0.081
yr_2013                      0.0110      0.032      0.344      0.731      -0.052       0.074
yr_2014                      0.0408      0.032      1.260      0.208      -0.023       0.104
yr_2015                     -0.0284      0.032     -0.886      0.376      -0.091       0.035
yr_2016                     -0.0347      0.032     -1.071      0.284      -0.098       0.029
yr_2017                      0.0228      0.033      0.699      0.484      -0.041       0.087
yr_2018                      0.0144      0.033      0.439      0.660      -0.050       0.079
mo_2                         0.0102      0.020      0.525      0.599      -0.028       0.049
mo_3                        -0.0029      0.019     -0.158      0.874      -0.039       0.033
mo_4                         0.0020      0.019      0.105      0.916      -0.035       0.039
mo_5                        -0.0104      0.020     -0.523      0.601      -0.049       0.028
mo_6                        -0.0233      0.020     -1.194      0.233      -0.062       0.015
mo_7                        -0.0210      0.019     -1.109      0.267      -0.058       0.016
mo_8                        -0.0237      0.018     -1.298      0.194      -0.060       0.012
mo_9                        -0.0260      0.019     -1.396      0.163      -0.062       0.011
mo_10                       -0.0058      0.018     -0.319      0.750      -0.042       0.030
mo_11                       -0.0204      0.019     -1.083      0.279      -0.057       0.017
mo_12                       -0.0250      0.018     -1.372      0.170      -0.061       0.011
genre_Action                -0.0603      0.011     -5.684      0.000      -0.081      -0.040
genre_Adventure             -0.0065      0.011     -0.580      0.562      -0.029       0.016
genre_Animation             -0.0301      0.018     -1.669      0.095      -0.065       0.005
genre_Biography             -0.0899      0.014     -6.295      0.000      -0.118      -0.062
genre_Comedy                 0.0017      0.010      0.173      0.862      -0.017       0.020
genre_Crime                 -0.0885      0.010     -8.604      0.000      -0.109      -0.068
genre_Drama                  0.0150      0.010      1.569      0.117      -0.004       0.034
genre_Family                 0.0654      0.015      4.476      0.000       0.037       0.094
genre_Fantasy                0.0065      0.013      0.509      0.610      -0.018       0.031
genre_History                0.0196      0.020      0.955      0.340      -0.021       0.060
genre_Horror                -0.0411      0.015     -2.819      0.005      -0.070      -0.013
genre_Music                  0.1155      0.019      6.020      0.000       0.078       0.153
genre_Musical                0.3267      0.043      7.543      0.000       0.242       0.412
genre_Mystery               -0.0566      0.013     -4.488      0.000      -0.081      -0.032
genre_News                8.832e-18   4.58e-18      1.927      0.054   -1.54e-19    1.78e-17
genre_Romance               -0.0088      0.010     -0.858      0.391      -0.029       0.011
genre_Sci_Fi                -0.0135      0.014     -0.990      0.322      -0.040       0.013
genre_Short              -5.218e-18   1.63e-18     -3.208      0.001   -8.41e-18   -2.03e-18
genre_Sport                 -0.0394      0.021     -1.893      0.058      -0.080       0.001
genre_Thriller              -0.0753      0.011     -7.044      0.000      -0.096      -0.054
genre_War                    0.0009      0.029      0.031      0.975      -0.056       0.058
genre_Western               -0.0550      0.052     -1.065      0.287      -0.156       0.046
==============================================================================
Omnibus:                     1637.691   Durbin-Watson:                   2.007
Prob(Omnibus):                  0.000   Jarque-Bera (JB):            12968.566
Skew:                           1.744   Prob(JB):                         0.00
Kurtosis:                      11.088   Cond. No.                     1.02e+16
==============================================================================

Notes:
[1] Standard Errors assume that the covariance matrix of the errors is correctly specified.
[2] The smallest eigenvalue is 6.25e-27. This might indicate that there are
strong multicollinearity problems or that the design matrix is singular.