                            OLS Regression Results                            
==============================================================================
Dep. Variable:              sd_pooled   R-squared:                       0.558
Model:                            OLS   Adj. R-squared:                  0.550
Method:                 Least Squares   F-statistic:                     73.88
Date:                Tue, 31 Mar 2026   Prob (F-statistic):               0.00
Time:                        21:22:45   Log-Likelihood:                 471.09
No. Observations:                3812   AIC:                            -812.2
Df Residuals:                    3747   BIC:                            -406.2
Df Model:                          64                                         
Covariance Type:            nonrobust                                         
============================================================================================
                               coef    std err          t      P>|t|      [0.025      0.975]
--------------------------------------------------------------------------------------------
const                        3.3858      0.050     67.898      0.000       3.288       3.484
FLead                        0.0473      0.008      5.729      0.000       0.031       0.064
mean_pooled                 -0.2349      0.005    -51.503      0.000      -0.244      -0.226
kim_violence_gore            0.0121      0.003      4.555      0.000       0.007       0.017
kim_sex_nudity               0.0111      0.002      5.255      0.000       0.007       0.015
kim_language                -0.0154      0.002     -7.765      0.000      -0.019      -0.012
major                       -0.0405      0.008     -4.862      0.000      -0.057      -0.024
log_bom_opening_theaters     0.0064      0.002      3.490      0.000       0.003       0.010
genres_count                -0.0120      0.007     -1.723      0.085      -0.026       0.002
yr_1993                     -0.0047      0.035     -0.134      0.893      -0.073       0.064
yr_1994                     -0.0057      0.036     -0.159      0.873      -0.076       0.064
yr_1995                      0.0378      0.035      1.066      0.287      -0.032       0.107
yr_1996                      0.0112      0.035      0.323      0.747      -0.057       0.079
yr_1997                      0.0099      0.035      0.280      0.780      -0.059       0.079
yr_1998                      0.0594      0.034      1.737      0.083      -0.008       0.127
yr_1999                      0.0627      0.033      1.895      0.058      -0.002       0.128
yr_2000                     -0.0065      0.034     -0.190      0.850      -0.073       0.060
yr_2001                      0.0553      0.034      1.636      0.102      -0.011       0.122
yr_2002                      0.0164      0.033      0.495      0.620      -0.048       0.081
yr_2003                     -0.0067      0.033     -0.200      0.841      -0.072       0.058
yr_2004                      0.0626      0.033      1.904      0.057      -0.002       0.127
yr_2005                      0.0494      0.033      1.513      0.130      -0.015       0.113
yr_2006                      0.1031      0.033      3.168      0.002       0.039       0.167
yr_2007                      0.1133      0.032      3.507      0.000       0.050       0.177
yr_2008                      0.0502      0.033      1.537      0.124      -0.014       0.114
yr_2009                      0.0299      0.033      0.907      0.365      -0.035       0.094
yr_2010                      0.0282      0.033      0.857      0.392      -0.036       0.093
yr_2011                      0.0300      0.032      0.930      0.353      -0.033       0.093
yr_2012                      0.0131      0.032      0.407      0.684      -0.050       0.076
yr_2013                      0.0110      0.033      0.339      0.735      -0.053       0.075
yr_2014                      0.0452      0.033      1.383      0.167      -0.019       0.109
yr_2015                     -0.0306      0.033     -0.941      0.347      -0.094       0.033
yr_2016                     -0.0287      0.033     -0.873      0.383      -0.093       0.036
yr_2017                      0.0307      0.033      0.923      0.356      -0.035       0.096
yr_2018                      0.0138      0.033      0.415      0.678      -0.052       0.079
mo_2                         0.0131      0.020      0.645      0.519      -0.027       0.053
mo_3                         0.0052      0.019      0.270      0.787      -0.033       0.043
mo_4                         0.0053      0.020      0.272      0.786      -0.033       0.044
mo_5                        -0.0070      0.021     -0.343      0.732      -0.047       0.033
mo_6                        -0.0232      0.020     -1.146      0.252      -0.063       0.016
mo_7                        -0.0204      0.020     -1.036      0.300      -0.059       0.018
mo_8                        -0.0210      0.019     -1.102      0.270      -0.058       0.016
mo_9                        -0.0185      0.019     -0.949      0.343      -0.057       0.020
mo_10                        0.0015      0.019      0.080      0.936      -0.036       0.039
mo_11                       -0.0184      0.020     -0.945      0.345      -0.057       0.020
mo_12                       -0.0202      0.019     -1.068      0.285      -0.057       0.017
genre_Action                -0.0555      0.011     -5.039      0.000      -0.077      -0.034
genre_Adventure             -0.0058      0.012     -0.496      0.620      -0.028       0.017
genre_Animation             -0.0272      0.018     -1.491      0.136      -0.063       0.009
genre_Biography             -0.0884      0.015     -5.995      0.000      -0.117      -0.059
genre_Comedy                -0.0055      0.010     -0.562      0.574      -0.025       0.014
genre_Crime                 -0.0883      0.011     -8.254      0.000      -0.109      -0.067
genre_Drama                  0.0179      0.010      1.820      0.069      -0.001       0.037
genre_Family                 0.0718      0.015      4.845      0.000       0.043       0.101
genre_Fantasy                0.0060      0.013      0.463      0.643      -0.019       0.031
genre_History                0.0147      0.021      0.709      0.478      -0.026       0.055
genre_Horror                -0.0383      0.015     -2.522      0.012      -0.068      -0.009
genre_Music                  0.1074      0.020      5.452      0.000       0.069       0.146
genre_Musical                0.3203      0.044      7.341      0.000       0.235       0.406
genre_Mystery               -0.0601      0.013     -4.597      0.000      -0.086      -0.034
genre_News                 3.82e-19    5.1e-18      0.075      0.940   -9.61e-18    1.04e-17
genre_Romance               -0.0177      0.011     -1.679      0.093      -0.038       0.003
genre_Sci_Fi                -0.0110      0.014     -0.795      0.427      -0.038       0.016
genre_Short              -1.705e-20   4.64e-19     -0.037      0.971   -9.26e-19    8.92e-19
genre_Sport                 -0.0455      0.021     -2.127      0.033      -0.087      -0.004
genre_Thriller              -0.0720      0.011     -6.466      0.000      -0.094      -0.050
genre_War                    0.0139      0.030      0.466      0.641      -0.044       0.072
genre_Western               -0.0485      0.052     -0.933      0.351      -0.150       0.053
==============================================================================
Omnibus:                     1553.136   Durbin-Watson:                   1.998
Prob(Omnibus):                  0.000   Jarque-Bera (JB):            12223.482
Skew:                           1.741   Prob(JB):                         0.00
Kurtosis:                      11.052   Cond. No.                     1.02e+16
==============================================================================

Notes:
[1] Standard Errors assume that the covariance matrix of the errors is correctly specified.
[2] The smallest eigenvalue is 5.95e-27. This might indicate that there are
strong multicollinearity problems or that the design matrix is singular.