                            OLS Regression Results                            
==============================================================================
Dep. Variable:              sd_pooled   R-squared:                       0.562
Model:                            OLS   Adj. R-squared:                  0.555
Method:                 Least Squares   F-statistic:                     79.10
Date:                Tue, 31 Mar 2026   Prob (F-statistic):               0.00
Time:                        11:34:16   Log-Likelihood:                 533.06
No. Observations:                4012   AIC:                            -936.1
Df Residuals:                    3947   BIC:                            -526.8
Df Model:                          64                                         
Covariance Type:            nonrobust                                         
============================================================================================
                               coef    std err          t      P>|t|      [0.025      0.975]
--------------------------------------------------------------------------------------------
const                        3.3818      0.048     69.923      0.000       3.287       3.477
FLead                        0.0468      0.008      5.824      0.000       0.031       0.063
mean_pooled                 -0.2337      0.004    -53.067      0.000      -0.242      -0.225
kim_violence_gore            0.0122      0.003      4.783      0.000       0.007       0.017
kim_sex_nudity               0.0115      0.002      5.656      0.000       0.007       0.015
kim_language                -0.0149      0.002     -7.972      0.000      -0.019      -0.011
major                       -0.0391      0.008     -4.866      0.000      -0.055      -0.023
log_bom_opening_theaters     0.0053      0.002      3.001      0.003       0.002       0.009
genres_count                -0.0094      0.007     -1.394      0.164      -0.023       0.004
yr_1993                     -0.0063      0.034     -0.184      0.854      -0.074       0.061
yr_1994                     -0.0032      0.035     -0.090      0.928      -0.072       0.066
yr_1995                      0.0435      0.035      1.254      0.210      -0.024       0.112
yr_1996                      0.0086      0.034      0.252      0.801      -0.058       0.075
yr_1997                      0.0130      0.035      0.374      0.709      -0.055       0.081
yr_1998                      0.0590      0.033      1.765      0.078      -0.007       0.125
yr_1999                      0.0601      0.033      1.845      0.065      -0.004       0.124
yr_2000                     -0.0089      0.034     -0.265      0.791      -0.075       0.057
yr_2001                      0.0556      0.033      1.686      0.092      -0.009       0.120
yr_2002                      0.0160      0.032      0.492      0.623      -0.048       0.080
yr_2003                     -0.0006      0.033     -0.017      0.986      -0.065       0.063
yr_2004                      0.0611      0.032      1.883      0.060      -0.003       0.125
yr_2005                      0.0477      0.032      1.484      0.138      -0.015       0.111
yr_2006                      0.0964      0.032      3.016      0.003       0.034       0.159
yr_2007                      0.1104      0.032      3.466      0.001       0.048       0.173
yr_2008                      0.0520      0.032      1.622      0.105      -0.011       0.115
yr_2009                      0.0317      0.032      0.976      0.329      -0.032       0.095
yr_2010                      0.0263      0.032      0.811      0.417      -0.037       0.090
yr_2011                      0.0294      0.032      0.924      0.356      -0.033       0.092
yr_2012                      0.0145      0.032      0.459      0.646      -0.048       0.077
yr_2013                      0.0068      0.032      0.212      0.832      -0.056       0.069
yr_2014                      0.0393      0.032      1.221      0.222      -0.024       0.102
yr_2015                     -0.0316      0.032     -0.989      0.323      -0.094       0.031
yr_2016                     -0.0358      0.032     -1.111      0.267      -0.099       0.027
yr_2017                      0.0208      0.033      0.639      0.523      -0.043       0.085
yr_2018                      0.0150      0.033      0.459      0.646      -0.049       0.079
mo_2                         0.0079      0.019      0.407      0.684      -0.030       0.046
mo_3                        -0.0041      0.019     -0.224      0.823      -0.040       0.032
mo_4                         0.0006      0.019      0.030      0.976      -0.036       0.037
mo_5                        -0.0126      0.020     -0.640      0.522      -0.051       0.026
mo_6                        -0.0253      0.019     -1.301      0.193      -0.063       0.013
mo_7                        -0.0234      0.019     -1.235      0.217      -0.060       0.014
mo_8                        -0.0252      0.018     -1.384      0.166      -0.061       0.011
mo_9                        -0.0276      0.019     -1.489      0.137      -0.064       0.009
mo_10                       -0.0070      0.018     -0.384      0.701      -0.043       0.029
mo_11                       -0.0242      0.019     -1.292      0.196      -0.061       0.013
mo_12                       -0.0266      0.018     -1.468      0.142      -0.062       0.009
genre_Action                -0.0554      0.011     -5.218      0.000      -0.076      -0.035
genre_Adventure             -0.0059      0.011     -0.524      0.600      -0.028       0.016
genre_Animation             -0.0281      0.018     -1.562      0.118      -0.063       0.007
genre_Biography             -0.0923      0.014     -6.485      0.000      -0.120      -0.064
genre_Comedy                -0.0032      0.010     -0.332      0.740      -0.022       0.016
genre_Crime                 -0.0890      0.010     -8.689      0.000      -0.109      -0.069
genre_Drama                  0.0134      0.010      1.412      0.158      -0.005       0.032
genre_Family                 0.0712      0.015      4.888      0.000       0.043       0.100
genre_Fantasy                0.0041      0.013      0.327      0.744      -0.021       0.029
genre_History                0.0182      0.020      0.890      0.373      -0.022       0.058
genre_Horror                -0.0341      0.015     -2.336      0.020      -0.063      -0.005
genre_Music                  0.1116      0.019      5.836      0.000       0.074       0.149
genre_Musical                0.3186      0.043      7.377      0.000       0.234       0.403
genre_Mystery               -0.0588      0.013     -4.675      0.000      -0.083      -0.034
genre_News               -1.873e-18   6.84e-18     -0.274      0.784   -1.53e-17    1.15e-17
genre_Romance               -0.0185      0.010     -1.799      0.072      -0.039       0.002
genre_Sci_Fi                -0.0128      0.014     -0.941      0.347      -0.039       0.014
genre_Short              -3.199e-18   3.93e-18     -0.813      0.416   -1.09e-17    4.51e-18
genre_Sport                 -0.0373      0.021     -1.800      0.072      -0.078       0.003
genre_Thriller              -0.0740      0.011     -6.950      0.000      -0.095      -0.053
genre_War                    0.0101      0.029      0.348      0.728      -0.047       0.067
genre_Western               -0.0474      0.051     -0.921      0.357      -0.148       0.054
==============================================================================
Omnibus:                     1649.101   Durbin-Watson:                   2.006
Prob(Omnibus):                  0.000   Jarque-Bera (JB):            13381.919
Skew:                           1.751   Prob(JB):                         0.00
Kurtosis:                      11.234   Cond. No.                     1.02e+16
==============================================================================

Notes:
[1] Standard Errors assume that the covariance matrix of the errors is correctly specified.
[2] The smallest eigenvalue is 6.39e-27. This might indicate that there are
strong multicollinearity problems or that the design matrix is singular.