                            OLS Regression Results                            
==============================================================================
Dep. Variable:              sd_pooled   R-squared:                       0.562
Model:                            OLS   Adj. R-squared:                  0.555
Method:                 Least Squares   F-statistic:                     79.09
Date:                Tue, 31 Mar 2026   Prob (F-statistic):               0.00
Time:                        20:43:02   Log-Likelihood:                 532.86
No. Observations:                4012   AIC:                            -935.7
Df Residuals:                    3947   BIC:                            -526.4
Df Model:                          64                                         
Covariance Type:            nonrobust                                         
============================================================================================
                               coef    std err          t      P>|t|      [0.025      0.975]
--------------------------------------------------------------------------------------------
const                        3.3784      0.048     69.795      0.000       3.284       3.473
FLead                        0.0468      0.008      5.817      0.000       0.031       0.063
mean_pooled                 -0.2333      0.004    -52.982      0.000      -0.242      -0.225
kim_violence_gore            0.0117      0.003      4.635      0.000       0.007       0.017
kim_sex_nudity               0.0117      0.002      5.766      0.000       0.008       0.016
kim_language                -0.0149      0.002     -7.948      0.000      -0.019      -0.011
major                       -0.0397      0.008     -4.934      0.000      -0.055      -0.024
log_bom_opening_theaters     0.0056      0.002      3.175      0.002       0.002       0.009
genres_count                -0.0092      0.007     -1.363      0.173      -0.022       0.004
yr_1993                     -0.0058      0.034     -0.167      0.867      -0.073       0.062
yr_1994                     -0.0027      0.035     -0.078      0.938      -0.072       0.066
yr_1995                      0.0439      0.035      1.266      0.206      -0.024       0.112
yr_1996                      0.0091      0.034      0.267      0.790      -0.058       0.076
yr_1997                      0.0136      0.035      0.391      0.696      -0.054       0.082
yr_1998                      0.0592      0.033      1.771      0.077      -0.006       0.125
yr_1999                      0.0605      0.033      1.857      0.063      -0.003       0.124
yr_2000                     -0.0067      0.034     -0.200      0.842      -0.072       0.059
yr_2001                      0.0562      0.033      1.702      0.089      -0.009       0.121
yr_2002                      0.0165      0.032      0.508      0.611      -0.047       0.080
yr_2003                      0.0001      0.033      0.005      0.996      -0.064       0.064
yr_2004                      0.0613      0.032      1.890      0.059      -0.002       0.125
yr_2005                      0.0484      0.032      1.503      0.133      -0.015       0.111
yr_2006                      0.0974      0.032      3.047      0.002       0.035       0.160
yr_2007                      0.1109      0.032      3.482      0.001       0.048       0.173
yr_2008                      0.0525      0.032      1.637      0.102      -0.010       0.115
yr_2009                      0.0318      0.032      0.978      0.328      -0.032       0.095
yr_2010                      0.0278      0.032      0.859      0.390      -0.036       0.091
yr_2011                      0.0301      0.032      0.948      0.343      -0.032       0.092
yr_2012                      0.0149      0.032      0.472      0.637      -0.047       0.077
yr_2013                      0.0072      0.032      0.226      0.821      -0.055       0.070
yr_2014                      0.0395      0.032      1.226      0.220      -0.024       0.103
yr_2015                     -0.0315      0.032     -0.986      0.324      -0.094       0.031
yr_2016                     -0.0351      0.032     -1.089      0.276      -0.098       0.028
yr_2017                      0.0208      0.033      0.640      0.522      -0.043       0.085
yr_2018                      0.0151      0.033      0.463      0.644      -0.049       0.079
mo_2                         0.0080      0.019      0.413      0.680      -0.030       0.046
mo_3                        -0.0044      0.019     -0.237      0.813      -0.041       0.032
mo_4                         0.0005      0.019      0.026      0.979      -0.036       0.037
mo_5                        -0.0127      0.020     -0.642      0.521      -0.051       0.026
mo_6                        -0.0257      0.019     -1.321      0.186      -0.064       0.012
mo_7                        -0.0233      0.019     -1.235      0.217      -0.060       0.014
mo_8                        -0.0249      0.018     -1.365      0.172      -0.061       0.011
mo_9                        -0.0279      0.019     -1.501      0.133      -0.064       0.009
mo_10                       -0.0071      0.018     -0.390      0.697      -0.043       0.029
mo_11                       -0.0243      0.019     -1.296      0.195      -0.061       0.012
mo_12                       -0.0264      0.018     -1.455      0.146      -0.062       0.009
genre_Action                -0.0550      0.011     -5.185      0.000      -0.076      -0.034
genre_Adventure             -0.0060      0.011     -0.538      0.591      -0.028       0.016
genre_Animation             -0.0284      0.018     -1.583      0.114      -0.064       0.007
genre_Biography             -0.0921      0.014     -6.469      0.000      -0.120      -0.064
genre_Comedy                -0.0038      0.010     -0.404      0.686      -0.022       0.015
genre_Crime                 -0.0891      0.010     -8.690      0.000      -0.109      -0.069
genre_Drama                  0.0133      0.010      1.397      0.162      -0.005       0.032
genre_Family                 0.0708      0.015      4.861      0.000       0.042       0.099
genre_Fantasy                0.0043      0.013      0.338      0.735      -0.021       0.029
genre_History                0.0184      0.020      0.901      0.368      -0.022       0.058
genre_Horror                -0.0328      0.015     -2.251      0.024      -0.061      -0.004
genre_Music                  0.1108      0.019      5.798      0.000       0.073       0.148
genre_Musical                0.3182      0.043      7.367      0.000       0.233       0.403
genre_Mystery               -0.0591      0.013     -4.697      0.000      -0.084      -0.034
genre_News               -4.019e-18   3.84e-18     -1.046      0.295   -1.15e-17    3.51e-18
genre_Romance               -0.0194      0.010     -1.892      0.059      -0.040       0.001
genre_Sci_Fi                -0.0125      0.014     -0.922      0.357      -0.039       0.014
genre_Short               1.115e-17   3.99e-18      2.796      0.005    3.33e-18     1.9e-17
genre_Sport                 -0.0381      0.021     -1.839      0.066      -0.079       0.003
genre_Thriller              -0.0737      0.011     -6.922      0.000      -0.095      -0.053
genre_War                    0.0120      0.029      0.412      0.680      -0.045       0.069
genre_Western               -0.0469      0.051     -0.911      0.363      -0.148       0.054
==============================================================================
Omnibus:                     1646.898   Durbin-Watson:                   2.007
Prob(Omnibus):                  0.000   Jarque-Bera (JB):            13345.214
Skew:                           1.748   Prob(JB):                         0.00
Kurtosis:                      11.222   Cond. No.                     1.02e+16
==============================================================================

Notes:
[1] Standard Errors assume that the covariance matrix of the errors is correctly specified.
[2] The smallest eigenvalue is 6.38e-27. This might indicate that there are
strong multicollinearity problems or that the design matrix is singular.