                            OLS Regression Results                            
==============================================================================
Dep. Variable:              sd_pooled   R-squared:                       0.571
Model:                            OLS   Adj. R-squared:                  0.560
Method:                 Least Squares   F-statistic:                     48.78
Date:                Sun, 29 Mar 2026   Prob (F-statistic):               0.00
Time:                        15:23:00   Log-Likelihood:                 405.02
No. Observations:                2408   AIC:                            -680.0
Df Residuals:                    2343   BIC:                            -303.9
Df Model:                          64                                         
Covariance Type:            nonrobust                                         
============================================================================================
                               coef    std err          t      P>|t|      [0.025      0.975]
--------------------------------------------------------------------------------------------
const                        3.3546      0.058     57.962      0.000       3.241       3.468
FLead                        0.0439      0.010      4.307      0.000       0.024       0.064
mean_pooled                 -0.2262      0.006    -40.884      0.000      -0.237      -0.215
kim_violence_gore            0.0098      0.003      3.050      0.002       0.004       0.016
kim_sex_nudity               0.0110      0.003      4.291      0.000       0.006       0.016
kim_language                -0.0143      0.002     -6.092      0.000      -0.019      -0.010
major                       -0.0365      0.010     -3.614      0.000      -0.056      -0.017
log_bom_opening_theaters     0.0043      0.002      1.918      0.055   -9.62e-05       0.009
genres_count                -0.0116      0.009     -1.297      0.195      -0.029       0.006
yr_1993                      0.0119      0.041      0.287      0.774      -0.069       0.093
yr_1994                     -0.0129      0.042     -0.309      0.757      -0.095       0.069
yr_1995                      0.0487      0.043      1.131      0.258      -0.036       0.133
yr_1996                      0.0182      0.041      0.448      0.654      -0.062       0.098
yr_1997                     -0.0023      0.040     -0.058      0.954      -0.081       0.077
yr_1998                      0.0689      0.040      1.732      0.083      -0.009       0.147
yr_1999                      0.0675      0.039      1.724      0.085      -0.009       0.144
yr_2000                     -0.0045      0.040     -0.115      0.909      -0.082       0.073
yr_2001                      0.0468      0.039      1.188      0.235      -0.030       0.124
yr_2002                      0.0217      0.039      0.561      0.575      -0.054       0.098
yr_2003                      0.0001      0.039      0.003      0.998      -0.076       0.077
yr_2004                      0.0745      0.039      1.933      0.053      -0.001       0.150
yr_2005                      0.0305      0.038      0.800      0.424      -0.044       0.105
yr_2006                      0.1143      0.038      3.022      0.003       0.040       0.189
yr_2007                      0.1111      0.038      2.963      0.003       0.038       0.185
yr_2008                      0.0723      0.038      1.890      0.059      -0.003       0.147
yr_2009                      0.0220      0.039      0.571      0.568      -0.054       0.098
yr_2010                      0.0523      0.039      1.349      0.178      -0.024       0.128
yr_2011                      0.0448      0.037      1.199      0.230      -0.028       0.118
yr_2012                      0.0052      0.037      0.142      0.887      -0.067       0.078
yr_2013                      0.0093      0.038      0.246      0.805      -0.065       0.084
yr_2014                      0.0260      0.037      0.695      0.487      -0.047       0.099
yr_2015                     -0.0445      0.038     -1.183      0.237      -0.118       0.029
yr_2016                     -0.0312      0.038     -0.824      0.410      -0.105       0.043
yr_2017                      0.0429      0.039      1.102      0.271      -0.033       0.119
yr_2018                      0.0103      0.039      0.265      0.791      -0.066       0.086
mo_2                        -0.0324      0.024     -1.327      0.185      -0.080       0.015
mo_3                        -0.0283      0.023     -1.221      0.222      -0.074       0.017
mo_4                        -0.0045      0.023     -0.195      0.845      -0.050       0.041
mo_5                        -0.0160      0.025     -0.642      0.521      -0.065       0.033
mo_6                        -0.0212      0.024     -0.884      0.377      -0.068       0.026
mo_7                        -0.0404      0.024     -1.710      0.087      -0.087       0.006
mo_8                        -0.0374      0.022     -1.669      0.095      -0.081       0.007
mo_9                        -0.0464      0.023     -2.018      0.044      -0.091      -0.001
mo_10                       -0.0222      0.023     -0.983      0.326      -0.066       0.022
mo_11                       -0.0276      0.024     -1.175      0.240      -0.074       0.018
mo_12                       -0.0504      0.023     -2.218      0.027      -0.095      -0.006
genre_Action                -0.0435      0.014     -3.188      0.001      -0.070      -0.017
genre_Adventure              0.0036      0.014      0.251      0.802      -0.025       0.032
genre_Animation             -0.0479      0.023     -2.082      0.037      -0.093      -0.003
genre_Biography             -0.0871      0.018     -4.808      0.000      -0.123      -0.052
genre_Comedy                 0.0013      0.012      0.106      0.916      -0.023       0.026
genre_Crime                 -0.0810      0.013     -6.104      0.000      -0.107      -0.055
genre_Drama                  0.0056      0.012      0.460      0.646      -0.018       0.029
genre_Family                 0.0675      0.019      3.616      0.000       0.031       0.104
genre_Fantasy                0.0058      0.016      0.355      0.723      -0.026       0.038
genre_History                0.0117      0.025      0.474      0.635      -0.037       0.060
genre_Horror                -0.0214      0.018     -1.181      0.238      -0.057       0.014
genre_Music                  0.0895      0.025      3.612      0.000       0.041       0.138
genre_Musical                0.4056      0.064      6.367      0.000       0.281       0.530
genre_Mystery               -0.0460      0.016     -2.929      0.003      -0.077      -0.015
genre_News                9.434e-18   5.65e-18      1.671      0.095   -1.64e-18    2.05e-17
genre_Romance               -0.0219      0.014     -1.601      0.110      -0.049       0.005
genre_Sci_Fi                -0.0118      0.017     -0.701      0.483      -0.045       0.021
genre_Short              -1.258e-18   2.96e-18     -0.425      0.671   -7.06e-18    4.55e-18
genre_Sport                 -0.0251      0.025     -0.998      0.319      -0.074       0.024
genre_Thriller              -0.0818      0.014     -6.031      0.000      -0.108      -0.055
genre_War                   -0.0360      0.041     -0.880      0.379      -0.116       0.044
genre_Western               -0.0986      0.076     -1.300      0.194      -0.247       0.050
==============================================================================
Omnibus:                     1062.068   Durbin-Watson:                   1.978
Prob(Omnibus):                  0.000   Jarque-Bera (JB):            11483.076
Skew:                           1.790   Prob(JB):                         0.00
Kurtosis:                      13.081   Cond. No.                     1.02e+16
==============================================================================

Notes:
[1] Standard Errors assume that the covariance matrix of the errors is correctly specified.
[2] The smallest eigenvalue is 3.86e-27. This might indicate that there are
strong multicollinearity problems or that the design matrix is singular.