                            OLS Regression Results                            
==============================================================================
Dep. Variable:              sd_pooled   R-squared:                       0.560
Model:                            OLS   Adj. R-squared:                  0.553
Method:                 Least Squares   F-statistic:                     78.50
Date:                Sun, 29 Mar 2026   Prob (F-statistic):               0.00
Time:                        15:56:58   Log-Likelihood:                 524.40
No. Observations:                4012   AIC:                            -918.8
Df Residuals:                    3947   BIC:                            -509.5
Df Model:                          64                                         
Covariance Type:            nonrobust                                         
============================================================================================
                               coef    std err          t      P>|t|      [0.025      0.975]
--------------------------------------------------------------------------------------------
const                        3.3849      0.049     69.736      0.000       3.290       3.480
FLead                        0.0452      0.008      5.614      0.000       0.029       0.061
mean_pooled                 -0.2322      0.004    -52.718      0.000      -0.241      -0.224
kim_violence_gore            0.0052      0.002      2.190      0.029       0.001       0.010
kim_sex_nudity               0.0129      0.002      6.409      0.000       0.009       0.017
kim_language                -0.0137      0.002     -7.363      0.000      -0.017      -0.010
major                       -0.0406      0.008     -5.035      0.000      -0.056      -0.025
log_bom_opening_theaters     0.0060      0.002      3.380      0.001       0.003       0.009
genres_count                -0.0063      0.007     -0.936      0.349      -0.020       0.007
yr_1993                     -0.0011      0.035     -0.033      0.974      -0.069       0.067
yr_1994                     -0.0001      0.035     -0.003      0.997      -0.069       0.069
yr_1995                      0.0474      0.035      1.362      0.173      -0.021       0.116
yr_1996                      0.0121      0.034      0.356      0.722      -0.055       0.079
yr_1997                      0.0167      0.035      0.479      0.632      -0.052       0.085
yr_1998                      0.0607      0.034      1.810      0.070      -0.005       0.126
yr_1999                      0.0648      0.033      1.984      0.047       0.001       0.129
yr_2000                     -0.0052      0.034     -0.154      0.877      -0.071       0.061
yr_2001                      0.0624      0.033      1.888      0.059      -0.002       0.127
yr_2002                      0.0199      0.033      0.612      0.541      -0.044       0.084
yr_2003                      0.0038      0.033      0.115      0.908      -0.060       0.068
yr_2004                      0.0673      0.032      2.072      0.038       0.004       0.131
yr_2005                      0.0540      0.032      1.675      0.094      -0.009       0.117
yr_2006                      0.1041      0.032      3.248      0.001       0.041       0.167
yr_2007                      0.1176      0.032      3.685      0.000       0.055       0.180
yr_2008                      0.0583      0.032      1.814      0.070      -0.005       0.121
yr_2009                      0.0385      0.033      1.182      0.237      -0.025       0.102
yr_2010                      0.0332      0.032      1.022      0.307      -0.030       0.097
yr_2011                      0.0353      0.032      1.108      0.268      -0.027       0.098
yr_2012                      0.0202      0.032      0.635      0.525      -0.042       0.082
yr_2013                      0.0118      0.032      0.368      0.713      -0.051       0.074
yr_2014                      0.0425      0.032      1.316      0.188      -0.021       0.106
yr_2015                     -0.0294      0.032     -0.918      0.358      -0.092       0.033
yr_2016                     -0.0322      0.032     -0.997      0.319      -0.096       0.031
yr_2017                      0.0228      0.033      0.697      0.486      -0.041       0.087
yr_2018                      0.0181      0.033      0.553      0.580      -0.046       0.082
mo_2                         0.0075      0.019      0.386      0.699      -0.031       0.046
mo_3                        -0.0039      0.019     -0.211      0.833      -0.040       0.032
mo_4                         0.0018      0.019      0.098      0.922      -0.035       0.039
mo_5                        -0.0128      0.020     -0.646      0.519      -0.052       0.026
mo_6                        -0.0259      0.019     -1.328      0.184      -0.064       0.012
mo_7                        -0.0240      0.019     -1.265      0.206      -0.061       0.013
mo_8                        -0.0257      0.018     -1.409      0.159      -0.062       0.010
mo_9                        -0.0284      0.019     -1.527      0.127      -0.065       0.008
mo_10                       -0.0057      0.018     -0.311      0.756      -0.041       0.030
mo_11                       -0.0236      0.019     -1.255      0.209      -0.060       0.013
mo_12                       -0.0252      0.018     -1.387      0.166      -0.061       0.010
genre_Action                -0.0482      0.011     -4.578      0.000      -0.069      -0.028
genre_Adventure             -0.0060      0.011     -0.533      0.594      -0.028       0.016
genre_Animation             -0.0330      0.018     -1.833      0.067      -0.068       0.002
genre_Biography             -0.0951      0.014     -6.673      0.000      -0.123      -0.067
genre_Comedy                -0.0137      0.009     -1.470      0.142      -0.032       0.005
genre_Crime                 -0.0853      0.010     -8.330      0.000      -0.105      -0.065
genre_Drama                  0.0096      0.009      1.009      0.313      -0.009       0.028
genre_Family                 0.0667      0.015      4.574      0.000       0.038       0.095
genre_Fantasy                0.0051      0.013      0.402      0.687      -0.020       0.030
genre_History                0.0214      0.020      1.048      0.295      -0.019       0.062
genre_Horror                -0.0157      0.014     -1.125      0.261      -0.043       0.012
genre_Music                  0.1025      0.019      5.376      0.000       0.065       0.140
genre_Musical                0.3131      0.043      7.238      0.000       0.228       0.398
genre_Mystery               -0.0615      0.013     -4.867      0.000      -0.086      -0.037
genre_News               -5.008e-18   5.08e-18     -0.987      0.324    -1.5e-17    4.95e-18
genre_Romance               -0.0275      0.010     -2.711      0.007      -0.047      -0.008
genre_Sci_Fi                -0.0130      0.014     -0.953      0.341      -0.040       0.014
genre_Short              -1.062e-18   3.83e-18     -0.277      0.782   -8.57e-18    6.45e-18
genre_Sport                 -0.0421      0.021     -2.031      0.042      -0.083      -0.001
genre_Thriller              -0.0726      0.011     -6.803      0.000      -0.093      -0.052
genre_War                    0.0245      0.029      0.844      0.399      -0.032       0.081
genre_Western               -0.0357      0.052     -0.693      0.488      -0.137       0.065
==============================================================================
Omnibus:                     1654.031   Durbin-Watson:                   2.006
Prob(Omnibus):                  0.000   Jarque-Bera (JB):            13502.444
Skew:                           1.755   Prob(JB):                         0.00
Kurtosis:                      11.274   Cond. No.                     1.02e+16
==============================================================================

Notes:
[1] Standard Errors assume that the covariance matrix of the errors is correctly specified.
[2] The smallest eigenvalue is 6.29e-27. This might indicate that there are
strong multicollinearity problems or that the design matrix is singular.